MD,X,Y,Z,ANCC,ASTNU,ASTNL,EGFDU,EGFDL,BUDA,TVT,GR,TVT_input
12127.0,3022553.42,1081748.7,-9916.0,-10312.97,-10478.83,-10523.59,-10588.59,-10619.59,-10782.59,11941.87,112.06389434434384,11941.87
12128.0,3022553.39,1081748.68,-9917.0,-10312.96,-10478.82,-10523.58,-10588.58,-10619.58,-10782.58,11942.87,112.5040181111722,11942.87
12129.0,3022553.37,1081748.65,-9918.0,-10312.95,-10478.81,-10523.57,-10588.57,-10619.57,-10782.57,11943.88,110.9740640645784,11943.88
12130.0,3022553.34,1081748.63,-9919.0,-10312.94,-10478.8,-10523.56,-10588.56,-10619.56,-10782.56,11944.89,111.63424971482094,11944.89
12131.0,3022553.31,1081748.6,-9920.0,-10312.93,-10478.79,-10523.55,-10588.55,-10619.55,-10782.55,11945.9,112.07437348164927,11945.9
12132.0,3022553.28,1081748.58,-9921.0,-10312.92,-10478.78,-10523.54,-10588.54,-10619.54,-10782.54,11946.91,115.29146863441846,11946.91
12133.0,3022553.25,1081748.55,-9922.0,-10312.91,-10478.77,-10523.53,-10588.53,-10619.53,-10782.53,11947.92,119.57743579234224,11947.92
12134.0,3022553.22,1081748.53,-9923.0,-10312.9,-10478.76,-10523.52,-10588.52,-10619.52,-10782.52,11948.93,120.5624746990533,11948.93
12135.0,3022553.19,1081748.5,-9924.0,-10312.89,-10478.75,-10523.51,-10588.51,-10619.51,-10782.51,11949.94,117.5863997043092,11949.94
12136.0,3022553.16,1081748.48,-9925.0,-10312.88,-10478.74,-10523.5,-10588.5,-10619.5,-10782.5,11950.94,,11950.94
12137.0,3022553.13,1081748.46,-9926.0,-10312.87,-10478.73,-10523.49,-10588.49,-10619.49,-10782.49,11951.95,113.04893325105496,11951.95
12138.0,3022553.1,1081748.43,-9927.0,-10312.86,-10478.72,-10523.48,-10588.48,-10619.48,-10782.48,11952.96,109.97854602056188,11952.96
12139.0,3022553.07,1081748.41,-9927.99,-10312.85,-10478.71,-10523.47,-10588.47,-10619.47,-10782.47,11953.97,108.9935071138508,11953.97
12140.0,3022553.04,1081748.38,-9928.99,-10312.85,-10478.71,-10523.47,-10588.47,-10619.47,-10782.47,11954.98,110.75400218116422,11954.98
12141.0,3022553.01,1081748.36,-9929.99,-10312.84,-10478.7,-10523.46,-10588.46,-10619.46,-10782.46,11955.990000000002,112.07437348164927,11955.990000000002
12142.0,3022552.99,1081748.34,-9930.99,-10312.83,-10478.69,-10523.45,-10588.45,-10619.45,-10782.45,11957.0,115.36482259555652,11957.0
12143.0,3022552.96,1081748.31,-9931.99,-10312.82,-10478.68,-10523.44,-10588.44,-10619.44,-10782.44,11958.0,111.85431159823511,11958.0
12144.0,3022552.93,1081748.29,-9932.99,-10312.81,-10478.67,-10523.43,-10588.43,-10619.43,-10782.43,11959.01,104.6132277201781,11959.01
12145.0,3022552.9,1081748.26,-9933.99,-10312.8,-10478.66,-10523.42,-10588.42,-10619.42,-10782.42,11960.02,101.32277860627087,11960.02
12146.0,3022552.87,1081748.24,-9934.99,-10312.79,-10478.65,-10523.41,-10588.41,-10619.41,-10782.41,11961.03,107.02342930042865,11961.03
12147.0,3022552.84,1081748.22,-9935.99,-10312.78,-10478.64,-10523.4,-10588.4,-10619.4,-10782.4,11962.04,109.87375464750752,11962.04
12148.0,3022552.81,1081748.19,-9936.99,-10312.77,-10478.63,-10523.39,-10588.39,-10619.39,-10782.39,11963.05,108.11325958019408,11963.05
12149.0,3022552.78,1081748.17,-9937.99,-10312.76,-10478.62,-10523.38,-10588.38,-10619.38,-10782.38,11964.06,108.77344523043662,11964.06
12150.0,3022552.75,1081748.14,-9938.99,-10312.75,-10478.61,-10523.37,-10588.37,-10619.37,-10782.37,11965.070000000002,113.82438941165728,11965.070000000002
12151.0,3022552.72,1081748.12,-9939.99,-10312.74,-10478.6,-10523.36,-10588.36,-10619.36,-10782.36,11966.070000000002,120.84541140630012,11966.070000000002
12152.0,3022552.7,1081748.1,-9940.99,-10312.73,-10478.59,-10523.35,-10588.35,-10619.35,-10782.35,11967.08,122.82596835702772,11967.08
12153.0,3022552.67,1081748.07,-9941.99,-10312.72,-10478.58,-10523.34,-10588.34,-10619.34,-10782.34,11968.09,116.454652875322,11968.09
12154.0,3022552.64,1081748.05,-9942.98,-10312.71,-10478.57,-10523.33,-10588.33,-10619.33,-10782.33,11969.1,107.45307392995156,11969.1
12155.0,3022552.61,1081748.03,-9943.98,-10312.71,-10478.57,-10523.33,-10588.33,-10619.33,-10782.33,11970.11,104.82281046628684,11970.11
12156.0,3022552.58,1081748.0,-9944.98,-10312.7,-10478.56,-10523.32,-10588.32,-10619.32,-10782.32,11971.12,109.87375464750752,11971.12
12157.0,3022552.55,1081747.98,-9945.98,-10312.69,-10478.55,-10523.31,-10588.31,-10619.31,-10782.31,11972.13,120.84541140630012,11972.13
12158.0,3022552.52,1081747.96,-9946.98,-10312.68,-10478.54,-10523.3,-10588.3,-10619.3,-10782.3,11973.13,126.5565412377633,11973.13
12159.0,3022552.49,1081747.93,-9947.98,-10312.67,-10478.53,-10523.29,-10588.29,-10619.29,-10782.29,11974.14,123.26609212385608,11974.14
12160.0,3022552.46,1081747.91,-9948.98,-10312.66,-10478.52,-10523.28,-10588.28,-10619.28,-10782.28,11975.15,115.36482259555652,11975.15
12161.0,3022552.44,1081747.88,-9949.98,-10312.65,-10478.51,-10523.27,-10588.27,-10619.27,-10782.27,11976.16,115.80494636238488,11976.16
12162.0,3022552.41,1081747.86,-9950.98,-10312.64,-10478.5,-10523.26,-10588.26,-10619.26,-10782.26,11977.17,114.04445129507144,11977.17
12163.0,3022552.38,1081747.84,-9951.98,-10312.63,-10478.49,-10523.25,-10588.25,-10619.25,-10782.25,11978.18,110.63873167080442,11978.18
12164.0,3022552.35,1081747.81,-9952.98,-10312.62,-10478.48,-10523.24,-10588.24,-10619.24,-10782.24,11979.19,109.87375464750752,11979.19
12165.0,3022552.32,1081747.79,-9953.98,-10312.61,-10478.47,-10523.23,-10588.23,-10619.23,-10782.23,11980.19,111.63424971482094,11980.19
12166.0,3022552.29,1081747.77,-9954.98,-10312.6,-10478.46,-10523.22,-10588.22,-10619.22,-10782.22,11981.2,112.73455913189184,11981.2
12167.0,3022552.26,1081747.75,-9955.98,-10312.59,-10478.45,-10523.21,-10588.21,-10619.21,-10782.21,11982.21,115.36482259555652,11982.21
12168.0,3022552.23,1081747.72,-9956.97,-10312.59,-10478.45,-10523.21,-10588.21,-10619.21,-10782.21,11983.22,119.3154573597063,11983.22
12169.0,3022552.21,1081747.7,-9957.97,-10312.58,-10478.44,-10523.2,-10588.2,-10619.2,-10782.2,11984.23,125.23616993727823,11984.23
12170.0,3022552.18,1081747.68,-9958.97,-10312.57,-10478.43,-10523.19,-10588.19,-10619.19,-10782.19,11985.240000000002,139.7183376933922,11985.240000000002
12171.0,3022552.15,1081747.65,-9959.97,-10312.56,-10478.42,-10523.18,-10588.18,-10619.18,-10782.18,11986.240000000002,149.58968503511394,11986.240000000002
12172.0,3022552.12,1081747.63,-9960.97,-10312.55,-10478.41,-10523.17,-10588.17,-10619.17,-10782.17,11987.25,143.8890343409562,11987.25
12173.0,3022552.09,1081747.61,-9961.97,-10312.54,-10478.4,-10523.16,-10588.16,-10619.16,-10782.16,11988.26,123.695736753379,11988.26
12174.0,3022552.06,1081747.58,-9962.97,-10312.53,-10478.39,-10523.15,-10588.15,-10619.15,-10782.15,11989.27,114.04445129507144,11989.27
12175.0,3022552.03,1081747.56,-9963.97,-10312.52,-10478.38,-10523.14,-10588.14,-10619.14,-10782.14,11990.28,109.87375464750752,11990.28
12176.0,3022552.01,1081747.54,-9964.97,-10312.51,-10478.37,-10523.13,-10588.13,-10619.13,-10782.13,11991.29,,11991.29
12177.0,3022551.98,1081747.51,-9965.97,-10312.5,-10478.36,-10523.12,-10588.12,-10619.12,-10782.12,11992.3,108.9935071138508,11992.3
12178.0,3022551.95,1081747.49,-9966.97,-10312.49,-10478.35,-10523.11,-10588.11,-10619.11,-10782.11,11993.3,110.31387841433586,11993.3
12179.0,3022551.92,1081747.47,-9967.97,-10312.48,-10478.34,-10523.1,-10588.1,-10619.1,-10782.1,11994.31,109.87375464750752,11994.31
12180.0,3022551.89,1081747.45,-9968.97,-10312.48,-10478.34,-10523.1,-10588.1,-10619.1,-10782.1,11995.320000000002,108.11325958019408,11995.320000000002
12181.0,3022551.86,1081747.42,-9969.97,-10312.47,-10478.33,-10523.09,-10588.09,-10619.09,-10782.09,11996.33,109.21356899726496,11996.33
12182.0,3022551.84,1081747.4,-9970.97,-10312.46,-10478.32,-10523.08,-10588.08,-10619.08,-10782.08,11997.34,,11997.34
12183.0,3022551.81,1081747.38,-9971.96,-10312.45,-10478.31,-10523.07,-10588.07,-10619.07,-10782.07,11998.35,121.4951179192372,11998.35
12184.0,3022551.78,1081747.36,-9972.96,-10312.44,-10478.3,-10523.06,-10588.06,-10619.06,-10782.06,11999.35,,11999.35
12185.0,3022551.75,1081747.33,-9973.96,-10312.43,-10478.29,-10523.05,-10588.05,-10619.05,-10782.05,12000.36,115.3543434582511,12000.36
12186.0,3022551.72,1081747.31,-9974.96,-10312.42,-10478.28,-10523.04,-10588.04,-10619.04,-10782.04,12001.37,111.6237705775155,12001.37
12187.0,3022551.69,1081747.29,-9975.96,-10312.41,-10478.27,-10523.03,-10588.03,-10619.03,-10782.03,12002.38,,12002.38
12188.0,3022551.67,1081747.26,-9976.96,-10312.4,-10478.26,-10523.02,-10588.02,-10619.02,-10782.02,12003.39,127.4263096341146,12003.39
12189.0,3022551.64,1081747.24,-9977.96,-10312.39,-10478.25,-10523.01,-10588.01,-10619.01,-10782.01,12004.4,129.186804701428,12004.4
12190.0,3022551.61,1081747.22,-9978.96,-10312.39,-10478.25,-10523.01,-10588.01,-10619.01,-10782.01,12005.4,131.8170681650927,12005.4
12191.0,3022551.58,1081747.2,-9979.96,-10312.38,-10478.24,-10523.0,-10588.0,-10619.0,-10782.0,12006.41,141.6884155068144,12006.41
12192.0,3022551.55,1081747.18,-9980.96,-10312.37,-10478.23,-10522.99,-10587.99,-10618.99,-10781.99,12007.42,136.41740944217958,12007.42
12193.0,3022551.52,1081747.15,-9981.96,-10312.36,-10478.22,-10522.98,-10587.98,-10618.98,-10781.98,12008.43,,12008.43
12194.0,3022551.5,1081747.13,-9982.96,-10312.35,-10478.21,-10522.97,-10587.97,-10618.97,-10781.97,12009.44,105.70305799994355,12009.44
12195.0,3022551.47,1081747.11,-9983.96,-10312.34,-10478.2,-10522.96,-10587.96,-10618.96,-10781.96,12010.45,105.04287234970104,12010.45
12196.0,3022551.44,1081747.09,-9984.96,-10312.33,-10478.19,-10522.95,-10587.95,-10618.95,-10781.95,12011.45,106.80336741701446,12011.45
12197.0,3022551.41,1081747.06,-9985.96,-10312.32,-10478.18,-10522.94,-10587.94,-10618.94,-10781.94,12012.46,113.16420376141475,12012.46
12198.0,3022551.38,1081747.04,-9986.95,-10312.31,-10478.17,-10522.93,-10587.93,-10618.93,-10781.93,12013.47,115.58488447897072,12013.47
12199.0,3022551.36,1081747.02,-9987.95,-10312.31,-10478.17,-10522.93,-10587.93,-10618.93,-10781.93,12014.48,113.61480666554854,12014.48
12200.0,3022551.33,1081747.0,-9988.95,-10312.3,-10478.16,-10522.92,-10587.92,-10618.92,-10781.92,12015.490000000002,109.87375464750752,12015.490000000002
12201.0,3022551.3,1081746.98,-9989.95,-10312.29,-10478.15,-10522.91,-10587.91,-10618.91,-10781.91,12016.5,107.02342930042865,12016.5
12202.0,3022551.27,1081746.95,-9990.95,-10312.28,-10478.14,-10522.9,-10587.9,-10618.9,-10781.9,12017.5,102.19254700262216,12017.5
12203.0,3022551.24,1081746.93,-9991.95,-10312.27,-10478.13,-10522.89,-10587.89,-10618.89,-10781.89,12018.51,102.42308802334178,12018.51
12204.0,3022551.22,1081746.91,-9992.95,-10312.26,-10478.12,-10522.88,-10587.88,-10618.88,-10781.88,12019.52,108.12373871749952,12019.52
12205.0,3022551.19,1081746.89,-9993.95,-10312.25,-10478.11,-10522.87,-10587.87,-10618.87,-10781.87,12020.53,115.80494636238488,12020.53
12206.0,3022551.16,1081746.86,-9994.95,-10312.24,-10478.1,-10522.86,-10587.86,-10618.86,-10781.86,12021.54,120.18522575605758,12021.54
12207.0,3022551.13,1081746.84,-9995.95,-10312.23,-10478.09,-10522.85,-10587.85,-10618.85,-10781.85,12022.54,122.5954273363081,12022.54
12208.0,3022551.1,1081746.82,-9996.95,-10312.23,-10478.09,-10522.85,-10587.85,-10618.85,-10781.85,12023.55,121.4951179192372,12023.55
12209.0,3022551.08,1081746.8,-9997.95,-10312.22,-10478.08,-10522.84,-10587.84,-10618.84,-10781.84,12024.56,115.3543434582511,12024.56
12210.0,3022551.05,1081746.78,-9998.95,-10312.21,-10478.07,-10522.83,-10587.83,-10618.83,-10781.83,12025.570000000002,113.82438941165728,12025.570000000002
12211.0,3022551.02,1081746.76,-9999.95,-10312.2,-10478.06,-10522.82,-10587.82,-10618.82,-10781.82,12026.58,116.2345909919078,12026.58
12212.0,3022550.99,1081746.73,-10000.95,-10312.19,-10478.05,-10522.81,-10587.81,-10618.81,-10781.81,12027.59,112.06389434434384,12027.59
12213.0,3022550.97,1081746.71,-10001.95,-10312.18,-10478.04,-10522.8,-10587.8,-10618.8,-10781.8,12028.59,105.26293423311522,12028.59
12214.0,3022550.94,1081746.69,-10002.94,-10312.17,-10478.03,-10522.79,-10587.79,-10618.79,-10781.79,12029.6,105.70305799994355,12029.6
12215.0,3022550.91,1081746.67,-10003.94,-10312.16,-10478.02,-10522.78,-10587.78,-10618.78,-10781.78,12030.61,108.77344523043662,12030.61
12216.0,3022550.88,1081746.65,-10004.94,-10312.16,-10478.02,-10522.78,-10587.78,-10618.78,-10781.78,12031.62,113.16420376141475,12031.62
12217.0,3022550.85,1081746.63,-10005.94,-10312.15,-10478.01,-10522.77,-10587.77,-10618.77,-10781.77,12032.63,112.29443536506346,12032.63
12218.0,3022550.83,1081746.6,-10006.94,-10312.14,-10478.0,-10522.76,-10587.76,-10618.76,-10781.76,12033.63,109.65369276409334,12033.63
12219.0,3022550.8,1081746.58,-10007.94,-10312.13,-10477.99,-10522.75,-10587.75,-10618.75,-10781.75,12034.64,109.44411001798458,12034.64
12220.0,3022550.77,1081746.56,-10008.94,-10312.12,-10477.98,-10522.74,-10587.74,-10618.74,-10781.74,12035.65,115.36482259555652,12035.65
12221.0,3022550.74,1081746.54,-10009.94,-10312.11,-10477.97,-10522.73,-10587.73,-10618.73,-10781.73,12036.66,112.73455913189184,12036.66
12222.0,3022550.72,1081746.52,-10010.94,-10312.1,-10477.96,-10522.72,-10587.72,-10618.72,-10781.72,12037.67,106.36324365018608,12037.67
12223.0,3022550.69,1081746.5,-10011.94,-10312.09,-10477.95,-10522.71,-10587.71,-10618.71,-10781.71,12038.68,103.29285641969304,12038.68
12224.0,3022550.66,1081746.48,-10012.94,-10312.09,-10477.95,-10522.71,-10587.71,-10618.71,-10781.71,12039.68,112.06389434434384,12039.68
12225.0,3022550.63,1081746.45,-10013.94,-10312.08,-10477.94,-10522.7,-10587.7,-10618.7,-10781.7,12040.69,114.26451317848564,12040.69
12226.0,3022550.61,1081746.43,-10014.94,-10312.07,-10477.93,-10522.69,-10587.69,-10618.69,-10781.69,12041.7,108.33332146360829,12041.7
12227.0,3022550.58,1081746.41,-10015.94,-10312.06,-10477.92,-10522.68,-10587.68,-10618.68,-10781.68,12042.71,104.38268669945847,12042.71
12228.0,3022550.55,1081746.39,-10016.94,-10312.05,-10477.91,-10522.67,-10587.67,-10618.67,-10781.67,12043.72,107.0129501631232,12043.72
12229.0,3022550.52,1081746.37,-10017.94,-10312.04,-10477.9,-10522.66,-10587.66,-10618.66,-10781.66,12044.72,107.67313581336572,12044.72
12230.0,3022550.5,1081746.35,-10018.94,-10312.03,-10477.89,-10522.65,-10587.65,-10618.65,-10781.65,12045.73,,12045.73
12231.0,3022550.47,1081746.33,-10019.93,-10312.02,-10477.88,-10522.64,-10587.64,-10618.64,-10781.64,12046.740000000002,,12046.740000000002
12232.0,3022550.44,1081746.3,-10020.93,-10312.02,-10477.88,-10522.64,-10587.64,-10618.64,-10781.64,12047.75,108.11325958019408,12047.75
12233.0,3022550.41,1081746.28,-10021.93,-10312.01,-10477.87,-10522.63,-10587.63,-10618.63,-10781.63,12048.76,108.77344523043662,12048.76
12234.0,3022550.39,1081746.26,-10022.93,-10312.0,-10477.86,-10522.62,-10587.62,-10618.62,-10781.62,12049.76,106.14318176677192,12049.76
12235.0,3022550.36,1081746.24,-10023.93,-10311.99,-10477.85,-10522.61,-10587.61,-10618.61,-10781.61,12050.77,104.16262481604431,12050.77
12236.0,3022550.33,1081746.22,-10024.93,-10311.98,-10477.84,-10522.6,-10587.6,-10618.6,-10781.6,12051.78,106.14318176677192,12051.78
12237.0,3022550.31,1081746.2,-10025.93,-10311.97,-10477.83,-10522.59,-10587.59,-10618.59,-10781.59,12052.79,109.87375464750752,12052.79
12238.0,3022550.28,1081746.18,-10026.93,-10311.96,-10477.82,-10522.58,-10587.58,-10618.58,-10781.58,12053.8,111.63424971482094,12053.8
12239.0,3022550.25,1081746.15,-10027.93,-10311.96,-10477.82,-10522.58,-10587.58,-10618.58,-10781.58,12054.8,,12054.8
12240.0,3022550.22,1081746.13,-10028.93,-10311.95,-10477.81,-10522.57,-10587.57,-10618.57,-10781.57,12055.81,119.30497822240086,12055.81
12241.0,3022550.2,1081746.11,-10029.93,-10311.94,-10477.8,-10522.56,-10587.56,-10618.56,-10781.56,12056.820000000002,120.84541140630012,12056.820000000002
12242.0,3022550.17,1081746.09,-10030.93,-10311.93,-10477.79,-10522.55,-10587.55,-10618.55,-10781.55,12057.83,117.12531766286996,12057.83
12243.0,3022550.14,1081746.07,-10031.93,-10311.92,-10477.78,-10522.54,-10587.54,-10618.54,-10781.54,12058.84,116.46513201262742,12058.84
12244.0,3022550.12,1081746.05,-10032.93,-10311.91,-10477.77,-10522.53,-10587.53,-10618.53,-10781.53,12059.84,124.14633965751278,12059.84
12245.0,3022550.09,1081746.03,-10033.93,-10311.9,-10477.76,-10522.52,-10587.52,-10618.52,-10781.52,12060.85,129.84699035167054,12060.85
12246.0,3022550.06,1081746.0,-10034.93,-10311.9,-10477.76,-10522.52,-10587.52,-10618.52,-10781.52,12061.86,126.98618586728622,12061.86
12247.0,3022550.03,1081745.98,-10035.92,-10311.89,-10477.75,-10522.51,-10587.51,-10618.51,-10781.51,12062.87,121.93524168606557,12062.87
12248.0,3022550.01,1081745.96,-10036.92,-10311.88,-10477.74,-10522.5,-10587.5,-10618.5,-10781.5,12063.88,117.55496229239289,12063.88
12249.0,3022549.98,1081745.94,-10037.92,-10311.87,-10477.73,-10522.49,-10587.49,-10618.49,-10781.49,12064.88,115.14476071214236,12064.88
12250.0,3022549.95,1081745.92,-10038.92,-10311.86,-10477.72,-10522.48,-10587.48,-10618.48,-10781.48,12065.89,114.92469882872815,12065.89
12251.0,3022549.93,1081745.9,-10039.92,-10311.85,-10477.71,-10522.47,-10587.47,-10618.47,-10781.47,12066.9,109.87375464750752,12066.9
12252.0,3022549.9,1081745.88,-10040.92,-10311.84,-10477.7,-10522.46,-10587.46,-10618.46,-10781.46,12067.91,108.12373871749952,12067.91
12253.0,3022549.87,1081745.85,-10041.92,-10311.84,-10477.7,-10522.46,-10587.46,-10618.46,-10781.46,12068.92,115.14476071214236,12068.92
12254.0,3022549.85,1081745.83,-10042.92,-10311.83,-10477.69,-10522.45,-10587.45,-10618.45,-10781.45,12069.92,127.43678877142,12069.92
12255.0,3022549.82,1081745.81,-10043.92,-10311.82,-10477.68,-10522.44,-10587.44,-10618.44,-10781.44,12070.93,132.70779483605486,12070.93
12256.0,3022549.79,1081745.79,-10044.92,-10311.81,-10477.67,-10522.43,-10587.43,-10618.43,-10781.43,12071.94,127.43678877142,12071.94
12257.0,3022549.77,1081745.77,-10045.92,-10311.8,-10477.66,-10522.42,-10587.42,-10618.42,-10781.42,12072.95,118.4352098260496,12072.95
12258.0,3022549.74,1081745.75,-10046.92,-10311.79,-10477.65,-10522.41,-10587.41,-10618.41,-10781.41,12073.96,112.73455913189184,12073.96
12259.0,3022549.71,1081745.73,-10047.92,-10311.78,-10477.64,-10522.4,-10587.4,-10618.4,-10781.4,12074.96,108.9935071138508,12074.96
12260.0,3022549.69,1081745.7,-10048.92,-10311.78,-10477.64,-10522.4,-10587.4,-10618.4,-10781.4,12075.97,110.9740640645784,12075.97
12261.0,3022549.66,1081745.68,-10049.92,-10311.77,-10477.63,-10522.39,-10587.39,-10618.39,-10781.39,12076.98,115.36482259555652,12076.98
12262.0,3022549.63,1081745.66,-10050.92,-10311.76,-10477.62,-10522.38,-10587.38,-10618.38,-10781.38,12077.990000000002,118.65527170946376,12077.990000000002
12263.0,3022549.61,1081745.64,-10051.92,-10311.75,-10477.61,-10522.37,-10587.37,-10618.37,-10781.37,12078.990000000002,119.9651638726434,12078.990000000002
12264.0,3022549.58,1081745.62,-10052.91,-10311.74,-10477.6,-10522.36,-10587.36,-10618.36,-10781.36,12080.0,123.03555110313644,12080.0
12265.0,3022549.55,1081745.6,-10053.91,-10311.73,-10477.59,-10522.35,-10587.35,-10618.35,-10781.35,12081.01,129.62692846825635,12081.01
12266.0,3022549.53,1081745.58,-10054.91,-10311.73,-10477.59,-10522.35,-10587.35,-10618.35,-10781.35,12082.02,134.45781076606283,12082.02
12267.0,3022549.5,1081745.55,-10055.91,-10311.72,-10477.58,-10522.34,-10587.34,-10618.34,-10781.34,12083.03,134.01768699923448,12083.03
12268.0,3022549.48,1081745.53,-10056.91,-10311.71,-10477.57,-10522.33,-10587.33,-10618.33,-10781.33,12084.03,131.37694439826436,12084.03
12269.0,3022549.45,1081745.51,-10057.91,-10311.7,-10477.56,-10522.32,-10587.32,-10618.32,-10781.32,12085.04,127.4263096341146,12085.04
12270.0,3022549.42,1081745.49,-10058.91,-10311.69,-10477.55,-10522.31,-10587.31,-10618.31,-10781.31,12086.05,122.5954273363081,12086.05
12271.0,3022549.4,1081745.47,-10059.91,-10311.68,-10477.54,-10522.3,-10587.3,-10618.3,-10781.3,12087.06,119.9651638726434,12087.06
12272.0,3022549.37,1081745.45,-10060.91,-10311.67,-10477.53,-10522.29,-10587.29,-10618.29,-10781.29,12088.070000000002,118.65527170946376,12088.070000000002
12273.0,3022549.34,1081745.43,-10061.91,-10311.67,-10477.53,-10522.29,-10587.29,-10618.29,-10781.29,12089.070000000002,120.4157667767772,12089.070000000002
12274.0,3022549.32,1081745.4,-10062.91,-10311.66,-10477.52,-10522.28,-10587.28,-10618.28,-10781.28,12090.08,127.43678877142,12090.08
12275.0,3022549.29,1081745.38,-10063.91,-10311.65,-10477.51,-10522.27,-10587.27,-10618.27,-10781.27,12091.09,139.0581520431497,12091.09
12276.0,3022549.27,1081745.36,-10064.91,-10311.64,-10477.5,-10522.26,-10587.26,-10618.26,-10781.26,12092.1,137.08807422972754,12092.1
12277.0,3022549.24,1081745.34,-10065.91,-10311.63,-10477.49,-10522.25,-10587.25,-10618.25,-10781.25,12093.1,128.52661905118546,12093.1
12278.0,3022549.21,1081745.32,-10066.91,-10311.62,-10477.48,-10522.24,-10587.24,-10618.24,-10781.24,12094.11,131.8170681650927,12094.11
12279.0,3022549.19,1081745.3,-10067.91,-10311.62,-10477.48,-10522.24,-10587.24,-10618.24,-10781.24,12095.12,144.98934375802708,12095.12
12280.0,3022549.16,1081745.27,-10068.91,-10311.61,-10477.47,-10522.23,-10587.23,-10618.23,-10781.23,12096.13,140.59858522704894,12096.13
12281.0,3022549.14,1081745.25,-10069.91,-10311.6,-10477.46,-10522.22,-10587.22,-10618.22,-10781.22,12097.14,123.0460302404419,12097.14
12282.0,3022549.11,1081745.23,-10070.9,-10311.59,-10477.45,-10522.21,-10587.21,-10618.21,-10781.21,12098.14,117.99508605922124,12098.14
12283.0,3022549.08,1081745.21,-10071.9,-10311.58,-10477.44,-10522.2,-10587.2,-10618.2,-10781.2,12099.15,,12099.15
12284.0,3022549.06,1081745.19,-10072.9,-10311.57,-10477.43,-10522.19,-10587.19,-10618.19,-10781.19,12100.16,112.73455913189184,12100.16
12285.0,3022549.03,1081745.17,-10073.9,-10311.57,-10477.43,-10522.19,-10587.19,-10618.19,-10781.19,12101.17,112.07437348164927,12101.17
12286.0,3022549.01,1081745.15,-10074.9,-10311.56,-10477.42,-10522.18,-10587.18,-10618.18,-10781.18,12102.18,111.63424971482094,12102.18
12287.0,3022548.98,1081745.12,-10075.9,-10311.55,-10477.41,-10522.17,-10587.17,-10618.17,-10781.17,12103.18,109.87375464750752,12103.18
12288.0,3022548.95,1081745.1,-10076.9,-10311.54,-10477.4,-10522.16,-10587.16,-10618.16,-10781.16,12104.19,109.43363088067916,12104.19
12289.0,3022548.93,1081745.08,-10077.9,-10311.53,-10477.39,-10522.15,-10587.15,-10618.15,-10781.15,12105.2,111.85431159823511,12105.2
12290.0,3022548.9,1081745.06,-10078.9,-10311.52,-10477.38,-10522.14,-10587.14,-10618.14,-10781.14,12106.21,117.55496229239289,12106.21
12291.0,3022548.88,1081745.04,-10079.9,-10311.52,-10477.38,-10522.14,-10587.14,-10618.14,-10781.14,12107.21,117.3349004089787,12107.21
12292.0,3022548.85,1081745.02,-10080.9,-10311.51,-10477.37,-10522.13,-10587.13,-10618.13,-10781.13,12108.22,113.38426564482891,12108.22
12293.0,3022548.83,1081744.99,-10081.9,-10311.5,-10477.36,-10522.12,-10587.12,-10618.12,-10781.12,12109.23,113.16420376141475,12109.23
12294.0,3022548.8,1081744.97,-10082.9,-10311.49,-10477.35,-10522.11,-10587.11,-10618.11,-10781.11,12110.240000000002,114.26451317848564,12110.240000000002
12295.0,3022548.78,1081744.95,-10083.9,-10311.48,-10477.34,-10522.1,-10587.1,-10618.1,-10781.1,12111.25,110.9740640645784,12111.25
12296.0,3022548.75,1081744.93,-10084.9,-10311.47,-10477.33,-10522.09,-10587.09,-10618.09,-10781.09,12112.25,108.9935071138508,12112.25
12297.0,3022548.72,1081744.91,-10085.9,-10311.46,-10477.32,-10522.08,-10587.08,-10618.08,-10781.08,12113.26,113.17468289872018,12113.26
12298.0,3022548.7,1081744.89,-10086.9,-10311.45,-10477.31,-10522.07,-10587.07,-10618.07,-10781.07,12114.27,124.14633965751278,12114.27
12299.0,3022548.67,1081744.87,-10087.9,-10311.45,-10477.31,-10522.07,-10587.07,-10618.07,-10781.07,12115.28,127.43678877142,12115.28
12300.0,3022548.65,1081744.84,-10088.89,-10311.44,-10477.3,-10522.06,-10587.06,-10618.06,-10781.06,12116.29,121.06547328971428,12116.29
12301.0,3022548.62,1081744.82,-10089.89,-10311.43,-10477.29,-10522.05,-10587.05,-10618.05,-10781.05,12117.3,113.17468289872018,12117.3
12302.0,3022548.6,1081744.8,-10090.89,-10311.42,-10477.28,-10522.04,-10587.04,-10618.04,-10781.04,12118.3,116.02500824579906,12118.3
12303.0,3022548.57,1081744.78,-10091.89,-10311.41,-10477.27,-10522.03,-10587.03,-10618.03,-10781.03,12119.31,119.3154573597063,12119.31
12304.0,3022548.55,1081744.76,-10092.89,-10311.4,-10477.26,-10522.02,-10587.02,-10618.02,-10781.02,12120.320000000002,124.13586052020734,12120.320000000002
12305.0,3022548.52,1081744.74,-10093.89,-10311.39,-10477.25,-10522.01,-10587.01,-10618.01,-10781.01,12121.33,143.8890343409562,12121.33
12306.0,3022548.5,1081744.71,-10094.89,-10311.38,-10477.24,-10522.0,-10587.0,-10618.0,-10781.0,12122.34,144.54921999119873,12122.34
12307.0,3022548.47,1081744.69,-10095.89,-10311.36,-10477.22,-10521.98,-10586.98,-10617.98,-10780.98,12123.36,131.60748541898397,12123.36
12308.0,3022548.45,1081744.67,-10096.89,-10311.35,-10477.21,-10521.97,-10586.97,-10617.97,-10780.97,12124.37,109.65369276409334,12124.37
12309.0,3022548.42,1081744.65,-10097.89,-10311.34,-10477.2,-10521.96,-10586.96,-10617.96,-10780.96,12125.38,111.19412594799256,12125.38
12310.0,3022548.4,1081744.63,-10098.89,-10311.32,-10477.18,-10521.94,-10586.94,-10617.94,-10780.94,12126.4,,12126.4
12311.0,3022548.37,1081744.61,-10099.89,-10311.31,-10477.17,-10521.93,-10586.93,-10617.93,-10780.93,12127.41,104.17310395334977,12127.41
12312.0,3022548.35,1081744.58,-10100.89,-10311.3,-10477.16,-10521.92,-10586.92,-10617.92,-10780.92,12128.42,101.32277860627087,12128.42
12313.0,3022548.32,1081744.56,-10101.89,-10311.28,-10477.14,-10521.9,-10586.9,-10617.9,-10780.9,12129.43,104.6132277201781,12129.43
12314.0,3022548.29,1081744.54,-10102.89,-10311.27,-10477.13,-10521.89,-10586.89,-10617.89,-10780.89,12130.45,113.16420376141475,12130.45
12315.0,3022548.27,1081744.52,-10103.89,-10311.26,-10477.12,-10521.88,-10586.88,-10617.88,-10780.88,12131.46,,12131.46
12316.0,3022548.24,1081744.5,-10104.89,-10311.24,-10477.1,-10521.86,-10586.86,-10617.86,-10780.86,12132.48,114.48457506189982,12132.48
12317.0,3022548.22,1081744.48,-10105.89,-10311.22,-10477.08,-10521.84,-10586.84,-10617.84,-10780.84,12133.490000000002,116.24507012921325,12133.490000000002
12318.0,3022548.2,1081744.45,-10106.88,-10311.21,-10477.07,-10521.83,-10586.83,-10617.83,-10780.83,12134.51,123.0460302404419,12134.51
12319.0,3022548.17,1081744.43,-10107.88,-10311.19,-10477.05,-10521.81,-10586.81,-10617.81,-10780.81,12135.52,126.33647935434912,12135.52
12320.0,3022548.14,1081744.41,-10108.88,-10311.18,-10477.04,-10521.8,-10586.8,-10617.8,-10780.8,12136.54,121.72565893995682,12136.54
12321.0,3022548.12,1081744.4,-10109.88,-10311.16,-10477.02,-10521.78,-10586.78,-10617.78,-10780.78,12137.55,114.48457506189982,12137.55
12322.0,3022548.09,1081744.38,-10110.88,-10311.15,-10477.01,-10521.77,-10586.77,-10617.77,-10780.77,12138.570000000002,,12138.570000000002
12323.0,3022548.06,1081744.36,-10111.88,-10311.13,-10476.99,-10521.75,-10586.75,-10617.75,-10780.75,12139.58,119.9651638726434,12139.58
12324.0,3022548.04,1081744.35,-10112.88,-10311.11,-10476.97,-10521.73,-10586.73,-10617.73,-10780.73,12140.6,118.64479257215832,12140.6
12325.0,3022548.01,1081744.34,-10113.88,-10311.1,-10476.96,-10521.72,-10586.72,-10617.72,-10780.72,12141.61,120.18522575605758,12141.61
12326.0,3022547.98,1081744.33,-10114.88,-10311.07,-10476.93,-10521.69,-10586.69,-10617.69,-10780.69,12142.64,123.91579863679316,12142.64
12327.0,3022547.95,1081744.32,-10115.88,-10311.05,-10476.91,-10521.67,-10586.67,-10617.67,-10780.67,12143.66,122.5954273363081,12143.66
12328.0,3022547.92,1081744.31,-10116.88,-10311.03,-10476.89,-10521.65,-10586.65,-10617.65,-10780.65,12144.68,115.57440534166528,12144.68
12329.0,3022547.89,1081744.3,-10117.88,-10311.0,-10476.86,-10521.62,-10586.62,-10617.62,-10780.62,12145.71,105.70305799994355,12145.71
12330.0,3022547.86,1081744.29,-10118.88,-10310.98,-10476.84,-10521.6,-10586.6,-10617.6,-10780.6,12146.73,106.80336741701446,12146.73
12331.0,3022547.83,1081744.29,-10119.88,-10310.95,-10476.81,-10521.57,-10586.57,-10617.57,-10780.57,12147.76,,12147.76
12332.0,3022547.8,1081744.28,-10120.88,-10310.93,-10476.79,-10521.55,-10586.55,-10617.55,-10780.55,12148.78,107.68361495067116,12148.78
12333.0,3022547.76,1081744.28,-10121.88,-10310.9,-10476.76,-10521.52,-10586.52,-10617.52,-10780.52,12149.8,108.77344523043662,12149.8
12334.0,3022547.73,1081744.28,-10122.88,-10310.88,-10476.74,-10521.5,-10586.5,-10617.5,-10780.5,12150.83,108.9935071138508,12150.83
12335.0,3022547.7,1081744.28,-10123.88,-10310.85,-10476.71,-10521.47,-10586.47,-10617.47,-10780.47,12151.85,104.82281046628684,12151.85
12336.0,3022547.66,1081744.29,-10124.88,-10310.82,-10476.68,-10521.44,-10586.44,-10617.44,-10780.44,12152.88,103.95304206993558,12152.88
12337.0,3022547.63,1081744.29,-10125.87,-10310.79,-10476.65,-10521.41,-10586.41,-10617.41,-10780.41,12153.92,102.85273265286467,12153.92
12338.0,3022547.59,1081744.29,-10126.87,-10310.75,-10476.61,-10521.37,-10586.37,-10617.37,-10780.37,12154.95,101.97248511920796,12154.95
12339.0,3022547.56,1081744.3,-10127.87,-10310.72,-10476.58,-10521.34,-10586.34,-10617.34,-10780.34,12155.98,101.53236135237962,12155.98
12340.0,3022547.52,1081744.31,-10128.87,-10310.69,-10476.55,-10521.31,-10586.31,-10617.31,-10780.31,12157.02,104.16262481604431,12157.02
12341.0,3022547.48,1081744.32,-10129.87,-10310.65,-10476.51,-10521.27,-10586.27,-10617.27,-10780.27,12158.05,105.70305799994355,12158.05
12342.0,3022547.45,1081744.33,-10130.87,-10310.62,-10476.48,-10521.24,-10586.24,-10617.24,-10780.24,12159.08,110.31387841433586,12159.08
12343.0,3022547.41,1081744.34,-10131.87,-10310.59,-10476.45,-10521.21,-10586.21,-10617.21,-10780.21,12160.11,122.16578270678518,12160.11
12344.0,3022547.37,1081744.35,-10132.87,-10310.55,-10476.41,-10521.17,-10586.17,-10617.17,-10780.17,12161.15,132.25719193192106,12161.15
12345.0,3022547.33,1081744.37,-10133.87,-10310.52,-10476.38,-10521.14,-10586.14,-10617.14,-10780.14,12162.18,128.96674281801384,12162.18
12346.0,3022547.29,1081744.38,-10134.87,-10310.48,-10476.34,-10521.1,-10586.1,-10617.1,-10780.1,12163.22,118.2151479426354,12163.22
12347.0,3022547.25,1081744.4,-10135.87,-10310.43,-10476.29,-10521.05,-10586.05,-10617.05,-10780.05,12164.26,,12164.26
12348.0,3022547.21,1081744.42,-10136.87,-10310.39,-10476.25,-10521.01,-10586.01,-10617.01,-10780.01,12165.31,107.68361495067116,12165.31
12349.0,3022547.17,1081744.44,-10137.87,-10310.35,-10476.21,-10520.97,-10585.97,-10616.97,-10779.97,12166.35,104.60274858287268,12166.35
12350.0,3022547.13,1081744.46,-10138.86,-10310.3,-10476.16,-10520.92,-10585.92,-10616.92,-10779.92,12167.39,107.46355306725698,12167.39
12351.0,3022547.09,1081744.48,-10139.86,-10310.26,-10476.12,-10520.88,-10585.88,-10616.88,-10779.88,12168.43,111.85431159823511,12168.43
12352.0,3022547.05,1081744.5,-10140.86,-10310.22,-10476.08,-10520.84,-10585.84,-10616.84,-10779.84,12169.47,112.7240799945864,12169.47
12353.0,3022547.0,1081744.53,-10141.86,-10310.18,-10476.04,-10520.8,-10585.8,-10616.8,-10779.8,12170.51,,12170.51
12354.0,3022546.96,1081744.56,-10142.86,-10310.13,-10475.99,-10520.75,-10585.75,-10616.75,-10779.75,12171.56,107.68361495067116,12171.56
12355.0,3022546.91,1081744.58,-10143.86,-10310.09,-10475.95,-10520.71,-10585.71,-10616.71,-10779.71,12172.6,108.12373871749952,12172.6
12356.0,3022546.87,1081744.61,-10144.86,-10310.04,-10475.9,-10520.66,-10585.66,-10616.66,-10779.66,12173.65,110.75400218116422,12173.65
12357.0,3022546.83,1081744.64,-10145.85,-10309.99,-10475.85,-10520.61,-10585.61,-10616.61,-10779.61,12174.7,119.53551924312048,12174.7
12358.0,3022546.78,1081744.68,-10146.85,-10309.94,-10475.8,-10520.56,-10585.56,-10616.56,-10779.56,12175.75,117.99508605922124,12175.75
12359.0,3022546.73,1081744.71,-10147.85,-10309.88,-10475.74,-10520.5,-10585.5,-10616.5,-10779.5,12176.8,107.24349118384282,12176.8
12360.0,3022546.69,1081744.74,-10148.85,-10309.83,-10475.69,-10520.45,-10585.45,-10616.45,-10779.45,12177.85,101.54284048968506,12177.85
12361.0,3022546.64,1081744.78,-10149.85,-10309.78,-10475.64,-10520.4,-10585.4,-10616.4,-10779.4,12178.9,102.2030261399276,12178.9
12362.0,3022546.59,1081744.82,-10150.85,-10309.73,-10475.59,-10520.35,-10585.35,-10616.35,-10779.35,12179.95,106.36324365018608,12179.95
12363.0,3022546.54,1081744.86,-10151.84,-10309.68,-10475.54,-10520.3,-10585.3,-10616.3,-10779.3,12181.0,107.46355306725698,12181.0
12364.0,3022546.5,1081744.9,-10152.84,-10309.62,-10475.48,-10520.24,-10585.24,-10616.24,-10779.24,12182.05,108.33332146360829,12182.05
12365.0,3022546.45,1081744.94,-10153.84,-10309.57,-10475.43,-10520.19,-10585.19,-10616.19,-10779.19,12183.1,,12183.1
12366.0,3022546.4,1081744.98,-10154.84,-10309.51,-10475.37,-10520.13,-10585.13,-10616.13,-10779.13,12184.16,106.14318176677192,12184.16
12367.0,3022546.35,1081745.02,-10155.84,-10309.45,-10475.31,-10520.07,-10585.07,-10616.07,-10779.07,12185.21,104.6132277201781,12185.21
12368.0,3022546.29,1081745.07,-10156.83,-10309.39,-10475.25,-10520.01,-10585.01,-10616.01,-10779.01,12186.27,,12186.27
12369.0,3022546.24,1081745.12,-10157.83,-10309.33,-10475.19,-10519.95,-10584.95,-10615.95,-10778.95,12187.33,109.65369276409334,12187.33
12370.0,3022546.19,1081745.16,-10158.83,-10309.27,-10475.13,-10519.89,-10584.89,-10615.89,-10778.89,12188.39,114.04445129507144,12188.39
12371.0,3022546.14,1081745.21,-10159.83,-10309.21,-10475.07,-10519.83,-10584.83,-10615.83,-10778.83,12189.45,,12189.45
12372.0,3022546.09,1081745.26,-10160.82,-10309.15,-10475.01,-10519.77,-10584.77,-10615.77,-10778.77,12190.51,119.7451019892292,12190.51
12373.0,3022546.03,1081745.32,-10161.82,-10309.08,-10474.94,-10519.7,-10584.7,-10615.7,-10778.7,12191.570000000002,123.25561298655064,12191.570000000002
12374.0,3022545.98,1081745.37,-10162.82,-10309.02,-10474.88,-10519.64,-10584.64,-10615.64,-10778.64,12192.62,124.57598428703572,12192.62
12375.0,3022545.92,1081745.43,-10163.81,-10308.96,-10474.82,-10519.58,-10584.58,-10615.58,-10778.58,12193.68,121.06547328971428,12193.68
12376.0,3022545.87,1081745.48,-10164.81,-10308.89,-10474.75,-10519.51,-10584.51,-10615.51,-10778.51,12194.75,118.87533359287794,12194.75
12377.0,3022545.81,1081745.54,-10165.81,-10308.82,-10474.68,-10519.44,-10584.44,-10615.44,-10778.44,12195.820000000002,120.62534952288593,12195.820000000002
12378.0,3022545.76,1081745.6,-10166.81,-10308.75,-10474.61,-10519.37,-10584.37,-10615.37,-10778.37,12196.88,126.10593833362952,12196.88
12379.0,3022545.7,1081745.66,-10167.8,-10308.68,-10474.54,-10519.3,-10584.3,-10615.3,-10778.3,12197.95,126.54606210045787,12197.95
12380.0,3022545.64,1081745.72,-10168.8,-10308.61,-10474.47,-10519.23,-10584.23,-10615.23,-10778.23,12199.01,120.62534952288593,12199.01
12381.0,3022545.59,1081745.78,-10169.79,-10308.54,-10474.4,-10519.16,-10584.16,-10615.16,-10778.16,12200.08,117.3349004089787,12200.08
12382.0,3022545.53,1081745.85,-10170.79,-10308.47,-10474.33,-10519.09,-10584.09,-10615.09,-10778.09,12201.15,133.13743946557776,12201.15
12383.0,3022545.47,1081745.91,-10171.79,-10308.4,-10474.26,-10519.02,-10584.02,-10615.02,-10778.02,12202.21,138.62850741362678,12202.21
12384.0,3022545.41,1081745.98,-10172.78,-10308.33,-10474.19,-10518.95,-10583.95,-10614.95,-10777.95,12203.28,137.96832176338424,12203.28
12385.0,3022545.35,1081746.05,-10173.78,-10308.26,-10474.12,-10518.88,-10583.88,-10614.88,-10777.88,12204.35,133.5775632324061,12204.35
12386.0,3022545.29,1081746.12,-10174.77,-10308.25,-10474.11,-10518.87,-10583.87,-10614.87,-10777.87,12205.35,143.668972457542,12205.35
12387.0,3022545.23,1081746.19,-10175.77,-10308.25,-10474.11,-10518.87,-10583.87,-10614.87,-10777.87,12206.35,156.39064514634256,12206.35
12388.0,3022545.17,1081746.26,-10176.77,-10308.24,-10474.1,-10518.86,-10583.86,-10614.86,-10777.86,12207.36,147.1794834548634,12207.36
12389.0,3022545.11,1081746.34,-10177.76,-10308.23,-10474.09,-10518.85,-10583.85,-10614.85,-10777.85,12208.36,130.06705223508473,12208.36
12390.0,3022545.05,1081746.41,-10178.76,-10308.22,-10474.08,-10518.84,-10583.84,-10614.84,-10777.84,12209.36,105.48299611652938,12209.36
12391.0,3022544.98,1081746.49,-10179.75,-10308.21,-10474.07,-10518.83,-10583.83,-10614.83,-10777.83,12210.37,104.39316583676394,12210.37
12392.0,3022544.92,1081746.57,-10180.75,-10308.21,-10474.07,-10518.83,-10583.83,-10614.83,-10777.83,12211.37,101.09223758555126,12211.37
12393.0,3022544.86,1081746.65,-10181.74,-10308.2,-10474.06,-10518.82,-10583.82,-10614.82,-10777.82,12212.37,99.78234542237163,12212.37
12394.0,3022544.79,1081746.73,-10182.74,-10308.19,-10474.05,-10518.81,-10583.81,-10614.81,-10777.81,12213.38,99.34222165554328,12213.38
12395.0,3022544.73,1081746.81,-10183.73,-10308.18,-10474.04,-10518.8,-10583.8,-10614.8,-10777.8,12214.38,101.97248511920796,12214.38
12396.0,3022544.66,1081746.89,-10184.72,-10308.18,-10474.04,-10518.8,-10583.8,-10614.8,-10777.8,12215.37,112.06389434434384,12215.37
12397.0,3022544.59,1081746.98,-10185.72,-10308.18,-10474.04,-10518.8,-10583.8,-10614.8,-10777.8,12216.37,116.2345909919078,12216.37
12398.0,3022544.53,1081747.06,-10186.71,-10308.18,-10474.04,-10518.8,-10583.8,-10614.8,-10777.8,12217.37,116.89477664215032,12217.37
12399.0,3022544.46,1081747.15,-10187.71,-10308.17,-10474.03,-10518.79,-10583.79,-10614.79,-10777.79,12218.36,,12218.36
12400.0,3022544.39,1081747.24,-10188.7,-10308.17,-10474.03,-10518.79,-10583.79,-10614.79,-10777.79,12219.36,115.3543434582511,12219.36
12401.0,3022544.33,1081747.33,-10189.69,-10308.17,-10474.03,-10518.79,-10583.79,-10614.79,-10777.79,12220.35,107.23301204653735,12220.35
12402.0,3022544.26,1081747.42,-10190.69,-10308.17,-10474.03,-10518.79,-10583.79,-10614.79,-10777.79,12221.35,108.33332146360829,12221.35
12403.0,3022544.19,1081747.52,-10191.68,-10308.17,-10474.03,-10518.79,-10583.79,-10614.79,-10777.79,12222.34,113.38426564482891,12222.34
12404.0,3022544.12,1081747.61,-10192.67,-10308.16,-10474.02,-10518.78,-10583.78,-10614.78,-10777.78,12223.34,116.6851938960416,12223.34
12405.0,3022544.05,1081747.71,-10193.67,-10308.16,-10474.02,-10518.78,-10583.78,-10614.78,-10777.78,12224.33,116.02500824579906,12224.33
12406.0,3022543.98,1081747.8,-10194.66,-10308.16,-10474.02,-10518.78,-10583.78,-10614.78,-10777.78,12225.33,,12225.33
12407.0,3022543.91,1081747.9,-10195.65,-10308.16,-10474.02,-10518.78,-10583.78,-10614.78,-10777.78,12226.320000000002,128.0864952843571,12226.320000000002
12408.0,3022543.84,1081748.0,-10196.64,-10308.16,-10474.02,-10518.78,-10583.78,-10614.78,-10777.78,12227.320000000002,125.01610805386404,12227.320000000002
12409.0,3022543.76,1081748.1,-10197.64,-10308.15,-10474.01,-10518.77,-10583.77,-10614.77,-10777.77,12228.31,115.3543434582511,12228.31
12410.0,3022543.69,1081748.2,-10198.63,-10308.15,-10474.01,-10518.77,-10583.77,-10614.77,-10777.77,12229.3,109.65369276409334,12229.3
12411.0,3022543.62,1081748.31,-10199.62,-10308.15,-10474.01,-10518.77,-10583.77,-10614.77,-10777.77,12230.3,108.77344523043662,12230.3
12412.0,3022543.54,1081748.41,-10200.61,-10308.15,-10474.01,-10518.77,-10583.77,-10614.77,-10777.77,12231.29,106.80336741701446,12231.29
12413.0,3022543.47,1081748.52,-10201.6,-10308.15,-10474.01,-10518.77,-10583.77,-10614.77,-10777.77,12232.29,105.48299611652938,12232.29
12414.0,3022543.39,1081748.63,-10202.6,-10308.14,-10474.0,-10518.76,-10583.76,-10614.76,-10777.76,12233.28,105.04287234970104,12233.28
12415.0,3022543.32,1081748.74,-10203.59,-10308.14,-10474.0,-10518.76,-10583.76,-10614.76,-10777.76,12234.28,102.19254700262216,12234.28
12416.0,3022543.24,1081748.85,-10204.58,-10308.14,-10474.0,-10518.76,-10583.76,-10614.76,-10777.76,12235.27,98.90209788871492,12235.27
12417.0,3022543.16,1081748.96,-10205.57,-10308.14,-10474.0,-10518.76,-10583.76,-10614.76,-10777.76,12236.26,97.15208195870692,12236.26
12418.0,3022543.08,1081749.08,-10206.56,-10308.13,-10473.99,-10518.75,-10583.75,-10614.75,-10777.75,12237.25,99.34222165554328,12237.25
12419.0,3022543.0,1081749.2,-10207.55,-10308.13,-10473.99,-10518.75,-10583.75,-10614.75,-10777.75,12238.240000000002,102.19254700262216,12238.240000000002
12420.0,3022542.92,1081749.32,-10208.54,-10308.13,-10473.99,-10518.75,-10583.75,-10614.75,-10777.75,12239.23,103.94256293263014,12239.23
12421.0,3022542.84,1081749.44,-10209.53,-10308.13,-10473.99,-10518.75,-10583.75,-10614.75,-10777.75,12240.23,109.43363088067916,12240.23
12422.0,3022542.75,1081749.56,-10210.51,-10308.12,-10473.98,-10518.74,-10583.74,-10614.74,-10777.74,12241.22,104.83328960359228,12241.22
12423.0,3022542.67,1081749.69,-10211.5,-10308.12,-10473.98,-10518.74,-10583.74,-10614.74,-10777.74,12242.21,101.1027167228567,12242.21
12424.0,3022542.58,1081749.82,-10212.49,-10308.12,-10473.98,-10518.74,-10583.74,-10614.74,-10777.74,12243.2,100.44253107261416,12243.2
12425.0,3022542.5,1081749.95,-10213.48,-10308.12,-10473.98,-10518.74,-10583.74,-10614.74,-10777.74,12244.19,101.54284048968506,12244.19
12426.0,3022542.41,1081750.08,-10214.47,-10308.11,-10473.97,-10518.73,-10583.73,-10614.73,-10777.73,12245.18,97.3721438421211,12245.18
12427.0,3022542.32,1081750.21,-10215.45,-10308.11,-10473.97,-10518.73,-10583.73,-10614.73,-10777.73,12246.17,94.07121559090842,12246.17
12428.0,3022542.23,1081750.34,-10216.44,-10308.11,-10473.97,-10518.73,-10583.73,-10614.73,-10777.73,12247.16,98.0218503550582,12247.16
12429.0,3022542.14,1081750.48,-10217.43,-10308.1,-10473.96,-10518.72,-10583.72,-10614.72,-10777.72,12248.15,100.66259295602836,12248.15
12430.0,3022542.05,1081750.62,-10218.41,-10308.1,-10473.96,-10518.72,-10583.72,-10614.72,-10777.72,12249.14,104.6132277201781,12249.14
12431.0,3022541.95,1081750.76,-10219.4,-10308.1,-10473.96,-10518.72,-10583.72,-10614.72,-10777.72,12250.12,109.66417190139876,12250.12
12432.0,3022541.86,1081750.9,-10220.38,-10308.1,-10473.96,-10518.72,-10583.72,-10614.72,-10777.72,12251.11,112.73455913189184,12251.11
12433.0,3022541.76,1081751.05,-10221.37,-10308.09,-10473.95,-10518.71,-10583.71,-10614.71,-10777.71,12252.1,114.0549304323769,12252.1
12434.0,3022541.67,1081751.19,-10222.35,-10308.09,-10473.95,-10518.71,-10583.71,-10614.71,-10777.71,12253.09,114.704636945314,12253.09
12435.0,3022541.57,1081751.34,-10223.34,-10308.09,-10473.95,-10518.71,-10583.71,-10614.71,-10777.71,12254.08,113.17468289872018,12254.08
12436.0,3022541.47,1081751.49,-10224.32,-10308.08,-10473.94,-10518.7,-10583.7,-10614.7,-10777.7,12255.06,111.85431159823511,12255.06
12437.0,3022541.37,1081751.64,-10225.3,-10308.08,-10473.94,-10518.7,-10583.7,-10614.7,-10777.7,12256.05,114.92469882872815,12256.05
12438.0,3022541.27,1081751.8,-10226.29,-10308.08,-10473.94,-10518.7,-10583.7,-10614.7,-10777.7,12257.04,116.02500824579906,12257.04
12439.0,3022541.17,1081751.95,-10227.27,-10308.07,-10473.93,-10518.69,-10583.69,-10614.69,-10777.69,12258.02,115.14476071214236,12258.02
12440.0,3022541.07,1081752.11,-10228.25,-10308.07,-10473.93,-10518.69,-10583.69,-10614.69,-10777.69,12259.01,115.36482259555652,12259.01
12441.0,3022540.97,1081752.27,-10229.23,-10308.07,-10473.93,-10518.69,-10583.69,-10614.69,-10777.69,12259.990000000002,111.6237705775155,12259.990000000002
12442.0,3022540.86,1081752.43,-10230.22,-10308.07,-10473.93,-10518.69,-10583.69,-10614.69,-10777.69,12260.98,107.02342930042865,12260.98
12443.0,3022540.76,1081752.59,-10231.2,-10308.06,-10473.92,-10518.68,-10583.68,-10614.68,-10777.68,12261.96,107.89319769677992,12261.96
12444.0,3022540.65,1081752.76,-10232.18,-10308.06,-10473.92,-10518.68,-10583.68,-10614.68,-10777.68,12262.95,111.6237705775155,12262.95
12445.0,3022540.54,1081752.92,-10233.16,-10308.06,-10473.92,-10518.68,-10583.68,-10614.68,-10777.68,12263.93,111.84383246092968,12263.93
12446.0,3022540.44,1081753.09,-10234.14,-10308.05,-10473.91,-10518.67,-10583.67,-10614.67,-10777.67,12264.91,111.40370869410133,12264.91
12447.0,3022540.33,1081753.26,-10235.12,-10308.05,-10473.91,-10518.67,-10583.67,-10614.67,-10777.67,12265.89,109.21356899726496,12265.89
12448.0,3022540.22,1081753.44,-10236.1,-10308.04,-10473.9,-10518.66,-10583.66,-10614.66,-10777.66,12266.88,104.38268669945847,12266.88
12449.0,3022540.1,1081753.61,-10237.07,-10308.04,-10473.9,-10518.66,-10583.66,-10614.66,-10777.66,12267.86,103.94256293263014,12267.86
12450.0,3022539.99,1081753.79,-10238.05,-10308.04,-10473.9,-10518.66,-10583.66,-10614.66,-10777.66,12268.84,112.06389434434384,12268.84
12451.0,3022539.88,1081753.96,-10239.03,-10308.03,-10473.89,-10518.65,-10583.65,-10614.65,-10777.65,12269.820000000002,118.64479257215832,12269.820000000002
12452.0,3022539.76,1081754.14,-10240.01,-10308.03,-10473.89,-10518.65,-10583.65,-10614.65,-10777.65,12270.8,,12270.8
12453.0,3022539.65,1081754.33,-10240.98,-10308.03,-10473.89,-10518.65,-10583.65,-10614.65,-10777.65,12271.78,103.51291830310724,12271.78
12454.0,3022539.53,1081754.51,-10241.96,-10308.02,-10473.88,-10518.64,-10583.64,-10614.64,-10777.64,12272.76,103.29285641969304,12272.76
12455.0,3022539.41,1081754.69,-10242.93,-10308.02,-10473.88,-10518.64,-10583.64,-10614.64,-10777.64,12273.740000000002,102.6326707694505,12273.740000000002
12456.0,3022539.3,1081754.88,-10243.91,-10308.02,-10473.88,-10518.64,-10583.64,-10614.64,-10777.64,12274.72,100.0024073057858,12274.72
12457.0,3022539.18,1081755.07,-10244.88,-10308.01,-10473.87,-10518.63,-10583.63,-10614.63,-10777.63,12275.7,102.85273265286467,12275.7
12458.0,3022539.06,1081755.26,-10245.86,-10308.01,-10473.87,-10518.63,-10583.63,-10614.63,-10777.63,12276.67,103.29285641969304,12276.67
12459.0,3022538.93,1081755.45,-10246.83,-10308.0,-10473.86,-10518.62,-10583.62,-10614.62,-10777.62,12277.65,103.95304206993558,12277.65
12460.0,3022538.81,1081755.65,-10247.81,-10308.0,-10473.86,-10518.62,-10583.62,-10614.62,-10777.62,12278.63,,12278.63
12461.0,3022538.69,1081755.85,-10248.78,-10308.0,-10473.86,-10518.62,-10583.62,-10614.62,-10777.62,12279.61,114.26451317848564,12279.61
12462.0,3022538.56,1081756.04,-10249.75,-10307.99,-10473.85,-10518.61,-10583.61,-10614.61,-10777.61,12280.58,116.46513201262742,12280.58
12463.0,3022538.44,1081756.24,-10250.72,-10307.99,-10473.85,-10518.61,-10583.61,-10614.61,-10777.61,12281.56,117.7855033131125,12281.56
12464.0,3022538.31,1081756.45,-10251.69,-10307.98,-10473.84,-10518.6,-10583.6,-10614.6,-10777.6,12282.54,114.92469882872815,12282.54
12465.0,3022538.18,1081756.65,-10252.66,-10307.98,-10473.84,-10518.6,-10583.6,-10614.6,-10777.6,12283.51,105.26293423311522,12283.51
12466.0,3022538.05,1081756.86,-10253.63,-10307.98,-10473.84,-10518.6,-10583.6,-10614.6,-10777.6,12284.48,103.29285641969304,12284.48
12467.0,3022537.92,1081757.06,-10254.6,-10307.97,-10473.83,-10518.59,-10583.59,-10614.59,-10777.59,12285.46,103.51291830310724,12285.46
12468.0,3022537.79,1081757.27,-10255.57,-10307.97,-10473.83,-10518.59,-10583.59,-10614.59,-10777.59,12286.43,105.70305799994355,12286.43
12469.0,3022537.66,1081757.48,-10256.54,-10307.96,-10473.82,-10518.58,-10583.58,-10614.58,-10777.58,12287.4,101.97248511920796,12287.4
12470.0,3022537.53,1081757.7,-10257.51,-10307.96,-10473.82,-10518.58,-10583.58,-10614.58,-10777.58,12288.37,103.29285641969304,12288.37
12471.0,3022537.4,1081757.91,-10258.48,-10307.95,-10473.81,-10518.57,-10583.57,-10614.57,-10777.57,12289.34,106.58330553360028,12289.34
12472.0,3022537.26,1081758.13,-10259.44,-10307.95,-10473.81,-10518.57,-10583.57,-10614.57,-10777.57,12290.320000000002,107.24349118384282,12290.320000000002
12473.0,3022537.12,1081758.35,-10260.41,-10307.95,-10473.81,-10518.57,-10583.57,-10614.57,-10777.57,12291.29,106.14318176677192,12291.29
12474.0,3022536.99,1081758.57,-10261.37,-10307.94,-10473.8,-10518.56,-10583.56,-10614.56,-10777.56,12292.26,104.17310395334977,12292.26
12475.0,3022536.85,1081758.79,-10262.34,-10307.94,-10473.8,-10518.56,-10583.56,-10614.56,-10777.56,12293.23,100.66259295602836,12293.23
12476.0,3022536.71,1081759.02,-10263.3,-10307.93,-10473.79,-10518.55,-10583.55,-10614.55,-10777.55,12294.2,101.76290237309924,12294.2
12477.0,3022536.57,1081759.24,-10264.27,-10307.93,-10473.79,-10518.55,-10583.55,-10614.55,-10777.55,12295.17,105.05335148700648,12295.17
12478.0,3022536.43,1081759.47,-10265.23,-10307.92,-10473.78,-10518.54,-10583.54,-10614.54,-10777.54,12296.13,100.66259295602836,12296.13
12479.0,3022536.29,1081759.7,-10266.19,-10307.92,-10473.78,-10518.54,-10583.54,-10614.54,-10777.54,12297.1,93.4110299406659,12297.1
12480.0,3022536.15,1081759.93,-10267.16,-10307.91,-10473.77,-10518.53,-10583.53,-10614.53,-10777.53,12298.070000000002,92.10113777748629,12298.070000000002
12481.0,3022536.0,1081760.16,-10268.12,-10307.91,-10473.77,-10518.53,-10583.53,-10614.53,-10777.53,12299.03,94.52181849504224,12299.03
12482.0,3022535.86,1081760.4,-10269.08,-10307.91,-10473.77,-10518.53,-10583.53,-10614.53,-10777.53,12300.0,102.41260888603634,12300.0
12483.0,3022535.71,1081760.64,-10270.04,-10307.9,-10473.76,-10518.52,-10583.52,-10614.52,-10777.52,12300.97,115.14476071214236,12300.97
12484.0,3022535.56,1081760.88,-10271.0,-10307.9,-10473.76,-10518.52,-10583.52,-10614.52,-10777.52,12301.93,113.6043275282431,12301.93
12485.0,3022535.42,1081761.12,-10271.96,-10307.89,-10473.75,-10518.51,-10583.51,-10614.51,-10777.51,12302.9,105.04287234970104,12302.9
12486.0,3022535.27,1081761.36,-10272.92,-10307.89,-10473.75,-10518.51,-10583.51,-10614.51,-10777.51,12303.86,98.03232949236364,12303.86
12487.0,3022535.12,1081761.6,-10273.88,-10307.88,-10473.74,-10518.5,-10583.5,-10614.5,-10777.5,12304.820000000002,100.22246918919998,12304.820000000002
12488.0,3022534.97,1081761.85,-10274.83,-10307.88,-10473.74,-10518.5,-10583.5,-10614.5,-10777.5,12305.78,103.07279453627886,12305.78
12489.0,3022534.82,1081762.1,-10275.79,-10307.87,-10473.73,-10518.49,-10583.49,-10614.49,-10777.49,12306.740000000002,107.68361495067116,12306.740000000002
12490.0,3022534.66,1081762.35,-10276.75,-10307.87,-10473.73,-10518.49,-10583.49,-10614.49,-10777.49,12307.7,108.12373871749952,12307.7
12491.0,3022534.51,1081762.6,-10277.7,-10307.86,-10473.72,-10518.48,-10583.48,-10614.48,-10777.48,12308.66,,12308.66
12492.0,3022534.35,1081762.85,-10278.66,-10307.86,-10473.72,-10518.48,-10583.48,-10614.48,-10777.48,12309.62,110.09381653092169,12309.62
12493.0,3022534.2,1081763.11,-10279.61,-10307.85,-10473.71,-10518.47,-10583.47,-10614.47,-10777.47,12310.58,112.94414187800056,12310.58
12494.0,3022534.04,1081763.36,-10280.56,-10307.85,-10473.71,-10518.47,-10583.47,-10614.47,-10777.47,12311.55,111.85431159823511,12311.55
12495.0,3022533.88,1081763.62,-10281.52,-10307.84,-10473.7,-10518.46,-10583.46,-10614.46,-10777.46,12312.51,,12312.51
12496.0,3022533.73,1081763.88,-10282.47,-10307.84,-10473.7,-10518.46,-10583.46,-10614.46,-10777.46,12313.46,108.33332146360829,12313.46
12497.0,3022533.57,1081764.15,-10283.42,-10307.83,-10473.69,-10518.45,-10583.45,-10614.45,-10777.45,12314.42,105.48299611652938,12314.42
12498.0,3022533.41,1081764.41,-10284.37,-10307.83,-10473.69,-10518.45,-10583.45,-10614.45,-10777.45,12315.37,109.65369276409334,12315.37
12499.0,3022533.24,1081764.68,-10285.32,-10307.82,-10473.68,-10518.44,-10583.44,-10614.44,-10777.44,12316.320000000002,115.36482259555652,12316.320000000002
12500.0,3022533.08,1081764.95,-10286.27,-10307.81,-10473.67,-10518.43,-10583.43,-10614.43,-10777.43,12317.28,115.14476071214236,12317.28
12501.0,3022532.92,1081765.22,-10287.22,-10307.81,-10473.67,-10518.43,-10583.43,-10614.43,-10777.43,12318.23,108.3438006009137,12318.23
12502.0,3022532.75,1081765.49,-10288.17,-10307.8,-10473.66,-10518.42,-10583.42,-10614.42,-10777.42,12319.19,104.83328960359228,12319.19
12503.0,3022532.59,1081765.76,-10289.12,-10307.8,-10473.66,-10518.42,-10583.42,-10614.42,-10777.42,12320.14,105.26293423311522,12320.14
12504.0,3022532.42,1081766.04,-10290.06,-10307.79,-10473.65,-10518.41,-10583.41,-10614.41,-10777.41,12321.1,,12321.1
12505.0,3022532.25,1081766.31,-10291.01,-10307.79,-10473.65,-10518.41,-10583.41,-10614.41,-10777.41,12322.05,112.07437348164927,12322.05
12506.0,3022532.08,1081766.59,-10291.96,-10307.78,-10473.64,-10518.4,-10583.4,-10614.4,-10777.4,12323.0,109.88423378481296,12323.0
12507.0,3022531.91,1081766.87,-10292.9,-10307.78,-10473.64,-10518.4,-10583.4,-10614.4,-10777.4,12323.95,107.24349118384282,12323.95
12508.0,3022531.74,1081767.15,-10293.84,-10307.77,-10473.63,-10518.39,-10583.39,-10614.39,-10777.39,12324.9,108.77344523043662,12324.9
12509.0,3022531.57,1081767.44,-10294.79,-10307.77,-10473.63,-10518.39,-10583.39,-10614.39,-10777.39,12325.85,111.19412594799256,12325.85
12510.0,3022531.4,1081767.72,-10295.73,-10307.76,-10473.62,-10518.38,-10583.38,-10614.38,-10777.38,12326.79,112.29443536506346,12326.79
12511.0,3022531.23,1081768.01,-10296.67,-10307.75,-10473.61,-10518.37,-10583.37,-10614.37,-10777.37,12327.740000000002,112.07437348164927,12327.740000000002
12512.0,3022531.05,1081768.29,-10297.62,-10307.75,-10473.61,-10518.37,-10583.37,-10614.37,-10777.37,12328.69,107.46355306725698,12328.69
12513.0,3022530.88,1081768.58,-10298.56,-10307.74,-10473.6,-10518.36,-10583.36,-10614.36,-10777.36,12329.64,104.16262481604431,12329.64
12514.0,3022530.7,1081768.87,-10299.5,-10307.74,-10473.6,-10518.36,-10583.36,-10614.36,-10777.36,12330.59,103.72250104921596,12330.59
12515.0,3022530.52,1081769.16,-10300.44,-10307.73,-10473.59,-10518.35,-10583.35,-10614.35,-10777.35,12331.54,106.14318176677192,12331.54
12516.0,3022530.34,1081769.45,-10301.38,-10307.72,-10473.58,-10518.34,-10583.34,-10614.34,-10777.34,12332.490000000002,109.87375464750752,12332.490000000002
12517.0,3022530.16,1081769.75,-10302.32,-10307.7,-10473.56,-10518.32,-10583.32,-10614.32,-10777.32,12333.44,112.73455913189184,12333.44
12518.0,3022529.98,1081770.04,-10303.25,-10307.69,-10473.55,-10518.31,-10583.31,-10614.31,-10777.31,12334.39,,12334.39
12519.0,3022529.8,1081770.34,-10304.19,-10307.67,-10473.53,-10518.29,-10583.29,-10614.29,-10777.29,12335.34,114.04445129507144,12335.34
12520.0,3022529.62,1081770.63,-10305.13,-10307.66,-10473.52,-10518.28,-10583.28,-10614.28,-10777.28,12336.29,,12336.29
12521.0,3022529.43,1081770.93,-10306.07,-10307.64,-10473.5,-10518.26,-10583.26,-10614.26,-10777.26,12337.25,109.87375464750752,12337.25
12522.0,3022529.25,1081771.23,-10307.0,-10307.63,-10473.49,-10518.25,-10583.25,-10614.25,-10777.25,12338.2,102.6326707694505,12338.2
12523.0,3022529.06,1081771.53,-10307.94,-10307.61,-10473.47,-10518.23,-10583.23,-10614.23,-10777.23,12339.15,100.44253107261416,12339.15
12524.0,3022528.88,1081771.84,-10308.87,-10307.6,-10473.46,-10518.22,-10583.22,-10614.22,-10777.22,12340.1,106.80336741701446,12340.1
12525.0,3022528.69,1081772.14,-10309.81,-10307.59,-10473.45,-10518.21,-10583.21,-10614.21,-10777.21,12341.05,111.93814469667862,12341.05
12526.0,3022528.5,1081772.44,-10310.74,-10307.54,-10473.4,-10518.16,-10583.16,-10614.16,-10777.16,12342.03,100.57875985758484,12342.03
12527.0,3022528.31,1081772.75,-10311.67,-10307.49,-10473.35,-10518.11,-10583.11,-10614.11,-10777.11,12343.01,86.74629861440793,12343.01
12528.0,3022528.12,1081773.06,-10312.61,-10307.44,-10473.3,-10518.06,-10583.06,-10614.06,-10777.06,12343.990000000002,83.11003796942128,12343.990000000002
12529.0,3022527.93,1081773.37,-10313.54,-10307.39,-10473.25,-10518.01,-10583.01,-10614.01,-10777.01,12344.97,82.94237177253429,12344.97
12530.0,3022527.73,1081773.68,-10314.47,-10307.35,-10473.21,-10517.97,-10582.97,-10613.97,-10776.97,12345.94,87.54271304962116,12345.94
12531.0,3022527.54,1081773.99,-10315.4,-10307.3,-10473.16,-10517.92,-10582.92,-10613.92,-10776.92,12346.92,92.97090617383756,12346.92
12532.0,3022527.34,1081774.3,-10316.33,-10307.25,-10473.11,-10517.87,-10582.87,-10613.87,-10776.87,12347.9,91.05322404694256,12347.9
12533.0,3022527.15,1081774.61,-10317.26,-10307.2,-10473.06,-10517.82,-10582.82,-10613.82,-10776.82,12348.88,85.57263523619898,12348.88
12534.0,3022526.95,1081774.93,-10318.19,-10307.15,-10473.01,-10517.77,-10582.77,-10613.77,-10776.77,12349.86,78.17436429856042,12349.86
12535.0,3022526.75,1081775.24,-10319.11,-10307.1,-10472.96,-10517.72,-10582.72,-10613.72,-10776.72,12350.84,75.54410083489573,12350.84
12536.0,3022526.55,1081775.56,-10320.04,-10307.05,-10472.91,-10517.67,-10582.67,-10613.67,-10776.67,12351.81,,12351.81
12537.0,3022526.35,1081775.88,-10320.97,-10307.0,-10472.86,-10517.62,-10582.62,-10613.62,-10776.62,12352.79,,12352.79
12538.0,3022526.15,1081776.2,-10321.89,-10306.95,-10472.81,-10517.57,-10582.57,-10613.57,-10776.57,12353.76,65.4422124724544,12353.76
12539.0,3022525.95,1081776.52,-10322.82,-10306.9,-10472.76,-10517.52,-10582.52,-10613.52,-10776.52,12354.740000000002,63.2625519129235,12354.740000000002
12540.0,3022525.75,1081776.84,-10323.74,-10306.85,-10472.71,-10517.47,-10582.47,-10613.47,-10776.47,12355.71,62.38230437926679,12355.71
12541.0,3022525.54,1081777.17,-10324.67,-10306.8,-10472.66,-10517.42,-10582.42,-10613.42,-10776.42,12356.69,64.35238219268895,12356.69
12542.0,3022525.34,1081777.49,-10325.59,-10306.75,-10472.61,-10517.37,-10582.37,-10613.37,-10776.37,12357.66,68.51259970294745,12357.66
12543.0,3022525.13,1081777.82,-10326.51,-10306.7,-10472.56,-10517.32,-10582.32,-10613.32,-10776.32,12358.63,68.07247593611909,12358.63
12544.0,3022524.93,1081778.15,-10327.43,-10306.65,-10472.51,-10517.27,-10582.27,-10613.27,-10776.27,12359.61,66.76258377293946,12359.61
12545.0,3022524.72,1081778.48,-10328.36,-10306.6,-10472.46,-10517.22,-10582.22,-10613.22,-10776.22,12360.58,68.3030169568387,12360.58
12546.0,3022524.51,1081778.81,-10329.28,-10306.55,-10472.41,-10517.17,-10582.17,-10613.17,-10776.17,12361.55,73.34348200075394,12361.55
12547.0,3022524.3,1081779.14,-10330.2,-10306.5,-10472.36,-10517.12,-10582.12,-10613.12,-10776.12,12362.52,72.50515101631898,12362.52
12548.0,3022524.09,1081779.47,-10331.11,-10306.45,-10472.31,-10517.07,-10582.07,-10613.07,-10776.07,12363.490000000002,71.01711351894691,12363.490000000002
12549.0,3022523.88,1081779.8,-10332.03,-10306.39,-10472.25,-10517.01,-10582.01,-10613.01,-10776.01,12364.46,68.15630903456261,12364.46
12550.0,3022523.66,1081780.14,-10332.95,-10306.34,-10472.2,-10516.96,-10581.96,-10612.96,-10775.96,12365.43,66.32246000611111,12365.43
12551.0,3022523.45,1081780.48,-10333.87,-10306.29,-10472.15,-10516.91,-10581.91,-10612.91,-10775.91,12366.4,66.98264565635365,12366.4
12552.0,3022523.23,1081780.81,-10334.78,-10306.24,-10472.1,-10516.86,-10581.86,-10612.86,-10775.86,12367.37,68.73266158636164,12367.37
12553.0,3022523.02,1081781.15,-10335.7,-10306.18,-10472.04,-10516.8,-10581.8,-10612.8,-10775.8,12368.34,68.51259970294745,12368.34
12554.0,3022522.8,1081781.49,-10336.62,-10306.13,-10471.99,-10516.75,-10581.75,-10612.75,-10775.75,12369.31,69.56051343349117,12369.31
12555.0,3022522.58,1081781.83,-10337.53,-10306.08,-10471.94,-10516.7,-10581.7,-10612.7,-10775.7,12370.28,70.77609336092186,12370.28
12556.0,3022522.37,1081782.18,-10338.44,-10306.02,-10471.88,-10516.64,-10581.64,-10612.64,-10775.64,12371.25,70.94375955780886,12371.25
12557.0,3022522.15,1081782.52,-10339.36,-10305.97,-10471.83,-10516.59,-10581.59,-10612.59,-10775.59,12372.21,69.2880558635498,12372.21
12558.0,3022521.92,1081782.86,-10340.27,-10305.92,-10471.78,-10516.54,-10581.54,-10612.54,-10775.54,12373.17,63.47213465903223,12373.17
12559.0,3022521.7,1081783.21,-10341.18,-10305.86,-10471.72,-10516.48,-10581.48,-10612.48,-10775.48,12374.14,60.18168554512499,12374.14
12560.0,3022521.48,1081783.56,-10342.09,-10305.81,-10471.67,-10516.43,-10581.43,-10612.43,-10775.43,12375.1,62.38230437926679,12375.1
12561.0,3022521.26,1081783.91,-10343.0,-10305.75,-10471.61,-10516.37,-10581.37,-10612.37,-10775.37,12376.070000000002,64.13232030927477,12376.070000000002
12562.0,3022521.03,1081784.26,-10343.91,-10305.7,-10471.56,-10516.32,-10581.32,-10612.32,-10775.32,12377.03,60.40174742853918,12377.03
12563.0,3022520.81,1081784.61,-10344.82,-10305.64,-10471.5,-10516.26,-10581.26,-10612.26,-10775.26,12378.0,62.811949008789696,12378.0
12564.0,3022520.58,1081784.96,-10345.73,-10305.59,-10471.45,-10516.21,-10581.21,-10612.21,-10775.21,12378.96,66.54252188952529,12378.96
12565.0,3022520.35,1081785.31,-10346.63,-10305.54,-10471.4,-10516.16,-10581.16,-10612.16,-10775.16,12379.93,67.19222840246239,12379.93
12566.0,3022520.12,1081785.67,-10347.54,-10305.48,-10471.34,-10516.1,-10581.1,-10612.1,-10775.1,12380.89,64.7925059595173,12380.89
12567.0,3022519.89,1081786.03,-10348.45,-10305.42,-10471.28,-10516.04,-10581.04,-10612.04,-10775.04,12381.85,68.57547452678008,12381.85
12568.0,3022519.66,1081786.38,-10349.35,-10305.37,-10471.23,-10515.99,-10580.99,-10611.99,-10774.99,12382.81,84.80765821290208,12382.81
12569.0,3022519.43,1081786.74,-10350.26,-10305.31,-10471.17,-10515.93,-10580.93,-10611.93,-10774.93,12383.77,90.13105996406412,12383.77
12570.0,3022519.2,1081787.1,-10351.16,-10305.25,-10471.11,-10515.87,-10580.87,-10611.87,-10774.87,12384.73,77.24172107837651,12384.73
12571.0,3022518.96,1081787.46,-10352.06,-10305.2,-10471.06,-10515.82,-10580.82,-10611.82,-10774.82,12385.69,58.87179338194536,12385.69
12572.0,3022518.73,1081787.83,-10352.96,-10305.14,-10471.0,-10515.76,-10580.76,-10611.76,-10774.76,12386.65,57.33136019804611,12386.65
12573.0,3022518.49,1081788.19,-10353.86,-10305.08,-10470.94,-10515.7,-10580.7,-10611.7,-10774.7,12387.61,70.44076096714788,12387.61
12574.0,3022518.26,1081788.55,-10354.77,-10305.03,-10470.89,-10515.65,-10580.65,-10611.65,-10774.65,12388.56,98.74491082913336,12388.56
12575.0,3022518.02,1081788.92,-10355.66,-10304.97,-10470.83,-10515.59,-10580.59,-10611.59,-10774.59,12389.52,106.6461803574329,12389.52
12576.0,3022517.78,1081789.29,-10356.56,-10304.91,-10470.77,-10515.53,-10580.53,-10611.53,-10774.53,12390.48,93.36911339144416,12390.48
12577.0,3022517.54,1081789.66,-10357.46,-10304.85,-10470.71,-10515.47,-10580.47,-10611.47,-10774.47,12391.43,76.73872248771555,12391.43
12578.0,3022517.3,1081790.03,-10358.36,-10304.79,-10470.65,-10515.41,-10580.41,-10611.41,-10774.41,12392.39,73.39587768728113,12392.39
12579.0,3022517.06,1081790.4,-10359.26,-10304.74,-10470.6,-10515.36,-10580.36,-10611.36,-10774.36,12393.34,73.34348200075394,12393.34
12580.0,3022516.82,1081790.77,-10360.15,-10304.68,-10470.54,-10515.3,-10580.3,-10611.3,-10774.3,12394.29,76.07853683747301,12394.29
12581.0,3022516.57,1081791.14,-10361.05,-10304.62,-10470.48,-10515.24,-10580.24,-10611.24,-10774.24,12395.25,73.88839714063667,12395.25
12582.0,3022516.33,1081791.52,-10361.94,-10304.56,-10470.42,-10515.18,-10580.18,-10611.18,-10774.18,12396.2,74.05606333752367,12396.2
12583.0,3022516.08,1081791.89,-10362.84,-10304.5,-10470.36,-10515.12,-10580.12,-10611.12,-10774.12,12397.16,76.02614115094582,12397.16
12584.0,3022515.84,1081792.27,-10363.73,-10304.44,-10470.3,-10515.06,-10580.06,-10611.06,-10774.06,12398.11,80.80462776222512,12398.11
12585.0,3022515.59,1081792.65,-10364.62,-10304.39,-10470.25,-10515.01,-10580.01,-10611.01,-10774.01,12399.06,79.92438022856841,12399.06
12586.0,3022515.34,1081793.03,-10365.51,-10304.32,-10470.18,-10514.94,-10579.94,-10610.94,-10773.94,12400.01,75.81655840483708,12400.01
12587.0,3022515.09,1081793.41,-10366.4,-10304.26,-10470.12,-10514.88,-10579.88,-10610.88,-10773.88,12400.96,75.10397706806737,12400.96
12588.0,3022514.84,1081793.79,-10367.29,-10304.2,-10470.06,-10514.82,-10579.82,-10610.82,-10773.82,12401.91,75.37643463800872,12401.91
12589.0,3022514.59,1081794.17,-10368.18,-10304.14,-10470.0,-10514.76,-10579.76,-10610.76,-10773.76,12402.86,,12402.86
12590.0,3022514.34,1081794.56,-10369.07,-10304.08,-10469.94,-10514.7,-10579.7,-10610.7,-10773.7,12403.81,83.75974448235839,12403.81
12591.0,3022514.08,1081794.94,-10369.96,-10304.02,-10469.88,-10514.64,-10579.64,-10610.64,-10773.64,12404.75,80.31210830886958,12404.75
12592.0,3022513.83,1081795.33,-10370.84,-10303.96,-10469.82,-10514.58,-10579.58,-10610.58,-10773.58,12405.7,76.6968059384938,12405.7
12593.0,3022513.57,1081795.72,-10371.73,-10303.9,-10469.76,-10514.52,-10579.52,-10610.52,-10773.52,12406.65,82.7223098891201,12406.65
12594.0,3022513.32,1081796.11,-10372.61,-10303.84,-10469.7,-10514.46,-10579.46,-10610.46,-10773.46,12407.6,90.56070459358702,12407.6
12595.0,3022513.06,1081796.5,-10373.5,-10303.78,-10469.64,-10514.4,-10579.4,-10610.4,-10773.4,12408.55,91.22089024382956,12408.55
12596.0,3022512.8,1081796.89,-10374.38,-10303.72,-10469.58,-10514.34,-10579.34,-10610.34,-10773.34,12409.490000000002,89.47087431382158,12409.490000000002
12597.0,3022512.54,1081797.28,-10375.26,-10303.65,-10469.51,-10514.27,-10579.27,-10610.27,-10773.27,12410.43,93.80923715827252,12410.43
12598.0,3022512.28,1081797.68,-10376.14,-10303.59,-10469.45,-10514.21,-10579.21,-10610.21,-10773.21,12411.37,,12411.37
12599.0,3022512.02,1081798.07,-10377.02,-10303.53,-10469.39,-10514.15,-10579.15,-10610.15,-10773.15,12412.320000000002,122.16578270678518,12412.320000000002
12600.0,3022511.76,1081798.47,-10377.9,-10303.47,-10469.33,-10514.09,-10579.09,-10610.09,-10773.09,12413.26,114.43217937537264,12413.26
12601.0,3022511.5,1081798.86,-10378.78,-10303.4,-10469.26,-10514.02,-10579.02,-10610.02,-10773.02,12414.2,88.97835486046603,12414.2
12602.0,3022511.24,1081799.26,-10379.66,-10303.34,-10469.2,-10513.96,-10578.96,-10609.96,-10772.96,12415.14,76.6968059384938,12415.14
12603.0,3022510.97,1081799.66,-10380.54,-10303.28,-10469.14,-10513.9,-10578.9,-10609.9,-10772.9,12416.08,76.47674405507962,12416.08
12604.0,3022510.71,1081800.07,-10381.42,-10303.22,-10469.08,-10513.84,-10578.84,-10609.84,-10772.84,12417.03,,12417.03
12605.0,3022510.44,1081800.47,-10382.29,-10303.15,-10469.01,-10513.77,-10578.77,-10609.77,-10772.77,12417.97,91.60861832413072,12417.97
12606.0,3022510.18,1081800.87,-10383.17,-10303.09,-10468.95,-10513.71,-10578.71,-10609.71,-10772.71,12418.9,90.72837079047402,12418.9
12607.0,3022509.91,1081801.28,-10384.04,-10303.03,-10468.89,-10513.65,-10578.65,-10609.65,-10772.65,12419.84,87.82564975686795,12419.84
12608.0,3022509.65,1081801.69,-10384.92,-10302.96,-10468.82,-10513.58,-10578.58,-10609.58,-10772.58,12420.78,88.0352325029767,12420.78
12609.0,3022509.38,1081802.1,-10385.79,-10302.9,-10468.76,-10513.52,-10578.52,-10609.52,-10772.52,12421.71,93.4110299406659,12421.71
12610.0,3022509.11,1081802.51,-10386.66,-10302.83,-10468.69,-10513.45,-10578.45,-10609.45,-10772.45,12422.65,95.3915868913935,12422.65
12611.0,3022508.85,1081802.92,-10387.53,-10302.77,-10468.63,-10513.39,-10578.39,-10609.39,-10772.39,12423.59,94.2912774743226,12423.59
12612.0,3022508.58,1081803.33,-10388.4,-10302.7,-10468.56,-10513.32,-10578.32,-10609.32,-10772.32,12424.52,91.00082836041538,12424.52
12613.0,3022508.31,1081803.74,-10389.27,-10302.64,-10468.5,-10513.26,-10578.26,-10609.26,-10772.26,12425.46,91.66101401065792,12425.46
12614.0,3022508.04,1081804.16,-10390.14,-10302.57,-10468.43,-10513.19,-10578.19,-10609.19,-10772.19,12426.39,92.7613234277288,12426.39
12615.0,3022507.77,1081804.58,-10391.01,-10302.51,-10468.37,-10513.13,-10578.13,-10609.13,-10772.13,12427.33,88.75829297705185,12427.33
12616.0,3022507.5,1081804.99,-10391.88,-10302.44,-10468.3,-10513.06,-10578.06,-10609.06,-10772.06,12428.26,80.9094191352795,12428.26
12617.0,3022507.23,1081805.41,-10392.74,-10302.38,-10468.24,-10513.0,-10578.0,-10609.0,-10772.0,12429.19,81.29714721558067,12429.19
12618.0,3022506.96,1081805.83,-10393.61,-10302.31,-10468.17,-10512.93,-10577.93,-10608.93,-10771.93,12430.12,83.01572573367234,12430.12
12619.0,3022506.69,1081806.26,-10394.47,-10302.25,-10468.11,-10512.87,-10577.87,-10608.87,-10771.87,12431.05,82.42889404456787,12431.05
12620.0,3022506.42,1081806.68,-10395.34,-10302.18,-10468.04,-10512.8,-10577.8,-10608.8,-10771.8,12431.98,80.7417529383925,12431.98
12621.0,3022506.14,1081807.11,-10396.2,-10302.11,-10467.97,-10512.73,-10577.73,-10608.73,-10771.73,12432.91,79.55761042287811,12432.91
12622.0,3022505.87,1081807.53,-10397.06,-10302.05,-10467.91,-10512.67,-10577.67,-10608.67,-10771.67,12433.84,79.98725505240103,12433.84
12623.0,3022505.6,1081807.96,-10397.93,-10301.98,-10467.84,-10512.6,-10577.6,-10608.6,-10771.6,12434.77,83.59207828547137,12434.77
12624.0,3022505.32,1081808.39,-10398.79,-10301.91,-10467.77,-10512.53,-10577.53,-10608.53,-10771.53,12435.7,86.23282088644153,12435.7
12625.0,3022505.05,1081808.82,-10399.65,-10301.85,-10467.71,-10512.47,-10577.47,-10608.47,-10771.47,12436.63,87.62654614806465,12436.63
12626.0,3022504.78,1081809.25,-10400.51,-10301.78,-10467.64,-10512.4,-10577.4,-10608.4,-10771.4,12437.55,,12437.55
12627.0,3022504.5,1081809.68,-10401.36,-10301.71,-10467.57,-10512.33,-10577.33,-10608.33,-10771.33,12438.48,84.8390956248184,12438.48
12628.0,3022504.22,1081810.12,-10402.22,-10301.64,-10467.5,-10512.26,-10577.26,-10608.26,-10771.26,12439.4,86.23282088644153,12439.4
12629.0,3022503.95,1081810.55,-10403.08,-10301.57,-10467.43,-10512.19,-10577.19,-10608.19,-10771.19,12440.320000000002,,12440.320000000002
12630.0,3022503.67,1081810.99,-10403.93,-10301.51,-10467.37,-10512.13,-10577.13,-10608.13,-10771.13,12441.25,,12441.25
12631.0,3022503.39,1081811.43,-10404.79,-10301.44,-10467.3,-10512.06,-10577.06,-10608.06,-10771.06,12442.17,91.64005573604705,12442.17
12632.0,3022503.12,1081811.87,-10405.64,-10301.37,-10467.23,-10511.99,-10576.99,-10607.99,-10770.99,12443.09,,12443.09
12633.0,3022502.84,1081812.31,-10406.5,-10301.3,-10467.16,-10511.92,-10576.92,-10607.92,-10770.92,12444.02,90.31968443556195,12444.02
12634.0,3022502.56,1081812.75,-10407.35,-10301.23,-10467.09,-10511.85,-10576.85,-10607.85,-10770.85,12444.94,90.75980820239032,12444.94
12635.0,3022502.28,1081813.2,-10408.2,-10301.17,-10467.03,-10511.79,-10576.79,-10607.79,-10770.79,12445.86,92.53078240700918,12445.86
12636.0,3022502.0,1081813.64,-10409.05,-10301.1,-10466.96,-10511.72,-10576.72,-10607.72,-10770.72,12446.78,90.25680961172937,12446.78
12637.0,3022501.72,1081814.09,-10409.9,-10301.03,-10466.89,-10511.65,-10576.65,-10607.65,-10770.65,12447.7,86.63102810404813,12447.7
12638.0,3022501.44,1081814.54,-10410.75,-10300.96,-10466.82,-10511.58,-10576.58,-10607.58,-10770.58,12448.61,,12448.61
12639.0,3022501.16,1081814.99,-10411.6,-10300.89,-10466.75,-10511.51,-10576.51,-10607.51,-10770.51,12449.53,90.25680961172937,12449.53
12640.0,3022500.88,1081815.44,-10412.44,-10300.82,-10466.68,-10511.44,-10576.44,-10607.44,-10770.44,12450.45,92.97090617383756,12450.45
12641.0,3022500.6,1081815.89,-10413.29,-10300.75,-10466.61,-10511.37,-10576.37,-10607.37,-10770.37,12451.36,94.97242139917604,12451.36
12642.0,3022500.31,1081816.34,-10414.14,-10300.68,-10466.54,-10511.3,-10576.3,-10607.3,-10770.3,12452.28,98.640119456079,12452.28
12643.0,3022500.03,1081816.8,-10414.98,-10300.61,-10466.47,-10511.23,-10576.23,-10607.23,-10770.23,12453.2,104.5817903082618,12453.2
12644.0,3022499.75,1081817.25,-10415.82,-10300.54,-10466.4,-10511.16,-10576.16,-10607.16,-10770.16,12454.11,108.52194593510612,12454.11
12645.0,3022499.47,1081817.71,-10416.67,-10300.47,-10466.33,-10511.09,-10576.09,-10607.09,-10770.09,12455.03,109.34979778223568,12455.03
12646.0,3022499.18,1081818.17,-10417.51,-10300.39,-10466.25,-10511.01,-10576.01,-10607.01,-10770.01,12455.94,108.710570406604,12455.94
12647.0,3022498.9,1081818.63,-10418.35,-10300.32,-10466.18,-10510.94,-10575.94,-10606.94,-10769.94,12456.85,107.39019910611891,12456.85
12648.0,3022498.61,1081819.09,-10419.19,-10300.25,-10466.11,-10510.87,-10575.87,-10606.87,-10769.87,12457.76,106.31084796365892,12457.76
12649.0,3022498.33,1081819.55,-10420.03,-10300.18,-10466.04,-10510.8,-10575.8,-10606.8,-10769.8,12458.67,106.38420192479695,12458.67
12650.0,3022498.04,1081820.02,-10420.87,-10300.11,-10465.97,-10510.73,-10575.73,-10606.73,-10769.73,12459.58,109.40219346876285,12459.58
12651.0,3022497.75,1081820.48,-10421.71,-10300.04,-10465.9,-10510.66,-10575.66,-10606.66,-10769.66,12460.490000000002,111.66568712673724,12460.490000000002
12652.0,3022497.47,1081820.95,-10422.54,-10299.96,-10465.82,-10510.58,-10575.58,-10606.58,-10769.58,12461.4,109.40219346876285,12461.4
12653.0,3022497.18,1081821.42,-10423.38,-10299.89,-10465.75,-10510.51,-10575.51,-10606.51,-10769.51,12462.31,106.6147429455166,12462.31
12654.0,3022496.89,1081821.89,-10424.21,-10299.82,-10465.68,-10510.44,-10575.44,-10606.44,-10769.44,12463.22,106.76145086779272,12463.22
12655.0,3022496.6,1081822.36,-10425.05,-10299.75,-10465.61,-10510.37,-10575.37,-10606.37,-10769.37,12464.13,108.08182216827778,12464.13
12656.0,3022496.31,1081822.83,-10425.88,-10299.68,-10465.54,-10510.3,-10575.3,-10606.3,-10769.3,12465.03,109.97854602056188,12465.03
12657.0,3022496.02,1081823.3,-10426.71,-10299.6,-10465.46,-10510.22,-10575.22,-10606.22,-10769.22,12465.93,111.21508422260348,12465.93
12658.0,3022495.73,1081823.78,-10427.54,-10299.53,-10465.39,-10510.15,-10575.15,-10606.15,-10769.15,12466.84,109.87375464750752,12466.84
12659.0,3022495.44,1081824.25,-10428.37,-10299.45,-10465.31,-10510.07,-10575.07,-10606.07,-10769.07,12467.740000000002,110.09381653092169,12467.740000000002
12660.0,3022495.15,1081824.73,-10429.2,-10299.38,-10465.24,-10510.0,-10575.0,-10606.0,-10769.0,12468.64,110.53394029775004,12468.64
12661.0,3022494.86,1081825.21,-10430.03,-10299.31,-10465.17,-10509.93,-10574.93,-10605.93,-10768.93,12469.54,112.51449724847764,12469.54
12662.0,3022494.57,1081825.69,-10430.86,-10299.23,-10465.09,-10509.85,-10574.85,-10605.85,-10768.85,12470.45,110.31387841433586,12470.45
12663.0,3022494.28,1081826.17,-10431.69,-10299.16,-10465.02,-10509.78,-10574.78,-10605.78,-10768.78,12471.35,109.87375464750752,12471.35
12664.0,3022493.99,1081826.65,-10432.51,-10299.09,-10464.95,-10509.71,-10574.71,-10605.71,-10768.71,12472.25,110.09381653092169,12472.25
12665.0,3022493.69,1081827.14,-10433.34,-10299.01,-10464.87,-10509.63,-10574.63,-10605.63,-10768.63,12473.15,110.9740640645784,12473.15
12666.0,3022493.4,1081827.62,-10434.16,-10298.94,-10464.8,-10509.56,-10574.56,-10605.56,-10768.56,12474.05,110.75400218116422,12474.05
12667.0,3022493.11,1081828.11,-10434.98,-10298.86,-10464.72,-10509.48,-10574.48,-10605.48,-10768.48,12474.94,109.00398625115623,12474.94
12668.0,3022492.81,1081828.59,-10435.8,-10298.79,-10464.65,-10509.41,-10574.41,-10605.41,-10768.41,12475.84,105.70305799994355,12475.84
12669.0,3022492.52,1081829.08,-10436.63,-10298.71,-10464.57,-10509.33,-10574.33,-10605.33,-10768.33,12476.73,,12476.73
12670.0,3022492.22,1081829.57,-10437.45,-10298.64,-10464.5,-10509.26,-10574.26,-10605.26,-10768.26,12477.63,105.26293423311522,12477.63
12671.0,3022491.93,1081830.06,-10438.27,-10298.56,-10464.42,-10509.18,-10574.18,-10605.18,-10768.18,12478.52,103.51291830310724,12478.52
12672.0,3022491.63,1081830.56,-10439.08,-10298.49,-10464.35,-10509.11,-10574.11,-10605.11,-10768.11,12479.42,103.95304206993558,12479.42
12673.0,3022491.34,1081831.05,-10439.9,-10298.41,-10464.27,-10509.03,-10574.03,-10605.03,-10768.03,12480.31,100.22246918919998,12480.31
12674.0,3022491.04,1081831.55,-10440.72,-10298.34,-10464.2,-10508.96,-10573.96,-10604.96,-10767.96,12481.21,101.97248511920796,12481.21
12675.0,3022490.74,1081832.04,-10441.53,-10298.26,-10464.12,-10508.88,-10573.88,-10604.88,-10767.88,12482.1,103.29285641969304,12482.1
12676.0,3022490.44,1081832.54,-10442.35,-10298.18,-10464.04,-10508.8,-10573.8,-10604.8,-10767.8,12482.990000000002,105.04287234970104,12482.990000000002
12677.0,3022490.15,1081833.04,-10443.16,-10298.11,-10463.97,-10508.73,-10573.73,-10604.73,-10767.73,12483.88,103.72250104921596,12483.88
12678.0,3022489.85,1081833.54,-10443.97,-10298.03,-10463.89,-10508.65,-10573.65,-10604.65,-10767.65,12484.76,102.6326707694505,12484.76
12679.0,3022489.55,1081834.04,-10444.78,-10297.95,-10463.81,-10508.57,-10573.57,-10604.57,-10767.57,12485.65,104.39316583676394,12485.65
12680.0,3022489.25,1081834.55,-10445.6,-10297.87,-10463.73,-10508.49,-10573.49,-10604.49,-10767.49,12486.54,102.41260888603634,12486.54
12681.0,3022488.95,1081835.05,-10446.41,-10297.8,-10463.66,-10508.42,-10573.42,-10604.42,-10767.42,12487.43,99.78234542237163,12487.43
12682.0,3022488.65,1081835.56,-10447.21,-10297.72,-10463.58,-10508.34,-10573.34,-10604.34,-10767.34,12488.31,100.0024073057858,12488.31
12683.0,3022488.35,1081836.06,-10448.02,-10297.64,-10463.5,-10508.26,-10573.26,-10604.26,-10767.26,12489.2,102.41260888603634,12489.2
12684.0,3022488.05,1081836.57,-10448.83,-10297.57,-10463.43,-10508.19,-10573.19,-10604.19,-10767.19,12490.09,,12490.09
12685.0,3022487.74,1081837.08,-10449.63,-10297.49,-10463.35,-10508.11,-10573.11,-10604.11,-10767.11,12490.98,98.46197412188656,12490.98
12686.0,3022487.44,1081837.59,-10450.44,-10297.41,-10463.27,-10508.03,-10573.03,-10604.03,-10767.03,12491.85,103.51291830310724,12491.85
12687.0,3022487.14,1081838.1,-10451.24,-10297.33,-10463.19,-10507.95,-10572.95,-10603.95,-10766.95,12492.73,105.92311988335774,12492.73
12688.0,3022486.84,1081838.62,-10452.05,-10297.25,-10463.11,-10507.87,-10572.87,-10603.87,-10766.87,12493.61,,12493.61
12689.0,3022486.53,1081839.13,-10452.85,-10297.17,-10463.03,-10507.79,-10572.79,-10603.79,-10766.79,12494.490000000002,100.88265483944252,12494.490000000002
12690.0,3022486.23,1081839.65,-10453.65,-10297.1,-10462.96,-10507.72,-10572.72,-10603.72,-10766.72,12495.37,110.9740640645784,12495.37
12691.0,3022485.93,1081840.16,-10454.45,-10297.02,-10462.88,-10507.64,-10572.64,-10603.64,-10766.64,12496.25,119.30497822240086,12496.25
12692.0,3022485.62,1081840.68,-10455.25,-10296.94,-10462.8,-10507.56,-10572.56,-10603.56,-10766.56,12497.13,,12497.13
12693.0,3022485.32,1081841.2,-10456.05,-10296.86,-10462.72,-10507.48,-10572.48,-10603.48,-10766.48,12498.01,118.2151479426354,12498.01
12694.0,3022485.01,1081841.72,-10456.84,-10296.78,-10462.64,-10507.4,-10572.4,-10603.4,-10766.4,12498.89,119.30497822240086,12498.89
12695.0,3022484.7,1081842.25,-10457.64,-10296.7,-10462.56,-10507.32,-10572.32,-10603.32,-10766.32,12499.77,112.06389434434384,12499.77
12696.0,3022484.4,1081842.77,-10458.43,-10296.62,-10462.48,-10507.24,-10572.24,-10603.24,-10766.24,12500.64,103.29285641969304,12500.64
12697.0,3022484.09,1081843.29,-10459.23,-10296.54,-10462.4,-10507.16,-10572.16,-10603.16,-10766.16,12501.52,101.1027167228567,12501.52
12698.0,3022483.78,1081843.82,-10460.02,-10296.46,-10462.32,-10507.08,-10572.08,-10603.08,-10766.08,12502.39,104.83328960359228,12502.39
12699.0,3022483.47,1081844.35,-10460.81,-10296.38,-10462.24,-10507.0,-10572.0,-10603.0,-10766.0,12503.26,109.43363088067916,12503.26
12700.0,3022483.16,1081844.88,-10461.6,-10296.3,-10462.16,-10506.92,-10571.92,-10602.92,-10765.92,12504.13,110.53394029775004,12504.13
12701.0,3022482.85,1081845.41,-10462.39,-10296.22,-10462.08,-10506.84,-10571.84,-10602.84,-10765.84,12505.0,115.36482259555652,12505.0
12702.0,3022482.54,1081845.94,-10463.18,-10296.15,-10462.01,-10506.77,-10571.77,-10602.77,-10765.77,12505.86,113.6043275282431,12505.86
12703.0,3022482.23,1081846.47,-10463.96,-10296.13,-10461.99,-10506.75,-10571.75,-10602.75,-10765.75,12506.67,105.04287234970104,12506.67
12704.0,3022481.92,1081847.01,-10464.75,-10296.11,-10461.97,-10506.73,-10571.73,-10602.73,-10765.73,12507.47,90.50830890705984,12507.47
12705.0,3022481.61,1081847.55,-10465.53,-10296.09,-10461.95,-10506.71,-10571.71,-10602.71,-10765.71,12508.28,81.29714721558067,12508.28
12706.0,3022481.29,1081848.08,-10466.32,-10296.07,-10461.93,-10506.69,-10571.69,-10602.69,-10765.69,12509.070000000002,73.83600145410948,12509.070000000002
12707.0,3022480.98,1081848.62,-10467.1,-10296.04,-10461.9,-10506.66,-10571.66,-10602.66,-10765.66,12509.87,70.0530328868467,12509.87
12708.0,3022480.66,1081849.16,-10467.88,-10296.02,-10461.88,-10506.64,-10571.64,-10602.64,-10765.64,12510.67,69.39284723660417,12510.67
12709.0,3022480.34,1081849.7,-10468.66,-10296.0,-10461.86,-10506.62,-10571.62,-10602.62,-10765.62,12511.47,70.93328042050342,12511.47
12710.0,3022480.03,1081850.25,-10469.43,-10295.98,-10461.84,-10506.6,-10571.6,-10602.6,-10765.6,12512.27,70.92280128319797,12512.27
12711.0,3022479.71,1081850.79,-10470.21,-10295.96,-10461.82,-10506.58,-10571.58,-10602.58,-10765.58,12513.06,72.07550638679606,12513.06
12712.0,3022479.39,1081851.34,-10470.98,-10295.94,-10461.8,-10506.56,-10571.56,-10602.56,-10765.56,12513.86,84.5875963294879,12513.86
12713.0,3022479.07,1081851.89,-10471.76,-10295.92,-10461.78,-10506.54,-10571.54,-10602.54,-10765.54,12514.66,89.74333188376293,12514.66
12714.0,3022478.75,1081852.44,-10472.53,-10295.9,-10461.76,-10506.52,-10571.52,-10602.52,-10765.52,12515.46,90.0157894537043,12515.46
12715.0,3022478.43,1081852.99,-10473.3,-10295.87,-10461.73,-10506.49,-10571.49,-10602.49,-10765.49,12516.25,,12516.25
12716.0,3022478.11,1081853.54,-10474.07,-10295.85,-10461.71,-10506.47,-10571.47,-10602.47,-10765.47,12517.04,89.79572757029011,12517.04
12717.0,3022477.79,1081854.09,-10474.84,-10295.83,-10461.69,-10506.45,-10571.45,-10602.45,-10765.45,12517.83,103.29285641969304,12517.83
12718.0,3022477.47,1081854.65,-10475.6,-10295.81,-10461.67,-10506.43,-10571.43,-10602.43,-10765.43,12518.61,112.07437348164927,12518.61
12719.0,3022477.14,1081855.2,-10476.37,-10295.79,-10461.65,-10506.41,-10571.41,-10602.41,-10765.41,12519.4,103.9006463834084,12519.4
12720.0,3022476.82,1081855.76,-10477.13,-10295.77,-10461.63,-10506.39,-10571.39,-10602.39,-10765.39,12520.18,90.07866427753692,12520.18
12721.0,3022476.49,1081856.32,-10477.9,-10295.74,-10461.6,-10506.36,-10571.36,-10602.36,-10765.36,12520.97,81.9573328658232,12520.97
12722.0,3022476.17,1081856.88,-10478.66,-10295.72,-10461.58,-10506.34,-10571.34,-10602.34,-10765.34,12521.75,77.29411676490372,12521.75
12723.0,3022475.84,1081857.44,-10479.42,-10295.7,-10461.56,-10506.32,-10571.32,-10602.32,-10765.32,12522.54,77.12645056801671,12522.54
12724.0,3022475.51,1081858.0,-10480.18,-10295.68,-10461.54,-10506.3,-10571.3,-10602.3,-10765.3,12523.320000000002,78.05909378820061,12523.320000000002
12725.0,3022475.18,1081858.57,-10480.94,-10295.66,-10461.52,-10506.28,-10571.28,-10602.28,-10765.28,12524.11,81.12948101869367,12524.11
12726.0,3022474.86,1081859.13,-10481.69,-10295.63,-10461.49,-10506.25,-10571.25,-10602.25,-10765.25,12524.88,78.00669810167342,12524.88
12727.0,3022474.53,1081859.7,-10482.45,-10295.61,-10461.47,-10506.23,-10571.23,-10602.23,-10765.23,12525.65,78.49921755502896,12525.65
12728.0,3022474.2,1081860.27,-10483.2,-10295.59,-10461.45,-10506.21,-10571.21,-10602.21,-10765.21,12526.43,,12526.43
12729.0,3022473.87,1081860.84,-10483.95,-10295.57,-10461.43,-10506.19,-10571.19,-10602.19,-10765.19,12527.2,75.54410083489573,12527.2
12730.0,3022473.53,1081861.41,-10484.7,-10295.55,-10461.41,-10506.17,-10571.17,-10602.17,-10765.17,12527.97,72.91383737123103,12527.97
12731.0,3022473.2,1081861.98,-10485.45,-10295.52,-10461.38,-10506.14,-10571.14,-10602.14,-10765.14,12528.75,70.93328042050342,12528.75
12732.0,3022472.87,1081862.55,-10486.2,-10295.5,-10461.36,-10506.12,-10571.12,-10602.12,-10765.12,12529.52,75.20876844112173,12529.52
12733.0,3022472.53,1081863.13,-10486.95,-10295.48,-10461.34,-10506.1,-10571.1,-10602.1,-10765.1,12530.29,78.49921755502896,12530.29
12734.0,3022472.2,1081863.71,-10487.69,-10295.46,-10461.32,-10506.08,-10571.08,-10602.08,-10765.08,12531.06,75.81655840483708,12531.06
12735.0,3022471.86,1081864.28,-10488.44,-10295.43,-10461.29,-10506.05,-10571.05,-10602.05,-10765.05,12531.84,78.1114894747278,12531.84
12736.0,3022471.53,1081864.86,-10489.18,-10295.41,-10461.27,-10506.03,-10571.03,-10602.03,-10765.03,12532.6,81.51720909899485,12532.6
12737.0,3022471.19,1081865.44,-10489.92,-10295.39,-10461.25,-10506.01,-10571.01,-10602.01,-10765.01,12533.35,,12533.35
12738.0,3022470.85,1081866.02,-10490.66,-10295.36,-10461.22,-10505.98,-10570.98,-10601.98,-10764.98,12534.11,113.11180807488756,12534.11
12739.0,3022470.52,1081866.61,-10491.4,-10295.34,-10461.2,-10505.96,-10570.96,-10601.96,-10764.96,12534.87,107.5159487537842,12534.87
12740.0,3022470.18,1081867.19,-10492.14,-10295.32,-10461.18,-10505.94,-10570.94,-10601.94,-10764.94,12535.63,84.48280495643354,12535.63
12741.0,3022469.84,1081867.78,-10492.88,-10295.3,-10461.16,-10505.92,-10570.92,-10601.92,-10764.92,12536.39,68.3030169568387,12536.39
12742.0,3022469.5,1081868.36,-10493.61,-10295.27,-10461.13,-10505.89,-10570.89,-10601.89,-10764.89,12537.15,73.12342011733976,12537.15
12743.0,3022469.16,1081868.95,-10494.34,-10295.25,-10461.11,-10505.87,-10570.87,-10601.87,-10764.87,12537.91,76.24620303436001,12537.91
12744.0,3022468.82,1081869.54,-10495.08,-10295.23,-10461.09,-10505.85,-10570.85,-10601.85,-10764.85,12538.67,86.55767414291007,12538.67
12745.0,3022468.47,1081870.13,-10495.81,-10295.21,-10461.07,-10505.83,-10570.83,-10601.83,-10764.83,12539.43,118.16275225610822,12539.43
12746.0,3022468.13,1081870.73,-10496.53,-10295.18,-10461.04,-10505.8,-10570.8,-10601.8,-10764.8,12540.18,126.99666500459166,12540.18
12747.0,3022467.79,1081871.32,-10497.26,-10295.16,-10461.02,-10505.78,-10570.78,-10601.78,-10764.78,12540.92,115.80494636238488,12540.92
12748.0,3022467.44,1081871.92,-10497.99,-10295.13,-10460.99,-10505.75,-10570.75,-10601.75,-10764.75,12541.67,99.34222165554328,12541.67
12749.0,3022467.1,1081872.51,-10498.71,-10295.11,-10460.97,-10505.73,-10570.73,-10601.73,-10764.73,12542.41,96.4395006219372,12542.41
12750.0,3022466.75,1081873.11,-10499.44,-10295.09,-10460.95,-10505.71,-10570.71,-10601.71,-10764.71,12543.16,,12543.16
12751.0,3022466.41,1081873.71,-10500.16,-10295.06,-10460.92,-10505.68,-10570.68,-10601.68,-10764.68,12543.91,76.2985987208872,12543.91
12752.0,3022466.06,1081874.31,-10500.88,-10295.04,-10460.9,-10505.66,-10570.66,-10601.66,-10764.66,12544.65,81.51720909899485,12544.65
12753.0,3022465.71,1081874.91,-10501.6,-10295.02,-10460.88,-10505.64,-10570.64,-10601.64,-10764.64,12545.4,87.93044112992231,12545.4
12754.0,3022465.36,1081875.51,-10502.32,-10294.99,-10460.85,-10505.61,-10570.61,-10601.61,-10764.61,12546.15,80.53217019228377,12546.15
12755.0,3022465.01,1081876.12,-10503.03,-10294.97,-10460.83,-10505.59,-10570.59,-10601.59,-10764.59,12546.89,71.1533423039176,12546.89
12756.0,3022464.66,1081876.72,-10503.75,-10294.95,-10460.81,-10505.57,-10570.57,-10601.57,-10764.57,12547.62,73.64737698261162,12547.62
12757.0,3022464.31,1081877.33,-10504.46,-10294.92,-10460.78,-10505.54,-10570.54,-10601.54,-10764.54,12548.36,80.35402485809134,12548.36
12758.0,3022463.96,1081877.94,-10505.17,-10294.9,-10460.76,-10505.52,-10570.52,-10601.52,-10764.52,12549.09,81.8420623554634,12549.09
12759.0,3022463.61,1081878.55,-10505.88,-10294.88,-10460.74,-10505.5,-10570.5,-10601.5,-10764.5,12549.820000000002,92.23736656245694,12549.820000000002
12760.0,3022463.26,1081879.16,-10506.59,-10294.85,-10460.71,-10505.47,-10570.47,-10601.47,-10764.47,12550.55,85.7193431584751,12550.55
12761.0,3022462.91,1081879.77,-10507.3,-10294.83,-10460.69,-10505.45,-10570.45,-10601.45,-10764.45,12551.28,,12551.28
12762.0,3022462.55,1081880.38,-10508.01,-10294.8,-10460.66,-10505.42,-10570.42,-10601.42,-10764.42,12552.02,54.9211586177956,12552.02
12763.0,3022462.2,1081881.0,-10508.71,-10294.78,-10460.64,-10505.4,-10570.4,-10601.4,-10764.4,12552.75,,12552.75
12764.0,3022461.84,1081881.61,-10509.42,-10294.76,-10460.62,-10505.38,-10570.38,-10601.38,-10764.38,12553.48,56.67117454780359,12553.48
12765.0,3022461.49,1081882.23,-10510.12,-10294.73,-10460.59,-10505.35,-10570.35,-10601.35,-10764.35,12554.21,58.87179338194536,12554.21
12766.0,3022461.13,1081882.85,-10510.82,-10294.71,-10460.57,-10505.33,-10570.33,-10601.33,-10764.33,12554.93,57.98106671098322,12554.93
12767.0,3022460.77,1081883.47,-10511.52,-10294.68,-10460.54,-10505.3,-10570.3,-10601.3,-10764.3,12555.65,,12555.65
12768.0,3022460.42,1081884.09,-10512.21,-10294.66,-10460.52,-10505.28,-10570.28,-10601.28,-10764.28,12556.37,57.111298314631945,12556.37
12769.0,3022460.06,1081884.71,-10512.91,-10294.64,-10460.5,-10505.26,-10570.26,-10601.26,-10764.26,12557.09,54.9211586177956,12557.09
12770.0,3022459.7,1081885.33,-10513.61,-10294.61,-10460.47,-10505.23,-10570.23,-10601.23,-10764.23,12557.81,53.16066355048218,12557.81
12771.0,3022459.34,1081885.96,-10514.3,-10294.59,-10460.45,-10505.21,-10570.21,-10601.21,-10764.21,12558.52,56.67117454780359,12558.52
12772.0,3022458.98,1081886.58,-10514.99,-10294.56,-10460.42,-10505.18,-10570.18,-10601.18,-10764.18,12559.240000000002,58.87179338194536,12559.240000000002
12773.0,3022458.62,1081887.21,-10515.68,-10294.54,-10460.4,-10505.16,-10570.16,-10601.16,-10764.16,12559.96,57.98106671098322,12559.96
12774.0,3022458.26,1081887.84,-10516.37,-10294.51,-10460.37,-10505.13,-10570.13,-10601.13,-10764.13,12560.68,55.5708651307327,12560.68
12775.0,3022457.89,1081888.47,-10517.06,-10294.49,-10460.35,-10505.11,-10570.11,-10601.11,-10764.11,12561.4,,12561.4
12776.0,3022457.53,1081889.1,-10517.74,-10294.47,-10460.33,-10505.09,-10570.09,-10601.09,-10764.09,12562.1,44.159084605111744,12562.1
12777.0,3022457.17,1081889.73,-10518.43,-10294.44,-10460.3,-10505.06,-10570.06,-10601.06,-10764.06,12562.8,45.479455905596815,12562.8
12778.0,3022456.8,1081890.36,-10519.11,-10294.42,-10460.28,-10505.04,-10570.04,-10601.04,-10764.04,12563.51,55.5708651307327,12563.51
12779.0,3022456.44,1081891.0,-10519.79,-10294.39,-10460.25,-10505.01,-10570.01,-10601.01,-10764.01,12564.21,59.30143801146829,12564.21
12780.0,3022456.07,1081891.63,-10520.47,-10294.37,-10460.23,-10504.99,-10569.99,-10600.99,-10763.99,12564.92,50.07979718268368,12564.92
12781.0,3022455.71,1081892.27,-10521.15,-10294.34,-10460.2,-10504.96,-10569.96,-10600.96,-10763.96,12565.62,41.9689449082754,12565.62
12782.0,3022455.34,1081892.91,-10521.83,-10294.32,-10460.18,-10504.94,-10569.94,-10600.94,-10763.94,12566.320000000002,46.79982720608188,12566.320000000002
12783.0,3022454.97,1081893.55,-10522.5,-10294.29,-10460.15,-10504.91,-10569.91,-10600.91,-10763.91,12567.03,56.23105078097523,12567.03
12784.0,3022454.6,1081894.19,-10523.17,-10294.27,-10460.13,-10504.89,-10569.89,-10600.89,-10763.89,12567.73,56.010988897561056,12567.73
12785.0,3022454.23,1081894.83,-10523.85,-10294.24,-10460.1,-10504.86,-10569.86,-10600.86,-10763.86,12568.44,49.87021443657494,12568.44
12786.0,3022453.86,1081895.47,-10524.52,-10294.22,-10460.08,-10504.84,-10569.84,-10600.84,-10763.84,12569.12,53.65318300383772,12569.12
12787.0,3022453.49,1081896.12,-10525.19,-10294.19,-10460.05,-10504.81,-10569.81,-10600.81,-10763.81,12569.81,65.33742109940003,12569.81
12788.0,3022453.12,1081896.76,-10525.86,-10294.17,-10460.03,-10504.79,-10569.79,-10600.79,-10763.79,12570.5,64.6772354491575,12570.5
12789.0,3022452.75,1081897.41,-10526.52,-10294.14,-10460.0,-10504.76,-10569.76,-10600.76,-10763.76,12571.19,54.9211586177956,12571.19
12790.0,3022452.38,1081898.06,-10527.19,-10294.12,-10459.98,-10504.74,-10569.74,-10600.74,-10763.74,12571.88,50.97052385364583,12571.88
12791.0,3022452.01,1081898.71,-10527.85,-10294.09,-10459.95,-10504.71,-10569.71,-10600.71,-10763.71,12572.570000000002,47.460012856324425,12572.570000000002
12792.0,3022451.63,1081899.36,-10528.51,-10294.07,-10459.93,-10504.69,-10569.69,-10600.69,-10763.69,12573.26,40.65905274509576,12573.26
12793.0,3022451.26,1081900.01,-10529.17,-10294.04,-10459.9,-10504.66,-10569.66,-10600.66,-10763.66,12573.95,37.57818637729728,12573.95
12794.0,3022450.88,1081900.66,-10529.83,-10294.01,-10459.87,-10504.63,-10569.63,-10600.63,-10763.63,12574.64,41.30875925803287,12574.64
12795.0,3022450.51,1081901.32,-10530.49,-10293.99,-10459.85,-10504.61,-10569.61,-10600.61,-10763.61,12575.33,48.98996690291823,12575.33
12796.0,3022450.13,1081901.97,-10531.14,-10293.96,-10459.82,-10504.58,-10569.58,-10600.58,-10763.58,12576.0,59.09185526535955,12576.0
12797.0,3022449.75,1081902.63,-10531.79,-10293.94,-10459.8,-10504.56,-10569.56,-10600.56,-10763.56,12576.67,58.65173149853119,12576.67
12798.0,3022449.37,1081903.28,-10532.45,-10293.91,-10459.77,-10504.53,-10569.53,-10600.53,-10763.53,12577.35,50.53040008681747,12577.35
12799.0,3022448.99,1081903.94,-10533.1,-10293.89,-10459.75,-10504.51,-10569.51,-10600.51,-10763.51,12578.02,43.71896083828339,12578.02
12800.0,3022448.61,1081904.6,-10533.74,-10293.86,-10459.72,-10504.48,-10569.48,-10600.48,-10763.48,12578.69,45.03933213876847,12578.69
12801.0,3022448.23,1081905.26,-10534.39,-10293.84,-10459.7,-10504.46,-10569.46,-10600.46,-10763.46,12579.37,46.13964155583935,12579.37
12802.0,3022447.84,1081905.92,-10535.04,-10293.81,-10459.67,-10504.43,-10569.43,-10600.43,-10763.43,12580.04,46.79982720608188,12580.04
12803.0,3022447.46,1081906.58,-10535.68,-10293.78,-10459.64,-10504.4,-10569.4,-10600.4,-10763.4,12580.71,45.91957967242517,12580.71
12804.0,3022447.07,1081907.24,-10536.32,-10293.76,-10459.62,-10504.38,-10569.38,-10600.38,-10763.38,12581.39,52.72053978365382,12581.39
12805.0,3022446.69,1081907.91,-10536.96,-10293.73,-10459.59,-10504.35,-10569.35,-10600.35,-10763.35,12582.06,56.89123643121777,12582.06
12806.0,3022446.3,1081908.57,-10537.6,-10293.71,-10459.57,-10504.33,-10569.33,-10600.33,-10763.33,12582.72,55.14122050120978,12582.72
12807.0,3022445.91,1081909.24,-10538.24,-10293.68,-10459.54,-10504.3,-10569.3,-10600.3,-10763.3,12583.37,48.12019850656695,12583.37
12808.0,3022445.52,1081909.91,-10538.87,-10293.65,-10459.51,-10504.27,-10569.27,-10600.27,-10763.27,12584.03,45.26987315948808,12584.03
12809.0,3022445.13,1081910.58,-10539.51,-10293.63,-10459.49,-10504.25,-10569.25,-10600.25,-10763.25,12584.69,42.84919244193212,12584.69
12810.0,3022444.74,1081911.24,-10540.14,-10293.6,-10459.46,-10504.22,-10569.22,-10600.22,-10763.22,12585.35,41.74888302486123,12585.35
12811.0,3022444.35,1081911.92,-10540.77,-10293.58,-10459.44,-10504.2,-10569.2,-10600.2,-10763.2,12586.0,45.25939402218263,12586.0
12812.0,3022443.96,1081912.59,-10541.4,-10293.55,-10459.41,-10504.17,-10569.17,-10600.17,-10763.17,12586.66,53.38072543389635,12586.66
12813.0,3022443.57,1081913.26,-10542.02,-10293.52,-10459.38,-10504.14,-10569.14,-10600.14,-10763.14,12587.320000000002,54.04091108413888,12587.320000000002
12814.0,3022443.17,1081913.93,-10542.65,-10293.5,-10459.36,-10504.12,-10569.12,-10600.12,-10763.12,12587.98,,12587.98
12815.0,3022442.78,1081914.61,-10543.27,-10293.47,-10459.33,-10504.09,-10569.09,-10600.09,-10763.09,12588.63,39.3386814446107,12588.63
12816.0,3022442.38,1081915.28,-10543.9,-10293.44,-10459.3,-10504.06,-10569.06,-10600.06,-10763.06,12589.27,38.89855767778235,12589.27
12817.0,3022441.99,1081915.96,-10544.52,-10293.42,-10459.28,-10504.04,-10569.04,-10600.04,-10763.04,12589.91,40.21892897826741,12589.91
12818.0,3022441.59,1081916.64,-10545.13,-10293.39,-10459.25,-10504.01,-10569.01,-10600.01,-10763.01,12590.56,,12590.56
12819.0,3022441.19,1081917.32,-10545.75,-10293.36,-10459.22,-10503.98,-10568.98,-10599.98,-10762.98,12591.2,60.62180931195335,12591.2
12820.0,3022440.79,1081918.0,-10546.37,-10293.34,-10459.2,-10503.96,-10568.96,-10599.96,-10762.96,12591.84,64.7925059595173,12591.84
12821.0,3022440.39,1081918.68,-10546.98,-10293.31,-10459.17,-10503.93,-10568.93,-10599.93,-10762.93,12592.48,,12592.48
12822.0,3022439.99,1081919.36,-10547.59,-10293.28,-10459.14,-10503.9,-10568.9,-10599.9,-10762.9,12593.12,49.87021443657494,12593.12
12823.0,3022439.59,1081920.04,-10548.2,-10293.26,-10459.12,-10503.88,-10568.88,-10599.88,-10762.88,12593.76,48.78038415680948,12593.76
12824.0,3022439.18,1081920.72,-10548.81,-10293.23,-10459.09,-10503.85,-10568.85,-10599.85,-10762.85,12594.4,47.90013662315277,12594.4
12825.0,3022438.78,1081921.41,-10549.42,-10293.2,-10459.06,-10503.82,-10568.82,-10599.82,-10762.82,12595.04,,12595.04
12826.0,3022438.37,1081922.09,-10550.02,-10293.18,-10459.04,-10503.8,-10568.8,-10599.8,-10762.8,12595.67,44.82974939265972,12595.67
12827.0,3022437.97,1081922.78,-10550.62,-10293.15,-10459.01,-10503.77,-10568.77,-10599.77,-10762.77,12596.29,46.79982720608188,12596.29
12828.0,3022437.56,1081923.47,-10551.23,-10293.12,-10458.98,-10503.74,-10568.74,-10599.74,-10762.74,12596.92,47.90013662315277,12596.92
12829.0,3022437.15,1081924.16,-10551.83,-10293.1,-10458.96,-10503.72,-10568.72,-10599.72,-10762.72,12597.54,50.09027631998912,12597.54
12830.0,3022436.75,1081924.85,-10552.42,-10293.07,-10458.93,-10503.69,-10568.69,-10599.69,-10762.69,12598.16,50.53040008681747,12598.16
12831.0,3022436.34,1081925.54,-10553.02,-10293.04,-10458.9,-10503.66,-10568.66,-10599.66,-10762.66,12598.79,56.45111266438941,12598.79
12832.0,3022435.93,1081926.23,-10553.62,-10293.01,-10458.87,-10503.63,-10568.63,-10599.63,-10762.63,12599.41,63.69219654244642,12599.41
12833.0,3022435.52,1081926.92,-10554.21,-10292.99,-10458.85,-10503.61,-10568.61,-10599.61,-10762.61,12600.04,65.89281537658819,12600.04
12834.0,3022435.1,1081927.62,-10554.8,-10292.96,-10458.82,-10503.58,-10568.58,-10599.58,-10762.58,12600.66,59.74156177829665,12600.66
12835.0,3022434.69,1081928.31,-10555.39,-10292.93,-10458.79,-10503.55,-10568.55,-10599.55,-10762.55,12601.29,71.3210085008046,12601.29
12836.0,3022434.28,1081929.01,-10555.98,-10292.91,-10458.77,-10503.53,-10568.53,-10599.53,-10762.53,12601.88,,12601.88
12837.0,3022433.86,1081929.7,-10556.56,-10292.9,-10458.76,-10503.52,-10568.52,-10599.52,-10762.52,12602.48,172.73809934282437,12602.48
12838.0,3022433.45,1081930.4,-10557.15,-10292.88,-10458.74,-10503.5,-10568.5,-10599.5,-10762.5,12603.08,160.8337993638479,12603.08
12839.0,3022433.03,1081931.1,-10557.73,-10292.86,-10458.72,-10503.48,-10568.48,-10599.48,-10762.48,12603.68,101.49044480315789,12603.68
12840.0,3022432.62,1081931.8,-10558.31,-10292.84,-10458.7,-10503.46,-10568.46,-10599.46,-10762.46,12604.28,65.50508729628703,12604.28
12841.0,3022432.2,1081932.5,-10558.89,-10292.82,-10458.68,-10503.44,-10568.44,-10599.44,-10762.44,12604.88,54.48103485096724,12604.88
12842.0,3022431.78,1081933.2,-10559.47,-10292.8,-10458.66,-10503.42,-10568.42,-10599.42,-10762.42,12605.48,48.10971936926151,12605.48
12843.0,3022431.36,1081933.9,-10560.04,-10292.78,-10458.64,-10503.4,-10568.4,-10599.4,-10762.4,12606.070000000002,44.81927025535428,12606.070000000002
12844.0,3022430.94,1081934.6,-10560.62,-10292.76,-10458.62,-10503.38,-10568.38,-10599.38,-10762.38,12606.67,47.68007473973859,12606.67
12845.0,3022430.52,1081935.31,-10561.19,-10292.74,-10458.6,-10503.36,-10568.36,-10599.36,-10762.36,12607.27,48.12019850656695,12607.27
12846.0,3022430.1,1081936.01,-10561.76,-10292.73,-10458.59,-10503.35,-10568.35,-10599.35,-10762.35,12607.85,50.310338203403305,12607.85
12847.0,3022429.68,1081936.72,-10562.33,-10292.71,-10458.57,-10503.33,-10568.33,-10599.33,-10762.33,12608.43,49.00044604022367,12608.43
12848.0,3022429.25,1081937.43,-10562.89,-10292.7,-10458.56,-10503.32,-10568.32,-10599.32,-10762.32,12609.01,52.72053978365382,12609.01
12849.0,3022428.83,1081938.13,-10563.46,-10292.68,-10458.54,-10503.3,-10568.3,-10599.3,-10762.3,12609.59,,12609.59
12850.0,3022428.4,1081938.84,-10564.02,-10292.66,-10458.52,-10503.28,-10568.28,-10599.28,-10762.28,12610.17,73.6159395706953,12610.17
12851.0,3022427.98,1081939.55,-10564.58,-10292.65,-10458.51,-10503.27,-10568.27,-10599.27,-10762.27,12610.740000000002,81.1923558425263,12610.740000000002
12852.0,3022427.55,1081940.26,-10565.14,-10292.63,-10458.49,-10503.25,-10568.25,-10599.25,-10762.25,12611.320000000002,98.74491082913336,12611.320000000002
12853.0,3022427.12,1081940.97,-10565.7,-10292.61,-10458.47,-10503.23,-10568.23,-10599.23,-10762.23,12611.9,112.45162242464502,12611.9
12854.0,3022426.69,1081941.69,-10566.25,-10292.6,-10458.46,-10503.22,-10568.22,-10599.22,-10762.22,12612.48,111.41418783140676,12612.48
12855.0,3022426.26,1081942.4,-10566.81,-10292.58,-10458.44,-10503.2,-10568.2,-10599.2,-10762.2,12613.06,93.91402853132688,12613.06
12856.0,3022425.83,1081943.11,-10567.36,-10292.56,-10458.42,-10503.18,-10568.18,-10599.18,-10762.18,12613.62,79.00221614568996,12613.62
12857.0,3022425.4,1081943.83,-10567.91,-10292.55,-10458.41,-10503.17,-10568.17,-10599.17,-10762.17,12614.18,70.49315665367506,12614.18
12858.0,3022424.97,1081944.54,-10568.46,-10292.53,-10458.39,-10503.15,-10568.15,-10599.15,-10762.15,12614.740000000002,69.17278535319,12614.740000000002
12859.0,3022424.54,1081945.26,-10569.01,-10292.51,-10458.37,-10503.13,-10568.13,-10599.13,-10762.13,12615.3,67.63235216929075,12615.3
12860.0,3022424.11,1081945.98,-10569.55,-10292.49,-10458.35,-10503.11,-10568.11,-10599.11,-10762.11,12615.87,65.01256784293149,12615.87
12861.0,3022423.67,1081946.7,-10570.1,-10292.48,-10458.34,-10503.1,-10568.1,-10599.1,-10762.1,12616.43,65.23262972634566,12616.43
12862.0,3022423.24,1081947.42,-10570.64,-10292.46,-10458.32,-10503.08,-10568.08,-10599.08,-10762.08,12616.990000000002,64.35238219268895,12616.990000000002
12863.0,3022422.8,1081948.14,-10571.18,-10292.44,-10458.3,-10503.06,-10568.06,-10599.06,-10762.06,12617.55,64.57244407610312,12617.55
12864.0,3022422.36,1081948.86,-10571.72,-10292.43,-10458.29,-10503.05,-10568.05,-10599.05,-10762.05,12618.11,62.811949008789696,12618.11
12865.0,3022421.93,1081949.58,-10572.25,-10292.41,-10458.27,-10503.03,-10568.03,-10599.03,-10762.03,12618.67,62.1622424958526,12618.67
12866.0,3022421.49,1081950.3,-10572.79,-10292.39,-10458.25,-10503.01,-10568.01,-10599.01,-10762.01,12619.21,,12619.21
12867.0,3022421.05,1081951.03,-10573.32,-10292.38,-10458.24,-10503.0,-10568.0,-10599.0,-10762.0,12619.76,68.08295507342454,12619.76
12868.0,3022420.61,1081951.75,-10573.85,-10292.36,-10458.22,-10502.98,-10567.98,-10598.98,-10761.98,12620.3,67.422769423182,12620.3
12869.0,3022420.17,1081952.48,-10574.38,-10292.34,-10458.2,-10502.96,-10567.96,-10598.96,-10761.96,12620.84,65.89281537658819,12620.84
12870.0,3022419.73,1081953.2,-10574.91,-10292.33,-10458.19,-10502.95,-10567.95,-10598.95,-10761.95,12621.39,66.76258377293946,12621.39
12871.0,3022419.29,1081953.93,-10575.43,-10292.31,-10458.17,-10502.93,-10567.93,-10598.93,-10761.93,12621.93,66.98264565635365,12621.93
12872.0,3022418.84,1081954.66,-10575.95,-10292.29,-10458.15,-10502.91,-10567.91,-10598.91,-10761.91,12622.47,67.63235216929075,12622.47
12873.0,3022418.4,1081955.39,-10576.48,-10292.27,-10458.13,-10502.89,-10567.89,-10598.89,-10761.89,12623.02,63.47213465903223,12623.02
12874.0,3022417.96,1081956.12,-10576.99,-10292.26,-10458.12,-10502.88,-10567.88,-10598.88,-10761.88,12623.56,60.18168554512499,12623.56
12875.0,3022417.51,1081956.85,-10577.51,-10292.24,-10458.1,-10502.86,-10567.86,-10598.86,-10761.86,12624.1,,12624.1
12876.0,3022417.06,1081957.58,-10578.03,-10292.22,-10458.08,-10502.84,-10567.84,-10598.84,-10761.84,12624.63,59.31191714877372,12624.63
12877.0,3022416.62,1081958.31,-10578.54,-10292.21,-10458.07,-10502.83,-10567.83,-10598.83,-10761.83,12625.15,59.74156177829665,12625.15
12878.0,3022416.17,1081959.04,-10579.06,-10292.19,-10458.05,-10502.81,-10567.81,-10598.81,-10761.81,12625.68,61.72211872902425,12625.68
12879.0,3022415.72,1081959.78,-10579.57,-10292.17,-10458.03,-10502.79,-10567.79,-10598.79,-10761.79,12626.2,67.64283130659618,12626.2
12880.0,3022415.27,1081960.51,-10580.07,-10292.15,-10458.01,-10502.77,-10567.77,-10598.77,-10761.77,12626.73,68.95272346977582,12626.73
12881.0,3022414.82,1081961.25,-10580.58,-10292.14,-10458.0,-10502.76,-10567.76,-10598.76,-10761.76,12627.25,72.02311070026887,12627.25
12882.0,3022414.37,1081961.98,-10581.09,-10292.12,-10457.98,-10502.74,-10567.74,-10598.74,-10761.74,12627.78,70.0530328868467,12627.78
12883.0,3022413.92,1081962.72,-10581.59,-10292.1,-10457.96,-10502.72,-10567.72,-10598.72,-10761.72,12628.3,,12628.3
12884.0,3022413.47,1081963.46,-10582.09,-10292.08,-10457.94,-10502.7,-10567.7,-10598.7,-10761.7,12628.83,64.35238219268895,12628.83
12885.0,3022413.02,1081964.2,-10582.59,-10292.07,-10457.93,-10502.69,-10567.69,-10598.69,-10761.69,12629.35,62.59188712537553,12629.35
12886.0,3022412.56,1081964.94,-10583.09,-10292.05,-10457.91,-10502.67,-10567.67,-10598.67,-10761.67,12629.86,60.62180931195335,12629.86
12887.0,3022412.11,1081965.68,-10583.58,-10292.03,-10457.89,-10502.65,-10567.65,-10598.65,-10761.65,12630.36,,12630.36
12888.0,3022411.65,1081966.42,-10584.07,-10292.01,-10457.87,-10502.63,-10567.63,-10598.63,-10761.63,12630.87,62.82242814609514,12630.87
12889.0,3022411.2,1081967.16,-10584.56,-10292.0,-10457.86,-10502.62,-10567.62,-10598.62,-10761.62,12631.37,61.72211872902425,12631.37
12890.0,3022410.74,1081967.91,-10585.05,-10291.98,-10457.84,-10502.6,-10567.6,-10598.6,-10761.6,12631.88,,12631.88
12891.0,3022410.28,1081968.65,-10585.54,-10291.96,-10457.82,-10502.58,-10567.58,-10598.58,-10761.58,12632.38,65.23262972634566,12632.38
12892.0,3022409.83,1081969.4,-10586.02,-10291.94,-10457.8,-10502.56,-10567.56,-10598.56,-10761.56,12632.89,64.35238219268895,12632.89
12893.0,3022409.37,1081970.14,-10586.51,-10291.93,-10457.79,-10502.55,-10567.55,-10598.55,-10761.55,12633.39,61.94218061243843,12633.39
12894.0,3022408.91,1081970.89,-10586.99,-10291.91,-10457.77,-10502.53,-10567.53,-10598.53,-10761.53,12633.9,58.431669615117016,12633.9
12895.0,3022408.45,1081971.64,-10587.47,-10291.89,-10457.75,-10502.51,-10567.51,-10598.51,-10761.51,12634.4,56.45111266438941,12634.4
12896.0,3022407.99,1081972.39,-10587.94,-10291.87,-10457.73,-10502.49,-10567.49,-10598.49,-10761.49,12634.89,60.40174742853918,12634.89
12897.0,3022407.53,1081973.14,-10588.42,-10291.86,-10457.72,-10502.48,-10567.48,-10598.48,-10761.48,12635.37,66.7730629102449,12635.37
12898.0,3022407.07,1081973.89,-10588.89,-10291.84,-10457.7,-10502.46,-10567.46,-10598.46,-10761.46,12635.86,67.64283130659618,12635.86
12899.0,3022406.6,1081974.64,-10589.36,-10291.82,-10457.68,-10502.44,-10567.44,-10598.44,-10761.44,12636.34,67.20270753976783,12636.34
12900.0,3022406.14,1081975.39,-10589.83,-10291.8,-10457.66,-10502.42,-10567.42,-10598.42,-10761.42,12636.820000000002,68.73266158636164,12636.820000000002
12901.0,3022405.68,1081976.15,-10590.29,-10291.79,-10457.65,-10502.41,-10567.41,-10598.41,-10761.41,12637.31,71.58298693344052,12637.31
12902.0,3022405.21,1081976.9,-10590.75,-10291.77,-10457.63,-10502.39,-10567.39,-10598.39,-10761.39,12637.79,,12637.79
12903.0,3022404.75,1081977.66,-10591.22,-10291.75,-10457.61,-10502.37,-10567.37,-10598.37,-10761.37,12638.28,,12638.28
12904.0,3022404.28,1081978.41,-10591.67,-10291.73,-10457.59,-10502.35,-10567.35,-10598.35,-10761.35,12638.76,73.34348200075394,12638.76
12905.0,3022403.82,1081979.17,-10592.13,-10291.72,-10457.58,-10502.34,-10567.34,-10598.34,-10761.34,12639.25,72.47371360440266,12639.25
12906.0,3022403.35,1081979.93,-10592.59,-10291.7,-10457.56,-10502.32,-10567.32,-10598.32,-10761.32,12639.71,,12639.71
12907.0,3022402.88,1081980.69,-10593.04,-10291.68,-10457.54,-10502.3,-10567.3,-10598.3,-10761.3,12640.17,64.7925059595173,12640.17
12908.0,3022402.41,1081981.45,-10593.49,-10291.66,-10457.52,-10502.28,-10567.28,-10598.28,-10761.28,12640.64,63.47213465903223,12640.64
12909.0,3022401.95,1081982.21,-10593.94,-10291.64,-10457.5,-10502.26,-10567.26,-10598.26,-10761.26,12641.1,62.38230437926679,12641.1
12910.0,3022401.48,1081982.97,-10594.39,-10291.63,-10457.49,-10502.25,-10567.25,-10598.25,-10761.25,12641.56,,12641.56
12911.0,3022401.01,1081983.73,-10594.83,-10291.61,-10457.47,-10502.23,-10567.23,-10598.23,-10761.23,12642.03,64.57244407610312,12642.03
12912.0,3022400.54,1081984.5,-10595.27,-10291.59,-10457.45,-10502.21,-10567.21,-10598.21,-10761.21,12642.490000000002,68.3030169568387,12642.490000000002
12913.0,3022400.06,1081985.26,-10595.71,-10291.57,-10457.43,-10502.19,-10567.19,-10598.19,-10761.19,12642.95,69.61290912001834,12642.95
12914.0,3022399.59,1081986.03,-10596.15,-10291.55,-10457.41,-10502.17,-10567.17,-10598.17,-10761.17,12643.42,70.71321853708925,12643.42
12915.0,3022399.12,1081986.79,-10596.59,-10291.54,-10457.4,-10502.16,-10567.16,-10598.16,-10761.16,12643.88,70.70273939978381,12643.88
12916.0,3022398.65,1081987.56,-10597.02,-10291.52,-10457.38,-10502.14,-10567.14,-10598.14,-10761.14,12644.320000000002,70.04255374954127,12644.320000000002
12917.0,3022398.17,1081988.33,-10597.45,-10291.5,-10457.36,-10502.12,-10567.12,-10598.12,-10761.12,12644.77,67.422769423182,12644.77
12918.0,3022397.7,1081989.1,-10597.88,-10291.48,-10457.34,-10502.1,-10567.1,-10598.1,-10761.1,12645.21,67.20270753976783,12645.21
12919.0,3022397.22,1081989.86,-10598.31,-10291.46,-10457.32,-10502.08,-10567.08,-10598.08,-10761.08,12645.65,67.64283130659618,12645.65
12920.0,3022396.75,1081990.63,-10598.73,-10291.44,-10457.3,-10502.06,-10567.06,-10598.06,-10761.06,12646.09,68.3030169568387,12646.09
12921.0,3022396.27,1081991.41,-10599.16,-10291.43,-10457.29,-10502.05,-10567.05,-10598.05,-10761.05,12646.54,67.64283130659618,12646.54
12922.0,3022395.79,1081992.18,-10599.58,-10291.41,-10457.27,-10502.03,-10567.03,-10598.03,-10761.03,12646.98,67.86289319001037,12646.98
12923.0,3022395.32,1081992.95,-10600.0,-10291.39,-10457.25,-10502.01,-10567.01,-10598.01,-10761.01,12647.42,66.76258377293946,12647.42
12924.0,3022394.84,1081993.72,-10600.41,-10291.37,-10457.23,-10501.99,-10566.99,-10597.99,-10760.99,12647.86,67.64283130659618,12647.86
12925.0,3022394.36,1081994.5,-10600.83,-10291.35,-10457.21,-10501.97,-10566.97,-10597.97,-10760.97,12648.3,70.32549045678807,12648.3
12926.0,3022393.88,1081995.27,-10601.24,-10291.34,-10457.2,-10501.96,-10566.96,-10597.96,-10760.96,12648.72,76.57105629082855,12648.72
12927.0,3022393.4,1081996.05,-10601.65,-10291.32,-10457.18,-10501.94,-10566.94,-10597.94,-10760.94,12649.15,84.25226393571393,12649.15
12928.0,3022392.92,1081996.82,-10602.06,-10291.3,-10457.16,-10501.92,-10566.92,-10597.92,-10760.92,12649.570000000002,90.9484326738882,12649.570000000002
12929.0,3022392.44,1081997.6,-10602.46,-10291.28,-10457.14,-10501.9,-10566.9,-10597.9,-10760.9,12649.990000000002,96.93202007529275,12649.990000000002
12930.0,3022391.96,1081998.38,-10602.87,-10291.26,-10457.12,-10501.88,-10566.88,-10597.88,-10760.88,12650.41,98.03232949236364,12650.41
12931.0,3022391.47,1081999.16,-10603.27,-10291.24,-10457.1,-10501.86,-10566.86,-10597.86,-10760.86,12650.83,91.55622263760354,12650.83
12932.0,3022390.99,1081999.94,-10603.67,-10291.23,-10457.09,-10501.85,-10566.85,-10597.85,-10760.85,12651.25,92.20592915054064,12651.25
12933.0,3022390.51,1082000.72,-10604.06,-10291.21,-10457.07,-10501.83,-10566.83,-10597.83,-10760.83,12651.67,93.5263004510257,12651.67
12934.0,3022390.02,1082001.5,-10604.46,-10291.19,-10457.05,-10501.81,-10566.81,-10597.81,-10760.81,12652.09,89.1984167438802,12652.09
12935.0,3022389.54,1082002.28,-10604.85,-10291.17,-10457.03,-10501.79,-10566.79,-10597.79,-10760.79,12652.51,78.22675998508761,12652.51
12936.0,3022389.05,1082003.06,-10605.24,-10291.16,-10457.02,-10501.78,-10566.78,-10597.78,-10760.78,12652.9,69.18326449049543,12652.9
12937.0,3022388.57,1082003.85,-10605.63,-10291.16,-10457.02,-10501.78,-10566.78,-10597.78,-10760.78,12653.29,67.20270753976783,12653.29
12938.0,3022388.08,1082004.63,-10606.02,-10291.15,-10457.01,-10501.77,-10566.77,-10597.77,-10760.77,12653.68,70.71321853708925,12653.68
12939.0,3022387.6,1082005.41,-10606.4,-10291.14,-10457.0,-10501.76,-10566.76,-10597.76,-10760.76,12654.06,76.02614115094582,12654.06
12940.0,3022387.11,1082006.2,-10606.78,-10291.13,-10456.99,-10501.75,-10566.75,-10597.75,-10760.75,12654.45,85.02772009631626,12654.45
12941.0,3022386.62,1082006.99,-10607.16,-10291.13,-10456.99,-10501.75,-10566.75,-10597.75,-10760.75,12654.84,90.9484326738882,12654.84
12942.0,3022386.13,1082007.77,-10607.54,-10291.12,-10456.98,-10501.74,-10566.74,-10597.74,-10760.74,12655.23,91.00082836041538,12655.23
12943.0,3022385.64,1082008.56,-10607.91,-10291.11,-10456.97,-10501.73,-10566.73,-10597.73,-10760.73,12655.61,89.18793760657476,12655.61
12944.0,3022385.15,1082009.35,-10608.29,-10291.1,-10456.96,-10501.72,-10566.72,-10597.72,-10760.72,12656.0,88.69541815321922,12656.0
12945.0,3022384.66,1082010.14,-10608.66,-10291.1,-10456.96,-10501.72,-10566.72,-10597.72,-10760.72,12656.39,85.74030143308599,12656.39
12946.0,3022384.17,1082010.93,-10609.03,-10291.09,-10456.95,-10501.71,-10566.71,-10597.71,-10760.71,12656.75,85.57263523619898,12656.75
12947.0,3022383.68,1082011.72,-10609.39,-10291.09,-10456.95,-10501.71,-10566.71,-10597.71,-10760.71,12657.12,86.23282088644153,12657.12
12948.0,3022383.19,1082012.51,-10609.76,-10291.08,-10456.94,-10501.7,-10566.7,-10597.7,-10760.7,12657.48,,12657.48
12949.0,3022382.7,1082013.3,-10610.12,-10291.08,-10456.94,-10501.7,-10566.7,-10597.7,-10760.7,12657.84,100.21199005189456,12657.84
12950.0,3022382.21,1082014.09,-10610.48,-10291.07,-10456.93,-10501.69,-10566.69,-10597.69,-10760.69,12658.21,102.6326707694505,12658.21
12951.0,3022381.71,1082014.89,-10610.83,-10291.06,-10456.92,-10501.68,-10566.68,-10597.68,-10760.68,12658.570000000002,100.0024073057858,12658.570000000002
12952.0,3022381.22,1082015.68,-10611.19,-10291.06,-10456.92,-10501.68,-10566.68,-10597.68,-10760.68,12658.94,98.25239137577782,12658.94
12953.0,3022380.72,1082016.47,-10611.54,-10291.05,-10456.91,-10501.67,-10566.67,-10597.67,-10760.67,12659.3,97.5922057255353,12659.3
12954.0,3022380.23,1082017.27,-10611.89,-10291.05,-10456.91,-10501.67,-10566.67,-10597.67,-10760.67,12659.66,92.25832483706785,12659.66
12955.0,3022379.73,1082018.07,-10612.24,-10291.04,-10456.9,-10501.66,-10566.66,-10597.66,-10760.66,12660.03,,12660.03
12956.0,3022379.24,1082018.86,-10612.59,-10291.04,-10456.9,-10501.66,-10566.66,-10597.66,-10760.66,12660.37,69.66530480654554,12660.37
12957.0,3022378.74,1082019.66,-10612.93,-10291.03,-10456.89,-10501.65,-10566.65,-10597.65,-10760.65,12660.71,67.63235216929075,12660.71
12958.0,3022378.25,1082020.46,-10613.27,-10291.03,-10456.89,-10501.65,-10566.65,-10597.65,-10760.65,12661.05,68.95272346977582,12661.05
12959.0,3022377.75,1082021.26,-10613.61,-10291.02,-10456.88,-10501.64,-10566.64,-10597.64,-10760.64,12661.39,72.73569203703859,12661.39
12960.0,3022377.25,1082022.05,-10613.95,-10291.02,-10456.88,-10501.64,-10566.64,-10597.64,-10760.64,12661.73,,12661.73
12961.0,3022376.75,1082022.85,-10614.28,-10291.01,-10456.87,-10501.63,-10566.63,-10597.63,-10760.63,12662.070000000002,93.5786961375529,12662.070000000002
12962.0,3022376.25,1082023.65,-10614.62,-10291.01,-10456.87,-10501.63,-10566.63,-10597.63,-10760.63,12662.42,94.4589436712096,12662.42
12963.0,3022375.75,1082024.46,-10614.95,-10291.0,-10456.86,-10501.62,-10566.62,-10597.62,-10760.62,12662.76,83.26722502900284,12662.76
12964.0,3022375.25,1082025.26,-10615.27,-10291.0,-10456.86,-10501.62,-10566.62,-10597.62,-10760.62,12663.1,77.18932539184934,12663.1
12965.0,3022374.75,1082026.06,-10615.6,-10290.99,-10456.85,-10501.61,-10566.61,-10597.61,-10760.61,12663.44,81.07708533216649,12663.44
12966.0,3022374.25,1082026.86,-10615.92,-10290.99,-10456.85,-10501.61,-10566.61,-10597.61,-10760.61,12663.76,,12663.76
12967.0,3022373.75,1082027.67,-10616.25,-10290.98,-10456.84,-10501.6,-10566.6,-10597.6,-10760.6,12664.08,100.44253107261416,12664.08
12968.0,3022373.25,1082028.47,-10616.56,-10290.98,-10456.84,-10501.6,-10566.6,-10597.6,-10760.6,12664.4,101.97248511920796,12664.4
12969.0,3022372.75,1082029.27,-10616.88,-10290.97,-10456.83,-10501.59,-10566.59,-10597.59,-10760.59,12664.71,97.09968627217974,12664.71
12970.0,3022372.25,1082030.08,-10617.2,-10290.97,-10456.83,-10501.59,-10566.59,-10597.59,-10760.59,12665.03,88.75829297705185,12665.03
12971.0,3022371.74,1082030.88,-10617.51,-10290.96,-10456.82,-10501.58,-10566.58,-10597.58,-10760.58,12665.35,81.73727098240902,12665.35
12972.0,3022371.24,1082031.69,-10617.82,-10290.95,-10456.81,-10501.57,-10566.57,-10597.57,-10760.57,12665.67,77.78663621825926,12665.67
12973.0,3022370.73,1082032.5,-10618.13,-10290.95,-10456.81,-10501.57,-10566.57,-10597.57,-10760.57,12665.990000000002,83.487286912417,12665.990000000002
12974.0,3022370.23,1082033.31,-10618.43,-10290.94,-10456.8,-10501.56,-10566.56,-10597.56,-10760.56,12666.31,94.01881990438125,12666.31
12975.0,3022369.72,1082034.11,-10618.74,-10290.94,-10456.8,-10501.56,-10566.56,-10597.56,-10760.56,12666.63,102.6326707694505,12666.63
12976.0,3022369.22,1082034.92,-10619.04,-10290.93,-10456.79,-10501.55,-10566.55,-10597.55,-10760.55,12666.92,103.72250104921596,12666.92
12977.0,3022368.71,1082035.73,-10619.34,-10290.93,-10456.79,-10501.55,-10566.55,-10597.55,-10760.55,12667.22,102.19254700262216,12667.22
12978.0,3022368.21,1082036.54,-10619.63,-10290.92,-10456.78,-10501.54,-10566.54,-10597.54,-10760.54,12667.52,93.5786961375529,12667.52
12979.0,3022367.7,1082037.35,-10619.93,-10290.92,-10456.78,-10501.54,-10566.54,-10597.54,-10760.54,12667.81,82.8375803994799,12667.81
12980.0,3022367.19,1082038.16,-10620.22,-10290.91,-10456.77,-10501.53,-10566.53,-10597.53,-10760.53,12668.11,77.3465124514309,12668.11
12981.0,3022366.69,1082038.97,-10620.51,-10290.91,-10456.77,-10501.53,-10566.53,-10597.53,-10760.53,12668.41,79.98725505240103,12668.41
12982.0,3022366.18,1082039.79,-10620.8,-10290.9,-10456.76,-10501.52,-10566.52,-10597.52,-10760.52,12668.7,,12668.7
12983.0,3022365.67,1082040.6,-10621.08,-10290.9,-10456.76,-10501.52,-10566.52,-10597.52,-10760.52,12669.0,90.62357941741963,12669.0
12984.0,3022365.16,1082041.41,-10621.37,-10290.89,-10456.75,-10501.51,-10566.51,-10597.51,-10760.51,12669.3,97.2568733317613,12669.3
12985.0,3022364.65,1082042.23,-10621.65,-10290.89,-10456.75,-10501.51,-10566.51,-10597.51,-10760.51,12669.59,104.17310395334977,12669.59
12986.0,3022364.15,1082043.04,-10621.93,-10290.88,-10456.74,-10501.5,-10566.5,-10597.5,-10760.5,12669.87,105.48299611652938,12669.87
12987.0,3022363.64,1082043.85,-10622.21,-10290.87,-10456.73,-10501.49,-10566.49,-10597.49,-10760.49,12670.14,,12670.14
12988.0,3022363.13,1082044.67,-10622.48,-10290.87,-10456.73,-10501.49,-10566.49,-10597.49,-10760.49,12670.42,96.05177254163604,12670.42
12989.0,3022362.62,1082045.49,-10622.75,-10290.86,-10456.72,-10501.48,-10566.48,-10597.48,-10760.48,12670.69,99.56228353895746,12670.69
12990.0,3022362.11,1082046.3,-10623.03,-10290.86,-10456.72,-10501.48,-10566.48,-10597.48,-10760.48,12670.97,104.38268669945847,12670.97
12991.0,3022361.6,1082047.12,-10623.29,-10290.85,-10456.71,-10501.47,-10566.47,-10597.47,-10760.47,12671.25,102.6326707694505,12671.25
12992.0,3022361.09,1082047.94,-10623.56,-10290.85,-10456.71,-10501.47,-10566.47,-10597.47,-10760.47,12671.52,101.53236135237962,12671.52
12993.0,3022360.58,1082048.75,-10623.83,-10290.84,-10456.7,-10501.46,-10566.46,-10597.46,-10760.46,12671.8,96.05177254163604,12671.8
12994.0,3022360.07,1082049.57,-10624.09,-10290.84,-10456.7,-10501.46,-10566.46,-10597.46,-10760.46,12672.070000000002,88.20289869986368,12672.070000000002
12995.0,3022359.55,1082050.39,-10624.35,-10290.83,-10456.69,-10501.45,-10566.45,-10597.45,-10760.45,12672.35,77.02165919496235,12672.35
12996.0,3022359.04,1082051.21,-10624.61,-10290.83,-10456.69,-10501.45,-10566.45,-10597.45,-10760.45,12672.6,70.49315665367506,12672.6
12997.0,3022358.53,1082052.03,-10624.86,-10290.82,-10456.68,-10501.44,-10566.44,-10597.44,-10760.44,12672.86,69.89584582726515,12672.86
12998.0,3022358.02,1082052.85,-10625.12,-10290.82,-10456.68,-10501.44,-10566.44,-10597.44,-10760.44,12673.11,73.66833525722248,12673.11
12999.0,3022357.51,1082053.67,-10625.37,-10290.81,-10456.67,-10501.43,-10566.43,-10597.43,-10760.43,12673.36,75.86895409136427,12673.36
13000.0,3022357.0,1082054.5,-10625.62,-10290.8,-10456.66,-10501.42,-10566.42,-10597.42,-10760.42,12673.62,76.03662028825127,12673.62
13001.0,3022356.48,1082055.32,-10625.87,-10290.8,-10456.66,-10501.42,-10566.42,-10597.42,-10760.42,12673.87,81.29714721558067,12673.87
13002.0,3022355.97,1082056.14,-10626.11,-10290.79,-10456.65,-10501.41,-10566.41,-10597.41,-10760.41,12674.13,89.1984167438802,12674.13
13003.0,3022355.46,1082056.96,-10626.36,-10290.79,-10456.65,-10501.41,-10566.41,-10597.41,-10760.41,12674.38,,12674.38
13004.0,3022354.94,1082057.79,-10626.6,-10290.78,-10456.64,-10501.4,-10566.4,-10597.4,-10760.4,12674.64,,12674.64
13005.0,3022354.43,1082058.61,-10626.84,-10290.78,-10456.64,-10501.4,-10566.4,-10597.4,-10760.4,12674.89,,12674.89
13006.0,3022353.92,1082059.43,-10627.08,-10290.77,-10456.63,-10501.39,-10566.39,-10597.39,-10760.39,12675.12,106.58330553360028,12675.12
13007.0,3022353.4,1082060.26,-10627.31,-10290.77,-10456.63,-10501.39,-10566.39,-10597.39,-10760.39,12675.36,107.0129501631232,12675.36
13008.0,3022352.89,1082061.09,-10627.54,-10290.76,-10456.62,-10501.38,-10566.38,-10597.38,-10760.38,12675.59,104.38268669945847,12675.59
13009.0,3022352.37,1082061.91,-10627.77,-10290.76,-10456.62,-10501.38,-10566.38,-10597.38,-10760.38,12675.820000000002,100.87217570213708,12675.820000000002
13010.0,3022351.86,1082062.74,-10628.0,-10290.75,-10456.61,-10501.37,-10566.37,-10597.37,-10760.37,12676.06,96.70147905457314,12676.06
13011.0,3022351.34,1082063.56,-10628.23,-10290.75,-10456.61,-10501.37,-10566.37,-10597.37,-10760.37,12676.29,94.07121559090842,12676.29
13012.0,3022350.83,1082064.39,-10628.45,-10290.74,-10456.6,-10501.36,-10566.36,-10597.36,-10760.36,12676.52,,12676.52
13013.0,3022350.31,1082065.22,-10628.68,-10290.73,-10456.59,-10501.35,-10566.35,-10597.35,-10760.35,12676.75,105.92311988335774,12676.75
13014.0,3022349.8,1082066.05,-10628.9,-10290.73,-10456.59,-10501.35,-10566.35,-10597.35,-10760.35,12676.990000000002,102.6326707694505,12676.990000000002
13015.0,3022349.28,1082066.88,-10629.11,-10290.72,-10456.58,-10501.34,-10566.34,-10597.34,-10760.34,12677.22,97.5922057255353,12677.22
13016.0,3022348.77,1082067.7,-10629.33,-10290.72,-10456.58,-10501.34,-10566.34,-10597.34,-10760.34,12677.43,102.85273265286467,12677.43
13017.0,3022348.25,1082068.53,-10629.54,-10290.71,-10456.57,-10501.33,-10566.33,-10597.33,-10760.33,12677.64,112.07437348164927,12677.64
13018.0,3022347.73,1082069.36,-10629.76,-10290.71,-10456.57,-10501.33,-10566.33,-10597.33,-10760.33,12677.86,115.80494636238488,12677.86
13019.0,3022347.22,1082070.19,-10629.97,-10290.7,-10456.56,-10501.32,-10566.32,-10597.32,-10760.32,12678.070000000002,,12678.070000000002
13020.0,3022346.7,1082071.02,-10630.17,-10290.7,-10456.56,-10501.32,-10566.32,-10597.32,-10760.32,12678.28,105.04287234970104,12678.28
13021.0,3022346.18,1082071.86,-10630.38,-10290.69,-10456.55,-10501.31,-10566.31,-10597.31,-10760.31,12678.490000000002,100.44253107261416,12678.490000000002
13022.0,3022345.67,1082072.69,-10630.58,-10290.69,-10456.55,-10501.31,-10566.31,-10597.31,-10760.31,12678.7,,12678.7
13023.0,3022345.15,1082073.52,-10630.78,-10290.68,-10456.54,-10501.3,-10566.3,-10597.3,-10760.3,12678.91,81.73727098240902,12678.91
13024.0,3022344.63,1082074.35,-10630.98,-10290.67,-10456.53,-10501.29,-10566.29,-10597.29,-10760.29,12679.13,76.6968059384938,12679.13
13025.0,3022344.11,1082075.18,-10631.18,-10290.67,-10456.53,-10501.29,-10566.29,-10597.29,-10760.29,12679.34,75.54410083489573,12679.34
13026.0,3022343.6,1082076.02,-10631.37,-10290.66,-10456.52,-10501.28,-10566.28,-10597.28,-10760.28,12679.53,75.37643463800872,12679.53
13027.0,3022343.08,1082076.85,-10631.56,-10290.66,-10456.52,-10501.28,-10566.28,-10597.28,-10760.28,12679.72,,12679.72
13028.0,3022342.56,1082077.68,-10631.75,-10290.65,-10456.51,-10501.27,-10566.27,-10597.27,-10760.27,12679.91,84.5875963294879,12679.91
13029.0,3022342.04,1082078.52,-10631.94,-10290.65,-10456.51,-10501.27,-10566.27,-10597.27,-10760.27,12680.1,87.93044112992231,12680.1
13030.0,3022341.52,1082079.35,-10632.13,-10290.64,-10456.5,-10501.26,-10566.26,-10597.26,-10760.26,12680.29,95.17152500797933,12680.29
13031.0,3022341.0,1082080.19,-10632.31,-10290.64,-10456.5,-10501.26,-10566.26,-10597.26,-10760.26,12680.48,97.80178847164402,12680.48
13032.0,3022340.49,1082081.02,-10632.49,-10290.63,-10456.49,-10501.25,-10566.25,-10597.25,-10760.25,12680.67,95.3915868913935,12680.67
13033.0,3022339.97,1082081.86,-10632.67,-10290.63,-10456.49,-10501.25,-10566.25,-10597.25,-10760.25,12680.86,99.99192816848036,12680.86
13034.0,3022339.45,1082082.7,-10632.85,-10290.62,-10456.48,-10501.24,-10566.24,-10597.24,-10760.24,12681.05,106.14318176677192,12681.05
13035.0,3022338.93,1082083.53,-10633.02,-10290.61,-10456.47,-10501.23,-10566.23,-10597.23,-10760.23,12681.240000000002,108.77344523043662,12681.240000000002
13036.0,3022338.41,1082084.37,-10633.2,-10290.61,-10456.47,-10501.23,-10566.23,-10597.23,-10760.23,12681.41,112.5040181111722,12681.41
13037.0,3022337.89,1082085.21,-10633.37,-10290.6,-10456.46,-10501.22,-10566.22,-10597.22,-10760.22,12681.58,114.26451317848564,12681.58
13038.0,3022337.37,1082086.04,-10633.53,-10290.6,-10456.46,-10501.22,-10566.22,-10597.22,-10760.22,12681.740000000002,114.0549304323769,12681.740000000002
13039.0,3022336.85,1082086.88,-10633.7,-10290.59,-10456.45,-10501.21,-10566.21,-10597.21,-10760.21,12681.91,,12681.91
13040.0,3022336.33,1082087.72,-10633.87,-10290.59,-10456.45,-10501.21,-10566.21,-10597.21,-10760.21,12682.08,,12682.08
13041.0,3022335.81,1082088.56,-10634.03,-10290.58,-10456.44,-10501.2,-10566.2,-10597.2,-10760.2,12682.25,98.68203600530074,12682.25
13042.0,3022335.29,1082089.4,-10634.19,-10290.58,-10456.44,-10501.2,-10566.2,-10597.2,-10760.2,12682.42,92.70892774120162,12682.42
13043.0,3022334.77,1082090.24,-10634.34,-10290.57,-10456.43,-10501.19,-10566.19,-10597.19,-10760.19,12682.59,81.07708533216649,12682.59
13044.0,3022334.25,1082091.08,-10634.5,-10290.56,-10456.42,-10501.18,-10566.18,-10597.18,-10760.18,12682.76,76.03662028825127,12682.76
13045.0,3022333.73,1082091.92,-10634.65,-10290.56,-10456.42,-10501.18,-10566.18,-10597.18,-10760.18,12682.92,76.413869231247,12682.92
13046.0,3022333.21,1082092.76,-10634.8,-10290.55,-10456.41,-10501.17,-10566.17,-10597.17,-10760.17,12683.070000000002,75.09349793076193,12683.070000000002
13047.0,3022332.68,1082093.6,-10634.95,-10290.55,-10456.41,-10501.17,-10566.17,-10597.17,-10760.17,12683.22,73.12342011733976,12683.22
13048.0,3022332.16,1082094.44,-10635.1,-10290.54,-10456.4,-10501.16,-10566.16,-10597.16,-10760.16,12683.36,77.24172107837651,12683.36
13049.0,3022331.64,1082095.28,-10635.24,-10290.54,-10456.4,-10501.16,-10566.16,-10597.16,-10760.16,12683.51,85.57263523619898,12683.51
13050.0,3022331.12,1082096.12,-10635.39,-10290.53,-10456.39,-10501.15,-10566.15,-10597.15,-10760.15,12683.66,90.13105996406412,12683.66
13051.0,3022330.6,1082096.96,-10635.53,-10290.53,-10456.39,-10501.15,-10566.15,-10597.15,-10760.15,12683.81,95.61164877480768,12683.81
13052.0,3022330.08,1082097.8,-10635.67,-10290.52,-10456.38,-10501.14,-10566.14,-10597.14,-10760.14,12683.95,99.1221597721291,12683.95
13053.0,3022329.56,1082098.64,-10635.8,-10290.52,-10456.38,-10501.14,-10566.14,-10597.14,-10760.14,12684.1,109.65369276409334,12684.1
13054.0,3022329.03,1082099.49,-10635.94,-10290.51,-10456.37,-10501.13,-10566.13,-10597.13,-10760.13,12684.25,113.16420376141475,12684.25
13055.0,3022328.51,1082100.33,-10636.07,-10290.5,-10456.36,-10501.12,-10566.12,-10597.12,-10760.12,12684.39,112.07437348164927,12684.39
13056.0,3022327.99,1082101.17,-10636.2,-10290.5,-10456.36,-10501.12,-10566.12,-10597.12,-10760.12,12684.52,106.14318176677192,12684.52
13057.0,3022327.47,1082102.02,-10636.32,-10290.49,-10456.35,-10501.11,-10566.11,-10597.11,-10760.11,12684.64,104.60274858287268,12684.64
13058.0,3022326.94,1082102.86,-10636.45,-10290.49,-10456.35,-10501.11,-10566.11,-10597.11,-10760.11,12684.77,103.29285641969304,12684.77
13059.0,3022326.42,1082103.7,-10636.57,-10290.48,-10456.34,-10501.1,-10566.1,-10597.1,-10760.1,12684.89,101.32277860627087,12684.89
13060.0,3022325.9,1082104.55,-10636.69,-10290.48,-10456.34,-10501.1,-10566.1,-10597.1,-10760.1,12685.02,104.38268669945847,12685.02
13061.0,3022325.38,1082105.39,-10636.81,-10290.47,-10456.33,-10501.09,-10566.09,-10597.09,-10760.09,12685.14,,12685.14
13062.0,3022324.85,1082106.24,-10636.93,-10290.47,-10456.33,-10501.09,-10566.09,-10597.09,-10760.09,12685.27,101.54284048968506,12685.27
13063.0,3022324.33,1082107.08,-10637.04,-10290.46,-10456.32,-10501.08,-10566.08,-10597.08,-10760.08,12685.39,104.39316583676394,12685.39
13064.0,3022323.81,1082107.93,-10637.15,-10290.45,-10456.31,-10501.07,-10566.07,-10597.07,-10760.07,12685.52,110.54441943505547,12685.52
13065.0,3022323.29,1082108.77,-10637.26,-10290.45,-10456.31,-10501.07,-10566.07,-10597.07,-10760.07,12685.64,110.75400218116422,12685.64
13066.0,3022322.76,1082109.62,-10637.37,-10290.44,-10456.3,-10501.06,-10566.06,-10597.06,-10760.06,12685.75,108.9935071138508,12685.75
13067.0,3022322.24,1082110.46,-10637.48,-10290.44,-10456.3,-10501.06,-10566.06,-10597.06,-10760.06,12685.85,107.67313581336572,12685.85
13068.0,3022321.72,1082111.31,-10637.58,-10290.43,-10456.29,-10501.05,-10566.05,-10597.05,-10760.05,12685.96,,12685.96
13069.0,3022321.19,1082112.16,-10637.68,-10290.43,-10456.29,-10501.05,-10566.05,-10597.05,-10760.05,12686.06,,12686.06
13070.0,3022320.67,1082113.0,-10637.78,-10290.42,-10456.28,-10501.04,-10566.04,-10597.04,-10760.04,12686.16,,12686.16
13071.0,3022320.15,1082113.85,-10637.88,-10290.42,-10456.28,-10501.04,-10566.04,-10597.04,-10760.04,12686.27,108.9935071138508,12686.27
13072.0,3022319.62,1082114.69,-10637.97,-10290.41,-10456.27,-10501.03,-10566.03,-10597.03,-10760.03,12686.37,109.65369276409334,12686.37
13073.0,3022319.1,1082115.54,-10638.06,-10290.4,-10456.26,-10501.02,-10566.02,-10597.02,-10760.02,12686.47,106.58330553360028,12686.47
13074.0,3022318.58,1082116.39,-10638.16,-10290.4,-10456.26,-10501.02,-10566.02,-10597.02,-10760.02,12686.58,105.48299611652938,12686.58
13075.0,3022318.05,1082117.23,-10638.25,-10290.39,-10456.25,-10501.01,-10566.01,-10597.01,-10760.01,12686.68,106.80336741701446,12686.68
13076.0,3022317.53,1082118.08,-10638.34,-10290.39,-10456.25,-10501.01,-10566.01,-10597.01,-10760.01,12686.77,101.20750809591108,12686.77
13077.0,3022317.0,1082118.93,-10638.42,-10290.38,-10456.24,-10501.0,-10566.0,-10597.0,-10760.0,12686.86,89.3660829407672,12686.86
13078.0,3022316.47,1082119.77,-10638.51,-10290.38,-10456.24,-10501.0,-10566.0,-10597.0,-10760.0,12686.95,83.44537036319527,12686.95
13079.0,3022315.95,1082120.62,-10638.6,-10290.37,-10456.23,-10500.99,-10565.99,-10596.99,-10759.99,12687.04,82.46033145648417,12687.04
13080.0,3022315.42,1082121.46,-10638.68,-10290.37,-10456.23,-10500.99,-10565.99,-10596.99,-10759.99,12687.14,79.98725505240103,12687.14
13081.0,3022314.89,1082122.31,-10638.77,-10290.36,-10456.22,-10500.98,-10565.98,-10596.98,-10759.98,12687.23,76.6968059384938,12687.23
13082.0,3022314.37,1082123.16,-10638.85,-10290.35,-10456.21,-10500.97,-10565.97,-10596.97,-10759.97,12687.320000000002,72.90335823392557,12687.320000000002
13083.0,3022313.84,1082124.0,-10638.93,-10290.35,-10456.21,-10500.97,-10565.97,-10596.97,-10759.97,12687.41,70.92280128319797,12687.41
13084.0,3022313.31,1082124.85,-10639.02,-10290.34,-10456.2,-10500.96,-10565.96,-10596.96,-10759.96,12687.5,69.39284723660417,12687.5
13085.0,3022312.78,1082125.69,-10639.1,-10290.34,-10456.2,-10500.96,-10565.96,-10596.96,-10759.96,12687.59,70.71321853708925,12687.59
13086.0,3022312.25,1082126.53,-10639.18,-10290.33,-10456.19,-10500.95,-10565.95,-10596.95,-10759.95,12687.67,71.36292505002633,12687.67
13087.0,3022311.72,1082127.38,-10639.25,-10290.33,-10456.19,-10500.95,-10565.95,-10596.95,-10759.95,12687.75,70.26261563295544,12687.75
13088.0,3022311.19,1082128.22,-10639.33,-10290.32,-10456.18,-10500.94,-10565.94,-10596.94,-10759.94,12687.83,69.82249186612708,12687.83
13089.0,3022310.66,1082129.07,-10639.41,-10290.32,-10456.18,-10500.94,-10565.94,-10596.94,-10759.94,12687.91,,12687.91
13090.0,3022310.13,1082129.91,-10639.48,-10290.31,-10456.17,-10500.93,-10565.93,-10596.93,-10759.93,12687.990000000002,,12687.990000000002
13091.0,3022309.59,1082130.75,-10639.56,-10290.3,-10456.16,-10500.92,-10565.92,-10596.92,-10759.92,12688.070000000002,69.60242998271292,12688.070000000002
13092.0,3022309.06,1082131.6,-10639.63,-10290.3,-10456.16,-10500.92,-10565.92,-10596.92,-10759.92,12688.15,68.73266158636164,12688.15
13093.0,3022308.53,1082132.44,-10639.7,-10290.29,-10456.15,-10500.91,-10565.91,-10596.91,-10759.91,12688.23,68.08295507342454,12688.23
13094.0,3022308.0,1082133.28,-10639.77,-10290.29,-10456.15,-10500.91,-10565.91,-10596.91,-10759.91,12688.31,68.73266158636164,12688.31
13095.0,3022307.46,1082134.13,-10639.84,-10290.28,-10456.14,-10500.9,-10565.9,-10596.9,-10759.9,12688.39,69.60242998271292,12688.39
13096.0,3022306.93,1082134.97,-10639.91,-10290.28,-10456.14,-10500.9,-10565.9,-10596.9,-10759.9,12688.46,69.82249186612708,12688.46
13097.0,3022306.39,1082135.81,-10639.98,-10290.27,-10456.13,-10500.89,-10565.89,-10596.89,-10759.89,12688.53,70.92280128319797,12688.53
13098.0,3022305.86,1082136.65,-10640.05,-10290.27,-10456.13,-10500.89,-10565.89,-10596.89,-10759.89,12688.6,,12688.6
13099.0,3022305.32,1082137.5,-10640.11,-10290.26,-10456.12,-10500.88,-10565.88,-10596.88,-10759.88,12688.67,79.70431834515423,12688.67
13100.0,3022304.79,1082138.34,-10640.18,-10290.25,-10456.11,-10500.87,-10565.87,-10596.87,-10759.87,12688.740000000002,82.28218612229175,12688.740000000002
13101.0,3022304.25,1082139.18,-10640.24,-10290.25,-10456.11,-10500.87,-10565.87,-10596.87,-10759.87,12688.81,83.11003796942128,12688.81
13102.0,3022303.71,1082140.02,-10640.3,-10290.24,-10456.1,-10500.86,-10565.86,-10596.86,-10759.86,12688.88,79.9767759150956,12688.88
13103.0,3022303.18,1082140.86,-10640.36,-10290.24,-10456.1,-10500.86,-10565.86,-10596.86,-10759.86,12688.95,76.03662028825127,12688.95
13104.0,3022302.64,1082141.7,-10640.42,-10290.23,-10456.09,-10500.85,-10565.85,-10596.85,-10759.85,12689.02,77.51417864831788,12689.02
13105.0,3022302.1,1082142.54,-10640.48,-10290.23,-10456.09,-10500.85,-10565.85,-10596.85,-10759.85,12689.09,80.1444421119826,12689.09
13106.0,3022301.56,1082143.38,-10640.54,-10290.22,-10456.08,-10500.84,-10565.84,-10596.84,-10759.84,12689.15,80.80462776222512,12689.15
13107.0,3022301.02,1082144.22,-10640.6,-10290.22,-10456.08,-10500.84,-10565.84,-10596.84,-10759.84,12689.2,84.26274307301935,12689.2
13108.0,3022300.48,1082145.06,-10640.65,-10290.21,-10456.07,-10500.83,-10565.83,-10596.83,-10759.83,12689.26,88.86308435010622,12689.26
13109.0,3022299.94,1082145.9,-10640.71,-10290.2,-10456.06,-10500.82,-10565.82,-10596.82,-10759.82,12689.320000000002,91.16849455730237,12689.320000000002
13110.0,3022299.4,1082146.74,-10640.76,-10290.2,-10456.06,-10500.82,-10565.82,-10596.82,-10759.82,12689.38,,12689.38
13111.0,3022298.86,1082147.58,-10640.82,-10290.19,-10456.05,-10500.81,-10565.81,-10596.81,-10759.81,12689.44,81.9573328658232,12689.44
13112.0,3022298.32,1082148.42,-10640.87,-10290.19,-10456.05,-10500.81,-10565.81,-10596.81,-10759.81,12689.5,80.80462776222512,12689.5
13113.0,3022297.78,1082149.26,-10640.92,-10290.18,-10456.04,-10500.8,-10565.8,-10596.8,-10759.8,12689.56,81.9573328658232,12689.56
13114.0,3022297.24,1082150.1,-10640.97,-10290.18,-10456.04,-10500.8,-10565.8,-10596.8,-10759.8,12689.62,86.55767414291007,12689.62
13115.0,3022296.7,1082150.94,-10641.02,-10290.17,-10456.03,-10500.79,-10565.79,-10596.79,-10759.79,12689.68,90.50830890705984,12689.68
13116.0,3022296.15,1082151.78,-10641.07,-10290.17,-10456.03,-10500.79,-10565.79,-10596.79,-10759.79,12689.73,89.02027140968778,12689.73
13117.0,3022295.61,1082152.62,-10641.11,-10290.16,-10456.02,-10500.78,-10565.78,-10596.78,-10759.78,12689.78,85.89748849266753,12689.78
13118.0,3022295.07,1082153.45,-10641.16,-10290.15,-10456.01,-10500.77,-10565.77,-10596.77,-10759.77,12689.820000000002,83.26722502900284,12689.820000000002
13119.0,3022294.52,1082154.29,-10641.2,-10290.15,-10456.01,-10500.77,-10565.77,-10596.77,-10759.77,12689.87,81.29714721558067,12689.87
13120.0,3022293.98,1082155.13,-10641.25,-10290.14,-10456.0,-10500.76,-10565.76,-10596.76,-10759.76,12689.92,79.70431834515423,12689.92
13121.0,3022293.43,1082155.97,-10641.29,-10290.14,-10456.0,-10500.76,-10565.76,-10596.76,-10759.76,12689.97,75.31355981417612,12689.97
13122.0,3022292.89,1082156.8,-10641.33,-10290.13,-10455.99,-10500.75,-10565.75,-10596.75,-10759.75,12690.02,72.51563015362441,12690.02
13123.0,3022292.34,1082157.64,-10641.37,-10290.13,-10455.99,-10500.75,-10565.75,-10596.75,-10759.75,12690.070000000002,,12690.070000000002
13124.0,3022291.79,1082158.48,-10641.41,-10290.12,-10455.98,-10500.74,-10565.74,-10596.74,-10759.74,12690.12,83.5396825989442,12690.12
13125.0,3022291.25,1082159.31,-10641.45,-10290.12,-10455.98,-10500.74,-10565.74,-10596.74,-10759.74,12690.16,82.7223098891201,12690.16
13126.0,3022290.7,1082160.15,-10641.49,-10290.11,-10455.97,-10500.73,-10565.73,-10596.73,-10759.73,12690.2,80.31210830886958,12690.2
13127.0,3022290.15,1082160.99,-10641.52,-10290.1,-10455.96,-10500.72,-10565.72,-10596.72,-10759.72,12690.240000000002,79.70431834515423,12690.240000000002
13128.0,3022289.6,1082161.82,-10641.56,-10290.1,-10455.96,-10500.72,-10565.72,-10596.72,-10759.72,12690.28,,12690.28
13129.0,3022289.06,1082162.66,-10641.59,-10290.09,-10455.95,-10500.71,-10565.71,-10596.71,-10759.71,12690.320000000002,,12690.320000000002
13130.0,3022288.51,1082163.49,-10641.63,-10290.09,-10455.95,-10500.71,-10565.71,-10596.71,-10759.71,12690.36,,12690.36
13131.0,3022287.96,1082164.33,-10641.66,-10290.08,-10455.94,-10500.7,-10565.7,-10596.7,-10759.7,12690.39,,12690.39
13132.0,3022287.41,1082165.16,-10641.69,-10290.08,-10455.94,-10500.7,-10565.7,-10596.7,-10759.7,12690.43,79.15940320527152,12690.43
13133.0,3022286.86,1082166.0,-10641.72,-10290.07,-10455.93,-10500.69,-10565.69,-10596.69,-10759.69,12690.47,,12690.47
13134.0,3022286.31,1082166.83,-10641.75,-10290.07,-10455.93,-10500.69,-10565.69,-10596.69,-10759.69,12690.51,74.76864467429337,12690.51
13135.0,3022285.76,1082167.66,-10641.78,-10290.06,-10455.92,-10500.68,-10565.68,-10596.68,-10759.68,12690.55,74.22372953441065,12690.55
13136.0,3022285.2,1082168.5,-10641.8,-10290.05,-10455.91,-10500.67,-10565.67,-10596.67,-10759.67,12690.570000000002,,12690.570000000002
13137.0,3022284.65,1082169.33,-10641.83,-10290.05,-10455.91,-10500.67,-10565.67,-10596.67,-10759.67,12690.6,,12690.6
13138.0,3022284.1,1082170.16,-10641.85,-10290.04,-10455.9,-10500.66,-10565.66,-10596.66,-10759.66,12690.63,,12690.63
13139.0,3022283.55,1082171.0,-10641.88,-10290.04,-10455.9,-10500.66,-10565.66,-10596.66,-10759.66,12690.66,73.78360576758229,12690.66
13140.0,3022282.99,1082171.83,-10641.9,-10290.03,-10455.89,-10500.65,-10565.65,-10596.65,-10759.65,12690.68,,12690.68
13141.0,3022282.44,1082172.66,-10641.92,-10290.03,-10455.89,-10500.65,-10565.65,-10596.65,-10759.65,12690.71,70.26261563295544,12690.71
13142.0,3022281.89,1082173.5,-10641.94,-10290.02,-10455.88,-10500.64,-10565.64,-10596.64,-10759.64,12690.740000000002,,12690.740000000002
13143.0,3022281.33,1082174.33,-10641.96,-10290.02,-10455.88,-10500.64,-10565.64,-10596.64,-10759.64,12690.77,72.02311070026887,12690.77
13144.0,3022280.78,1082175.16,-10641.98,-10290.01,-10455.87,-10500.63,-10565.63,-10596.63,-10759.63,12690.79,73.78360576758229,12690.79
13145.0,3022280.22,1082175.99,-10642.0,-10290.0,-10455.86,-10500.62,-10565.62,-10596.62,-10759.62,12690.820000000002,77.68184484520488,12690.820000000002
13146.0,3022279.67,1082176.82,-10642.01,-10290.0,-10455.86,-10500.62,-10565.62,-10596.62,-10759.62,12690.84,82.28218612229175,12690.84
13147.0,3022279.11,1082177.65,-10642.03,-10289.99,-10455.85,-10500.61,-10565.61,-10596.61,-10759.61,12690.86,87.71037924650814,12690.86
13148.0,3022278.55,1082178.48,-10642.04,-10289.99,-10455.85,-10500.61,-10565.61,-10596.61,-10759.61,12690.87,90.34064271017284,12690.87
13149.0,3022278.0,1082179.31,-10642.06,-10289.98,-10455.84,-10500.6,-10565.6,-10596.6,-10759.6,12690.89,93.63109182408007,12690.89
13150.0,3022277.44,1082180.15,-10642.07,-10289.98,-10455.84,-10500.6,-10565.6,-10596.6,-10759.6,12690.91,95.3915868913935,12690.91
13151.0,3022276.88,1082180.98,-10642.08,-10289.97,-10455.83,-10500.59,-10565.59,-10596.59,-10759.59,12690.93,95.62212791211311,12690.93
13152.0,3022276.33,1082181.8,-10642.09,-10289.97,-10455.83,-10500.59,-10565.59,-10596.59,-10759.59,12690.94,,12690.94
13153.0,3022275.77,1082182.63,-10642.1,-10289.96,-10455.82,-10500.58,-10565.58,-10596.58,-10759.58,12690.96,86.33761225949588,12690.96
13154.0,3022275.21,1082183.46,-10642.11,-10289.95,-10455.81,-10500.57,-10565.57,-10596.57,-10759.57,12690.98,83.26722502900284,12690.98
13155.0,3022274.65,1082184.29,-10642.11,-10289.95,-10455.81,-10500.57,-10565.57,-10596.57,-10759.57,12690.990000000002,81.29714721558067,12690.990000000002
13156.0,3022274.09,1082185.12,-10642.12,-10289.94,-10455.8,-10500.56,-10565.56,-10596.56,-10759.56,12691.0,,12691.0
13157.0,3022273.53,1082185.95,-10642.12,-10289.94,-10455.8,-10500.56,-10565.56,-10596.56,-10759.56,12691.01,83.26722502900284,12691.01
13158.0,3022272.97,1082186.78,-10642.13,-10289.93,-10455.79,-10500.55,-10565.55,-10596.55,-10759.55,12691.01,84.74478338906945,12691.01
13159.0,3022272.41,1082187.61,-10642.13,-10289.93,-10455.79,-10500.55,-10565.55,-10596.55,-10759.55,12691.02,83.26722502900284,12691.02
13160.0,3022271.85,1082188.43,-10642.13,-10289.92,-10455.78,-10500.54,-10565.54,-10596.54,-10759.54,12691.03,80.63696156533814,12691.03
13161.0,3022271.29,1082189.26,-10642.13,-10289.92,-10455.78,-10500.54,-10565.54,-10596.54,-10759.54,12691.03,77.51417864831788,12691.03
13162.0,3022270.72,1082190.09,-10642.13,-10289.91,-10455.77,-10500.53,-10565.53,-10596.53,-10759.53,12691.04,74.88391518465318,12691.04
13163.0,3022270.16,1082190.91,-10642.13,-10289.9,-10455.76,-10500.52,-10565.52,-10596.52,-10759.52,12691.05,77.68184484520488,12691.05
13164.0,3022269.6,1082191.74,-10642.13,-10289.9,-10455.76,-10500.52,-10565.52,-10596.52,-10759.52,12691.05,82.28218612229175,12691.05
13165.0,3022269.03,1082192.57,-10642.12,-10289.89,-10455.75,-10500.51,-10565.51,-10596.51,-10759.51,12691.06,89.03075054699322,12691.06
13166.0,3022268.47,1082193.39,-10642.12,-10289.89,-10455.75,-10500.51,-10565.51,-10596.51,-10759.51,12691.06,88.65350160399748,12691.06
13167.0,3022267.91,1082194.22,-10642.11,-10289.88,-10455.74,-10500.5,-10565.5,-10596.5,-10759.5,12691.06,85.58311437350442,12691.06
13168.0,3022267.34,1082195.05,-10642.11,-10289.88,-10455.74,-10500.5,-10565.5,-10596.5,-10759.5,12691.06,80.80462776222512,12691.06
13169.0,3022266.78,1082195.87,-10642.1,-10289.87,-10455.73,-10500.49,-10565.49,-10596.49,-10759.49,12691.06,,12691.06
13170.0,3022266.22,1082196.7,-10642.09,-10289.87,-10455.73,-10500.49,-10565.49,-10596.49,-10759.49,12691.05,80.1444421119826,12691.05
13171.0,3022265.65,1082197.52,-10642.09,-10289.86,-10455.72,-10500.48,-10565.48,-10596.48,-10759.48,12691.05,,12691.05
13172.0,3022265.09,1082198.35,-10642.08,-10289.85,-10455.71,-10500.47,-10565.47,-10596.47,-10759.47,12691.05,74.88391518465318,12691.05
13173.0,3022264.53,1082199.18,-10642.07,-10289.85,-10455.71,-10500.47,-10565.47,-10596.47,-10759.47,12691.05,74.22372953441065,12691.05
13174.0,3022263.96,1082200.0,-10642.06,-10289.84,-10455.7,-10500.46,-10565.46,-10596.46,-10759.46,12691.05,,12691.05
13175.0,3022263.4,1082200.83,-10642.05,-10289.84,-10455.7,-10500.46,-10565.46,-10596.46,-10759.46,12691.05,,12691.05
13176.0,3022262.84,1082201.66,-10642.05,-10289.83,-10455.69,-10500.45,-10565.45,-10596.45,-10759.45,12691.04,,12691.04
13177.0,3022262.28,1082202.48,-10642.04,-10289.83,-10455.69,-10500.45,-10565.45,-10596.45,-10759.45,12691.04,74.88391518465318,12691.04
13178.0,3022261.71,1082203.31,-10642.03,-10289.82,-10455.68,-10500.44,-10565.44,-10596.44,-10759.44,12691.04,77.51417864831788,12691.04
13179.0,3022261.15,1082204.14,-10642.02,-10288.22,-10454.08,-10498.84,-10563.84,-10594.84,-10757.84,12692.63,76.85399299807536,12692.63
13180.0,3022260.59,1082204.96,-10642.01,-10288.21,-10454.07,-10498.83,-10563.83,-10594.83,-10757.83,12692.62,73.12342011733976,12692.62
13181.0,3022260.03,1082205.79,-10641.99,-10288.21,-10454.07,-10498.83,-10563.83,-10594.83,-10757.83,12692.61,70.48267751636963,12692.61
13182.0,3022259.46,1082206.62,-10641.98,-10288.21,-10454.07,-10498.83,-10563.83,-10594.83,-10757.83,12692.6,69.83297100343253,12692.6
13183.0,3022258.9,1082207.44,-10641.97,-10288.21,-10454.07,-10498.83,-10563.83,-10594.83,-10757.83,12692.59,70.71321853708925,12692.59
13184.0,3022258.34,1082208.27,-10641.96,-10288.2,-10454.06,-10498.82,-10563.82,-10594.82,-10757.82,12692.58,74.00366765099648,12692.58
13185.0,3022257.78,1082209.1,-10641.94,-10288.2,-10454.06,-10498.82,-10563.82,-10594.82,-10757.82,12692.570000000002,78.00669810167342,12692.570000000002
13186.0,3022257.22,1082209.92,-10641.93,-10288.2,-10454.06,-10498.82,-10563.82,-10594.82,-10757.82,12692.56,82.7747055756473,12692.56
13187.0,3022256.65,1082210.75,-10641.92,-10288.19,-10454.05,-10498.81,-10563.81,-10594.81,-10757.81,12692.55,84.41993013260091,12692.55
13188.0,3022256.09,1082211.58,-10641.9,-10288.19,-10454.05,-10498.81,-10563.81,-10594.81,-10757.81,12692.54,80.97229395911211,12692.54
13189.0,3022255.53,1082212.41,-10641.89,-10288.19,-10454.05,-10498.81,-10563.81,-10594.81,-10757.81,12692.53,75.37643463800872,12692.53
13190.0,3022254.97,1082213.23,-10641.87,-10288.19,-10454.05,-10498.81,-10563.81,-10594.81,-10757.81,12692.51,74.44379141782484,12692.51
13191.0,3022254.41,1082214.06,-10641.86,-10288.18,-10454.04,-10498.8,-10563.8,-10594.8,-10757.8,12692.5,74.22372953441065,12692.5
13192.0,3022253.85,1082214.89,-10641.84,-10288.18,-10454.04,-10498.8,-10563.8,-10594.8,-10757.8,12692.490000000002,76.85399299807536,12692.490000000002
13193.0,3022253.29,1082215.72,-10641.83,-10288.18,-10454.04,-10498.8,-10563.8,-10594.8,-10757.8,12692.48,78.71927943844315,12692.48
13194.0,3022252.72,1082216.54,-10641.81,-10288.17,-10454.03,-10498.79,-10563.79,-10594.79,-10757.79,12692.46,77.61897002137225,12692.46
13195.0,3022252.16,1082217.37,-10641.79,-10288.17,-10454.03,-10498.79,-10563.79,-10594.79,-10757.79,12692.45,74.49618710435202,12692.45
13196.0,3022251.6,1082218.2,-10641.78,-10288.17,-10454.03,-10498.79,-10563.79,-10594.79,-10757.79,12692.44,77.68184484520488,12692.44
13197.0,3022251.04,1082219.03,-10641.76,-10288.17,-10454.03,-10498.79,-10563.79,-10594.79,-10757.79,12692.42,80.1444421119826,12692.42
13198.0,3022250.48,1082219.86,-10641.74,-10288.16,-10454.02,-10498.78,-10563.78,-10594.78,-10757.78,12692.4,81.46481341246766,12692.4
13199.0,3022249.92,1082220.68,-10641.72,-10288.16,-10454.02,-10498.78,-10563.78,-10594.78,-10757.78,12692.39,78.05909378820061,12692.39
13200.0,3022249.36,1082221.51,-10641.7,-10288.16,-10454.02,-10498.78,-10563.78,-10594.78,-10757.78,12692.37,76.30907785819262,12692.37
13201.0,3022248.8,1082222.34,-10641.68,-10288.15,-10454.01,-10498.77,-10563.77,-10594.77,-10757.77,12692.35,77.61897002137225,12692.35
13202.0,3022248.24,1082223.17,-10641.66,-10288.15,-10454.01,-10498.77,-10563.77,-10594.77,-10757.77,12692.34,,12692.34
13203.0,3022247.68,1082224.0,-10641.64,-10288.15,-10454.01,-10498.77,-10563.77,-10594.77,-10757.77,12692.320000000002,80.80462776222512,12692.320000000002
13204.0,3022247.12,1082224.82,-10641.62,-10288.15,-10454.01,-10498.77,-10563.77,-10594.77,-10757.77,12692.3,,12692.3
13205.0,3022246.56,1082225.65,-10641.6,-10288.14,-10454.0,-10498.76,-10563.76,-10594.76,-10757.76,12692.29,82.28218612229175,12692.29
13206.0,3022246.0,1082226.48,-10641.58,-10288.14,-10454.0,-10498.76,-10563.76,-10594.76,-10757.76,12692.27,,12692.27
13207.0,3022245.44,1082227.31,-10641.56,-10288.14,-10454.0,-10498.76,-10563.76,-10594.76,-10757.76,12692.25,72.46323446709724,12692.25
13208.0,3022244.88,1082228.14,-10641.54,-10288.13,-10453.99,-10498.75,-10563.75,-10594.75,-10757.75,12692.23,68.3030169568387,12692.23
13209.0,3022244.32,1082228.97,-10641.51,-10288.13,-10453.99,-10498.75,-10563.75,-10594.75,-10757.75,12692.21,67.64283130659618,12692.21
13210.0,3022243.76,1082229.79,-10641.49,-10288.13,-10453.99,-10498.75,-10563.75,-10594.75,-10757.75,12692.19,68.3030169568387,12692.19
13211.0,3022243.2,1082230.62,-10641.47,-10288.13,-10453.99,-10498.75,-10563.75,-10594.75,-10757.75,12692.17,69.17278535319,12692.17
13212.0,3022242.64,1082231.45,-10641.44,-10288.12,-10453.98,-10498.74,-10563.74,-10594.74,-10757.74,12692.14,,12692.14
13213.0,3022242.09,1082232.28,-10641.42,-10288.12,-10453.98,-10498.74,-10563.74,-10594.74,-10757.74,12692.12,68.3030169568387,12692.12
13214.0,3022241.53,1082233.11,-10641.39,-10288.12,-10453.98,-10498.74,-10563.74,-10594.74,-10757.74,12692.1,67.64283130659618,12692.1
13215.0,3022240.97,1082233.94,-10641.37,-10288.11,-10453.97,-10498.73,-10563.73,-10594.73,-10757.73,12692.08,,12692.08
13216.0,3022240.41,1082234.77,-10641.34,-10288.11,-10453.97,-10498.73,-10563.73,-10594.73,-10757.73,12692.06,68.3030169568387,12692.06
13217.0,3022239.85,1082235.6,-10641.32,-10288.11,-10453.97,-10498.73,-10563.73,-10594.73,-10757.73,12692.03,70.93328042050342,12692.03
13218.0,3022239.29,1082236.43,-10641.29,-10288.11,-10453.97,-10498.73,-10563.73,-10594.73,-10757.73,12692.01,71.59346607074595,12692.01
13219.0,3022238.73,1082237.26,-10641.26,-10288.1,-10453.96,-10498.72,-10563.72,-10594.72,-10757.72,12691.98,69.62338825732378,12691.98
13220.0,3022238.18,1082238.08,-10641.24,-10288.1,-10453.96,-10498.72,-10563.72,-10594.72,-10757.72,12691.96,,12691.96
13221.0,3022237.62,1082238.91,-10641.21,-10288.1,-10453.96,-10498.72,-10563.72,-10594.72,-10757.72,12691.94,71.81352795416014,12691.94
13222.0,3022237.06,1082239.74,-10641.18,-10288.09,-10453.95,-10498.71,-10563.71,-10594.71,-10757.71,12691.91,72.02311070026887,12691.91
13223.0,3022236.5,1082240.57,-10641.15,-10288.09,-10453.95,-10498.71,-10563.71,-10594.71,-10757.71,12691.89,71.58298693344052,12691.89
13224.0,3022235.94,1082241.4,-10641.12,-10288.09,-10453.95,-10498.71,-10563.71,-10594.71,-10757.71,12691.86,72.90335823392557,12691.86
13225.0,3022235.39,1082242.23,-10641.09,-10288.09,-10453.95,-10498.71,-10563.71,-10594.71,-10757.71,12691.84,,12691.84
13226.0,3022234.83,1082243.06,-10641.06,-10288.08,-10453.94,-10498.7,-10563.7,-10594.7,-10757.7,12691.81,70.92280128319797,12691.81
13227.0,3022234.27,1082243.89,-10641.03,-10288.08,-10453.94,-10498.7,-10563.7,-10594.7,-10757.7,12691.78,68.73266158636164,12691.78
13228.0,3022233.71,1082244.72,-10641.0,-10288.08,-10453.94,-10498.7,-10563.7,-10594.7,-10757.7,12691.75,67.86289319001037,12691.75
13229.0,3022233.16,1082245.55,-10640.97,-10288.07,-10453.93,-10498.69,-10563.69,-10594.69,-10757.69,12691.72,67.64283130659618,12691.72
13230.0,3022232.6,1082246.38,-10640.94,-10288.07,-10453.93,-10498.69,-10563.69,-10594.69,-10757.69,12691.69,,12691.69
13231.0,3022232.04,1082247.21,-10640.91,-10288.07,-10453.93,-10498.69,-10563.69,-10594.69,-10757.69,12691.66,68.3030169568387,12691.66
13232.0,3022231.48,1082248.04,-10640.88,-10288.07,-10453.93,-10498.69,-10563.69,-10594.69,-10757.69,12691.64,69.17278535319,12691.64
13233.0,3022230.93,1082248.87,-10640.84,-10288.06,-10453.92,-10498.68,-10563.68,-10594.68,-10757.68,12691.61,,12691.61
13234.0,3022230.37,1082249.7,-10640.81,-10288.06,-10453.92,-10498.68,-10563.68,-10594.68,-10757.68,12691.58,77.51417864831788,12691.58
13235.0,3022229.81,1082250.53,-10640.78,-10288.06,-10453.92,-10498.68,-10563.68,-10594.68,-10757.68,12691.55,80.80462776222512,12691.55
13236.0,3022229.26,1082251.36,-10640.74,-10288.05,-10453.91,-10498.67,-10563.67,-10594.67,-10757.67,12691.52,,12691.52
13237.0,3022228.7,1082252.19,-10640.71,-10288.05,-10453.91,-10498.67,-10563.67,-10594.67,-10757.67,12691.48,80.1444421119826,12691.48
13238.0,3022228.14,1082253.02,-10640.67,-10288.05,-10453.91,-10498.67,-10563.67,-10594.67,-10757.67,12691.45,77.51417864831788,12691.45
13239.0,3022227.59,1082253.85,-10640.64,-10288.05,-10453.91,-10498.67,-10563.67,-10594.67,-10757.67,12691.42,76.03662028825127,12691.42
13240.0,3022227.03,1082254.68,-10640.6,-10288.04,-10453.9,-10498.66,-10563.66,-10594.66,-10757.66,12691.39,79.9767759150956,12691.39
13241.0,3022226.48,1082255.51,-10640.57,-10288.04,-10453.9,-10498.66,-10563.66,-10594.66,-10757.66,12691.35,84.5875963294879,12691.35
13242.0,3022225.92,1082256.34,-10640.53,-10288.04,-10453.9,-10498.66,-10563.66,-10594.66,-10757.66,12691.320000000002,82.28218612229175,12691.320000000002
13243.0,3022225.36,1082257.17,-10640.49,-10288.03,-10453.89,-10498.65,-10563.65,-10594.65,-10757.65,12691.29,77.68184484520488,12691.29
13244.0,3022224.81,1082258.0,-10640.46,-10288.03,-10453.89,-10498.65,-10563.65,-10594.65,-10757.65,12691.25,74.22372953441065,12691.25
13245.0,3022224.25,1082258.83,-10640.42,-10288.03,-10453.89,-10498.65,-10563.65,-10594.65,-10757.65,12691.22,,12691.22
13246.0,3022223.7,1082259.66,-10640.38,-10288.03,-10453.89,-10498.65,-10563.65,-10594.65,-10757.65,12691.18,75.37643463800872,12691.18
13247.0,3022223.14,1082260.49,-10640.34,-10288.02,-10453.88,-10498.64,-10563.64,-10594.64,-10757.64,12691.15,,12691.15
13248.0,3022222.59,1082261.33,-10640.3,-10288.02,-10453.88,-10498.64,-10563.64,-10594.64,-10757.64,12691.11,84.5875963294879,12691.11
13249.0,3022222.03,1082262.16,-10640.26,-10288.02,-10453.88,-10498.64,-10563.64,-10594.64,-10757.64,12691.070000000002,87.71037924650814,12691.070000000002
13250.0,3022221.48,1082262.99,-10640.22,-10288.01,-10453.87,-10498.63,-10563.63,-10594.63,-10757.63,12691.04,90.34064271017284,12691.04
13251.0,3022220.92,1082263.82,-10640.18,-10288.01,-10453.87,-10498.63,-10563.63,-10594.63,-10757.63,12691.0,92.310720523595,12691.0
13252.0,3022220.37,1082264.65,-10640.14,-10288.01,-10453.87,-10498.63,-10563.63,-10594.63,-10757.63,12690.96,92.75084429042336,12690.96
13253.0,3022219.81,1082265.48,-10640.1,-10288.0,-10453.86,-10498.62,-10563.62,-10594.62,-10757.62,12690.93,,12690.93
13254.0,3022219.26,1082266.31,-10640.06,-10288.0,-10453.86,-10498.62,-10563.62,-10594.62,-10757.62,12690.89,96.27183442505022,12690.89
13255.0,3022218.7,1082267.14,-10640.02,-10288.0,-10453.86,-10498.62,-10563.62,-10594.62,-10757.62,12690.85,93.42150907797134,12690.85
13256.0,3022218.15,1082267.97,-10639.98,-10287.99,-10453.85,-10498.61,-10563.61,-10594.61,-10757.61,12690.820000000002,89.03075054699322,12690.820000000002
13257.0,3022217.59,1082268.8,-10639.94,-10287.98,-10453.84,-10498.6,-10563.6,-10594.6,-10757.6,12690.79,87.71037924650814,12690.79
13258.0,3022217.04,1082269.64,-10639.89,-10287.97,-10453.83,-10498.59,-10563.59,-10594.59,-10757.59,12690.75,90.34064271017284,12690.75
13259.0,3022216.49,1082270.47,-10639.85,-10287.96,-10453.82,-10498.58,-10563.58,-10594.58,-10757.58,12690.72,86.89300653668406,12690.72
13260.0,3022215.93,1082271.3,-10639.81,-10287.95,-10453.81,-10498.57,-10563.57,-10594.57,-10757.57,12690.69,79.65192265862706,12690.69
13261.0,3022215.38,1082272.13,-10639.76,-10287.94,-10453.8,-10498.56,-10563.56,-10594.56,-10757.56,12690.65,75.37643463800872,12690.65
13262.0,3022214.83,1082272.96,-10639.72,-10287.93,-10453.79,-10498.55,-10563.55,-10594.55,-10757.55,12690.62,79.9767759150956,12690.62
13263.0,3022214.27,1082273.79,-10639.67,-10287.91,-10453.77,-10498.53,-10563.53,-10594.53,-10757.53,12690.59,84.09507687613235,12690.59
13264.0,3022213.72,1082274.62,-10639.63,-10287.9,-10453.76,-10498.52,-10563.52,-10594.52,-10757.52,12690.55,83.26722502900284,12690.55
13265.0,3022213.16,1082275.46,-10639.59,-10287.89,-10453.75,-10498.51,-10563.51,-10594.51,-10757.51,12690.52,81.29714721558067,12690.52
13266.0,3022212.61,1082276.29,-10639.54,-10287.88,-10453.74,-10498.5,-10563.5,-10594.5,-10757.5,12690.490000000002,80.80462776222512,12690.490000000002
13267.0,3022212.06,1082277.12,-10639.5,-10287.87,-10453.73,-10498.49,-10563.49,-10594.49,-10757.49,12690.46,,12690.46
13268.0,3022211.5,1082277.95,-10639.45,-10287.86,-10453.72,-10498.48,-10563.48,-10594.48,-10757.48,12690.43,,12690.43
13269.0,3022210.95,1082278.78,-10639.41,-10287.84,-10453.7,-10498.46,-10563.46,-10594.46,-10757.46,12690.39,,12690.39
13270.0,3022210.39,1082279.61,-10639.36,-10287.83,-10453.69,-10498.45,-10563.45,-10594.45,-10757.45,12690.36,79.70431834515423,12690.36
13271.0,3022209.84,1082280.44,-10639.32,-10287.82,-10453.68,-10498.44,-10563.44,-10594.44,-10757.44,12690.33,,12690.33
13272.0,3022209.29,1082281.28,-10639.27,-10287.8,-10453.66,-10498.42,-10563.42,-10594.42,-10757.42,12690.3,70.92280128319797,12690.3
13273.0,3022208.73,1082282.11,-10639.23,-10287.79,-10453.65,-10498.41,-10563.41,-10594.41,-10757.41,12690.26,70.26261563295544,12690.26
13274.0,3022208.18,1082282.94,-10639.18,-10287.78,-10453.64,-10498.4,-10563.4,-10594.4,-10757.4,12690.23,,12690.23
13275.0,3022207.63,1082283.77,-10639.14,-10287.77,-10453.63,-10498.39,-10563.39,-10594.39,-10757.39,12690.2,73.78360576758229,12690.2
13276.0,3022207.07,1082284.6,-10639.09,-10287.75,-10453.61,-10498.37,-10563.37,-10594.37,-10757.37,12690.17,74.22372953441065,12690.17
13277.0,3022206.52,1082285.43,-10639.05,-10287.74,-10453.6,-10498.36,-10563.36,-10594.36,-10757.36,12690.13,73.78360576758229,12690.13
13278.0,3022205.96,1082286.26,-10639.0,-10287.73,-10453.59,-10498.35,-10563.35,-10594.35,-10757.35,12690.1,,12690.1
13279.0,3022205.41,1082287.1,-10638.96,-10287.72,-10453.58,-10498.34,-10563.34,-10594.34,-10757.34,12690.070000000002,70.26261563295544,12690.070000000002
13280.0,3022204.86,1082287.93,-10638.91,-10287.7,-10453.56,-10498.32,-10563.32,-10594.32,-10757.32,12690.04,69.82249186612708,12690.04
13281.0,3022204.3,1082288.76,-10638.86,-10287.69,-10453.55,-10498.31,-10563.31,-10594.31,-10757.31,12690.0,,12690.0
13282.0,3022203.75,1082289.59,-10638.82,-10287.68,-10453.54,-10498.3,-10563.3,-10594.3,-10757.3,12689.97,,12689.97
13283.0,3022203.2,1082290.42,-10638.77,-10287.67,-10453.53,-10498.29,-10563.29,-10594.29,-10757.29,12689.94,69.60242998271292,12689.94
13284.0,3022202.64,1082291.25,-10638.73,-10287.65,-10453.51,-10498.27,-10563.27,-10594.27,-10757.27,12689.9,,12689.9
13285.0,3022202.09,1082292.08,-10638.68,-10287.64,-10453.5,-10498.26,-10563.26,-10594.26,-10757.26,12689.87,67.86289319001037,12689.87
13286.0,3022201.53,1082292.92,-10638.64,-10287.63,-10453.49,-10498.25,-10563.25,-10594.25,-10757.25,12689.84,67.64283130659618,12689.84
13287.0,3022200.98,1082293.75,-10638.59,-10287.61,-10453.47,-10498.23,-10563.23,-10594.23,-10757.23,12689.8,,12689.8
13288.0,3022200.43,1082294.58,-10638.54,-10287.6,-10453.46,-10498.22,-10563.22,-10594.22,-10757.22,12689.77,66.99312479365908,12689.77
13289.0,3022199.87,1082295.41,-10638.5,-10287.59,-10453.45,-10498.21,-10563.21,-10594.21,-10757.21,12689.740000000002,,12689.740000000002
13290.0,3022199.32,1082296.24,-10638.45,-10287.58,-10453.44,-10498.2,-10563.2,-10594.2,-10757.2,12689.7,61.72211872902425,12689.7
13291.0,3022198.77,1082297.07,-10638.4,-10287.56,-10453.42,-10498.18,-10563.18,-10594.18,-10757.18,12689.67,63.04249002950932,12689.67
13292.0,3022198.21,1082297.91,-10638.36,-10287.55,-10453.41,-10498.17,-10563.17,-10594.17,-10757.17,12689.64,65.67275349317401,12689.64
13293.0,3022197.66,1082298.74,-10638.31,-10287.54,-10453.4,-10498.16,-10563.16,-10594.16,-10757.16,12689.6,67.64283130659618,12689.6
13294.0,3022197.11,1082299.57,-10638.26,-10287.53,-10453.39,-10498.15,-10563.15,-10594.15,-10757.15,12689.570000000002,67.86289319001037,12689.570000000002
13295.0,3022196.55,1082300.4,-10638.22,-10287.51,-10453.37,-10498.13,-10563.13,-10594.13,-10757.13,12689.54,,12689.54
13296.0,3022196.0,1082301.23,-10638.17,-10287.5,-10453.36,-10498.12,-10563.12,-10594.12,-10757.12,12689.5,69.60242998271292,12689.5
13297.0,3022195.44,1082302.06,-10638.12,-10287.49,-10453.35,-10498.11,-10563.11,-10594.11,-10757.11,12689.47,69.82249186612708,12689.47
13298.0,3022194.89,1082302.89,-10638.08,-10287.47,-10453.33,-10498.09,-10563.09,-10594.09,-10757.09,12689.43,,12689.43
13299.0,3022194.34,1082303.73,-10638.03,-10287.46,-10453.32,-10498.08,-10563.08,-10594.08,-10757.08,12689.4,,12689.4
13300.0,3022193.78,1082304.56,-10637.98,-10287.45,-10453.31,-10498.07,-10563.07,-10594.07,-10757.07,12689.36,70.00063720031952,12689.36
13301.0,3022193.23,1082305.39,-10637.94,-10287.44,-10453.3,-10498.06,-10563.06,-10594.06,-10757.06,12689.33,,12689.33
13302.0,3022192.68,1082306.22,-10637.89,-10287.42,-10453.28,-10498.04,-10563.04,-10594.04,-10757.04,12689.29,71.4362790111644,12689.29
13303.0,3022192.12,1082307.05,-10637.84,-10287.41,-10453.27,-10498.03,-10563.03,-10594.03,-10757.03,12689.26,71.55154952152421,12689.26
13304.0,3022191.57,1082307.88,-10637.79,-10287.4,-10453.26,-10498.02,-10563.02,-10594.02,-10757.02,12689.23,72.73569203703859,12689.23
13305.0,3022191.02,1082308.71,-10637.75,-10287.39,-10453.25,-10498.01,-10563.01,-10594.01,-10757.01,12689.19,74.10845902405084,12689.19
13306.0,3022190.46,1082309.55,-10637.7,-10287.37,-10453.23,-10497.99,-10562.99,-10593.99,-10756.99,12689.16,74.58002020279551,12689.16
13307.0,3022189.91,1082310.38,-10637.65,-10287.36,-10453.22,-10497.98,-10562.98,-10593.98,-10756.98,12689.12,73.15485752925608,12689.12
13308.0,3022189.35,1082311.21,-10637.6,-10287.35,-10453.21,-10497.97,-10562.97,-10593.97,-10756.97,12689.08,71.24765453966653,12689.08
13309.0,3022188.8,1082312.04,-10637.56,-10287.34,-10453.2,-10497.96,-10562.96,-10593.96,-10756.96,12689.05,69.82249186612708,12689.05
13310.0,3022188.25,1082312.87,-10637.51,-10287.32,-10453.18,-10497.94,-10562.94,-10593.94,-10756.94,12689.01,,12689.01
13311.0,3022187.69,1082313.7,-10637.46,-10287.31,-10453.17,-10497.93,-10562.93,-10593.93,-10756.93,12688.98,,12688.98
13312.0,3022187.14,1082314.53,-10637.41,-10287.3,-10453.16,-10497.92,-10562.92,-10593.92,-10756.92,12688.94,68.50212056564203,12688.94
13313.0,3022186.59,1082315.37,-10637.36,-10287.28,-10453.14,-10497.9,-10562.9,-10593.9,-10756.9,12688.91,66.74162549832859,12688.91
13314.0,3022186.03,1082316.2,-10637.32,-10287.27,-10453.13,-10497.89,-10562.89,-10593.89,-10756.89,12688.87,65.43173333514896,12688.87
13315.0,3022185.48,1082317.03,-10637.27,-10287.26,-10453.12,-10497.88,-10562.88,-10593.88,-10756.88,12688.84,65.13831749059672,12688.84
13316.0,3022184.93,1082317.86,-10637.22,-10287.25,-10453.11,-10497.87,-10562.87,-10593.87,-10756.87,12688.8,,12688.8
13317.0,3022184.37,1082318.69,-10637.17,-10287.23,-10453.09,-10497.85,-10562.85,-10593.85,-10756.85,12688.77,62.83290728340057,12688.77
13318.0,3022183.82,1082319.52,-10637.12,-10287.22,-10453.08,-10497.84,-10562.84,-10593.84,-10756.84,12688.73,65.06496352945867,12688.73
13319.0,3022183.27,1082320.35,-10637.07,-10287.21,-10453.07,-10497.83,-10562.83,-10593.83,-10756.83,12688.69,68.40780832989309,12688.69
13320.0,3022182.71,1082321.19,-10637.02,-10287.2,-10453.06,-10497.82,-10562.82,-10593.82,-10756.82,12688.66,70.92280128319797,12688.66
13321.0,3022182.16,1082322.02,-10636.98,-10287.18,-10453.04,-10497.8,-10562.8,-10593.8,-10756.8,12688.62,,12688.62
13322.0,3022181.61,1082322.85,-10636.93,-10287.17,-10453.03,-10497.79,-10562.79,-10593.79,-10756.79,12688.59,,12688.59
13323.0,3022181.05,1082323.68,-10636.88,-10287.16,-10453.02,-10497.78,-10562.78,-10593.78,-10756.78,12688.55,,12688.55
13324.0,3022180.5,1082324.51,-10636.83,-10287.14,-10453.0,-10497.76,-10562.76,-10593.76,-10756.76,12688.51,,12688.51
13325.0,3022179.95,1082325.34,-10636.78,-10287.13,-10452.99,-10497.75,-10562.75,-10593.75,-10756.75,12688.48,,12688.48
13326.0,3022179.39,1082326.17,-10636.73,-10287.12,-10452.98,-10497.74,-10562.74,-10593.74,-10756.74,12688.44,70.75513508631099,12688.44
13327.0,3022178.84,1082327.01,-10636.68,-10287.11,-10452.97,-10497.73,-10562.73,-10593.73,-10756.73,12688.4,72.07550638679606,12688.4
13328.0,3022178.28,1082327.84,-10636.63,-10287.09,-10452.95,-10497.71,-10562.71,-10593.71,-10756.71,12688.37,78.05909378820061,12688.37
13329.0,3022177.73,1082328.67,-10636.58,-10287.08,-10452.94,-10497.7,-10562.7,-10593.7,-10756.7,12688.33,86.1699460626089,12688.33
13330.0,3022177.18,1082329.5,-10636.53,-10287.07,-10452.93,-10497.69,-10562.69,-10593.69,-10756.69,12688.29,89.6804570599303,12688.29
13331.0,3022176.62,1082330.33,-10636.48,-10287.06,-10452.92,-10497.68,-10562.68,-10593.68,-10756.68,12688.26,89.02027140968778,12688.26
13332.0,3022176.07,1082331.16,-10636.43,-10287.04,-10452.9,-10497.66,-10562.66,-10593.66,-10756.66,12688.22,85.89748849266753,12688.22
13333.0,3022175.52,1082331.99,-10636.38,-10287.03,-10452.89,-10497.65,-10562.65,-10593.65,-10756.65,12688.18,81.31810549019154,12688.18
13334.0,3022174.96,1082332.83,-10636.33,-10287.02,-10452.88,-10497.64,-10562.64,-10593.64,-10756.64,12688.15,80.1758795238989,12688.15
13335.0,3022174.41,1082333.66,-10636.28,-10287.01,-10452.87,-10497.63,-10562.63,-10593.63,-10756.63,12688.11,82.30314439690262,12688.11
13336.0,3022173.86,1082334.49,-10636.23,-10286.99,-10452.85,-10497.61,-10562.61,-10593.61,-10756.61,12688.070000000002,89.03075054699322,12688.070000000002
13337.0,3022173.3,1082335.32,-10636.18,-10286.98,-10452.84,-10497.6,-10562.6,-10593.6,-10756.6,12688.03,93.42150907797134,12688.03
13338.0,3022172.75,1082336.15,-10636.13,-10286.97,-10452.83,-10497.59,-10562.59,-10593.59,-10756.59,12688.0,96.71195819187858,12688.0
13339.0,3022172.2,1082336.98,-10636.08,-10286.95,-10452.81,-10497.57,-10562.57,-10593.57,-10756.57,12687.96,97.81226760894948,12687.96
13340.0,3022171.64,1082337.81,-10636.03,-10286.94,-10452.8,-10497.56,-10562.56,-10593.56,-10756.56,12687.92,,12687.92
13341.0,3022171.09,1082338.65,-10635.98,-10286.93,-10452.79,-10497.55,-10562.55,-10593.55,-10756.55,12687.88,106.58330553360028,12687.88
13342.0,3022170.54,1082339.48,-10635.93,-10286.92,-10452.78,-10497.54,-10562.54,-10593.54,-10756.54,12687.85,,12687.85
13343.0,3022169.98,1082340.31,-10635.88,-10286.9,-10452.76,-10497.52,-10562.52,-10593.52,-10756.52,12687.81,102.19254700262216,12687.81
13344.0,3022169.43,1082341.14,-10635.83,-10286.89,-10452.75,-10497.51,-10562.51,-10593.51,-10756.51,12687.77,98.25239137577782,12687.77
13345.0,3022168.88,1082341.97,-10635.78,-10286.88,-10452.74,-10497.5,-10562.5,-10593.5,-10756.5,12687.73,98.90209788871492,12687.73
13346.0,3022168.32,1082342.8,-10635.73,-10286.87,-10452.73,-10497.49,-10562.49,-10593.49,-10756.49,12687.69,101.31229946896543,12687.69
13347.0,3022167.77,1082343.63,-10635.68,-10286.87,-10452.73,-10497.49,-10562.49,-10593.49,-10756.49,12687.64,104.38268669945847,12687.64
13348.0,3022167.22,1082344.47,-10635.63,-10286.86,-10452.72,-10497.48,-10562.48,-10593.48,-10756.48,12687.6,107.0129501631232,12687.6
13349.0,3022166.66,1082345.3,-10635.58,-10286.86,-10452.72,-10497.48,-10562.48,-10593.48,-10756.48,12687.55,107.67313581336572,12687.55
13350.0,3022166.11,1082346.13,-10635.53,-10286.85,-10452.71,-10497.47,-10562.47,-10593.47,-10756.47,12687.5,,12687.5
13351.0,3022165.56,1082346.96,-10635.47,-10286.85,-10452.71,-10497.47,-10562.47,-10593.47,-10756.47,12687.46,,12687.46
13352.0,3022165.0,1082347.79,-10635.42,-10286.84,-10452.7,-10497.46,-10562.46,-10593.46,-10756.46,12687.41,104.38268669945847,12687.41
13353.0,3022164.45,1082348.62,-10635.37,-10286.83,-10452.69,-10497.45,-10562.45,-10593.45,-10756.45,12687.37,100.0024073057858,12687.37
13354.0,3022163.9,1082349.45,-10635.32,-10286.83,-10452.69,-10497.45,-10562.45,-10593.45,-10756.45,12687.320000000002,96.71195819187858,12687.320000000002
13355.0,3022163.35,1082350.29,-10635.27,-10286.82,-10452.68,-10497.44,-10562.44,-10593.44,-10756.44,12687.28,,12687.28
13356.0,3022162.79,1082351.12,-10635.22,-10286.85,-10452.71,-10497.47,-10562.47,-10593.47,-10756.47,12687.2,101.32277860627087,12687.2
13357.0,3022162.24,1082351.95,-10635.16,-10286.87,-10452.73,-10497.49,-10562.49,-10593.49,-10756.49,12687.12,107.46355306725698,12687.12
13358.0,3022161.69,1082352.78,-10635.11,-10286.9,-10452.76,-10497.52,-10562.52,-10593.52,-10756.52,12687.04,108.78392436774206,12687.04
13359.0,3022161.13,1082353.61,-10635.06,-10286.92,-10452.78,-10497.54,-10562.54,-10593.54,-10756.54,12686.97,104.77041477975968,12686.97
13360.0,3022160.58,1082354.44,-10635.01,-10286.94,-10452.8,-10497.56,-10562.56,-10593.56,-10756.56,12686.89,103.02039884975169,12686.89
13361.0,3022160.03,1082355.27,-10634.95,-10286.97,-10452.83,-10497.59,-10562.59,-10593.59,-10756.59,12686.81,104.56083203365093,12686.81
13362.0,3022159.47,1082356.11,-10634.9,-10286.99,-10452.85,-10497.61,-10562.61,-10593.61,-10756.61,12686.73,104.9485601139521,12686.73
13363.0,3022158.92,1082356.94,-10634.85,-10287.02,-10452.88,-10497.64,-10562.64,-10593.64,-10756.64,12686.66,,12686.66
13364.0,3022158.37,1082357.77,-10634.79,-10287.04,-10452.9,-10497.66,-10562.66,-10593.66,-10756.66,12686.58,,12686.58
13365.0,3022157.81,1082358.6,-10634.74,-10287.07,-10452.93,-10497.69,-10562.69,-10593.69,-10756.69,12686.5,104.12070826682258,12686.5
13366.0,3022157.26,1082359.43,-10634.68,-10287.09,-10452.95,-10497.71,-10562.71,-10593.71,-10756.71,12686.42,100.83025915291532,12686.42
13367.0,3022156.71,1082360.26,-10634.63,-10287.12,-10452.98,-10497.74,-10562.74,-10593.74,-10756.74,12686.34,98.640119456079,12686.34
13368.0,3022156.15,1082361.09,-10634.57,-10287.14,-10453.0,-10497.76,-10562.76,-10593.76,-10756.76,12686.26,,12686.26
13369.0,3022155.6,1082361.92,-10634.52,-10287.16,-10453.02,-10497.78,-10562.78,-10593.78,-10756.78,12686.18,105.92311988335774,12686.18
13370.0,3022155.05,1082362.75,-10634.46,-10287.19,-10453.05,-10497.81,-10562.81,-10593.81,-10756.81,12686.1,104.38268669945847,12686.1
13371.0,3022154.49,1082363.59,-10634.41,-10287.21,-10453.07,-10497.83,-10562.83,-10593.83,-10756.83,12686.02,101.7524232357938,12686.02
13372.0,3022153.94,1082364.42,-10634.35,-10287.24,-10453.1,-10497.86,-10562.86,-10593.86,-10756.86,12685.94,106.36324365018608,12685.94
13373.0,3022153.39,1082365.25,-10634.29,-10287.26,-10453.12,-10497.88,-10562.88,-10593.88,-10756.88,12685.86,113.38426564482891,12685.86
13374.0,3022152.83,1082366.08,-10634.24,-10287.29,-10453.15,-10497.91,-10562.91,-10593.91,-10756.91,12685.78,117.55496229239289,12685.78
13375.0,3022152.28,1082366.91,-10634.18,-10287.31,-10453.17,-10497.93,-10562.93,-10593.93,-10756.93,12685.7,113.16420376141475,12685.7
13376.0,3022151.73,1082367.74,-10634.12,-10287.33,-10453.19,-10497.95,-10562.95,-10593.95,-10756.95,12685.61,108.11325958019408,12685.61
13377.0,3022151.17,1082368.57,-10634.06,-10287.36,-10453.22,-10497.98,-10562.98,-10593.98,-10756.98,12685.53,104.38268669945847,12685.53
13378.0,3022150.62,1082369.4,-10634.01,-10287.38,-10453.24,-10498.0,-10563.0,-10594.0,-10757.0,12685.45,101.7524232357938,12685.45
13379.0,3022150.07,1082370.23,-10633.95,-10287.41,-10453.27,-10498.03,-10563.03,-10594.03,-10757.03,12685.37,,12685.37
13380.0,3022149.51,1082371.06,-10633.89,-10287.43,-10453.29,-10498.05,-10563.05,-10594.05,-10757.05,12685.28,104.38268669945847,12685.28
13381.0,3022148.96,1082371.9,-10633.83,-10287.46,-10453.32,-10498.08,-10563.08,-10594.08,-10757.08,12685.2,107.0129501631232,12685.2
13382.0,3022148.41,1082372.73,-10633.77,-10287.48,-10453.34,-10498.1,-10563.1,-10594.1,-10757.1,12685.12,105.70305799994355,12685.12
13383.0,3022147.85,1082373.56,-10633.71,-10287.51,-10453.37,-10498.13,-10563.13,-10594.13,-10757.13,12685.03,103.07279453627886,12685.03
13384.0,3022147.3,1082374.39,-10633.65,-10287.53,-10453.39,-10498.15,-10563.15,-10594.15,-10757.15,12684.95,101.7524232357938,12684.95
13385.0,3022146.75,1082375.22,-10633.59,-10287.55,-10453.41,-10498.17,-10563.17,-10594.17,-10757.17,12684.87,,12684.87
13386.0,3022146.19,1082376.05,-10633.53,-10287.58,-10453.44,-10498.2,-10563.2,-10594.2,-10757.2,12684.78,107.0129501631232,12684.78
13387.0,3022145.64,1082376.88,-10633.47,-10287.6,-10453.46,-10498.22,-10563.22,-10594.22,-10757.22,12684.7,105.70305799994355,12684.7
13388.0,3022145.09,1082377.71,-10633.41,-10287.63,-10453.49,-10498.25,-10563.25,-10594.25,-10757.25,12684.61,103.07279453627886,12684.61
13389.0,3022144.53,1082378.54,-10633.35,-10287.65,-10453.51,-10498.27,-10563.27,-10594.27,-10757.27,12684.52,101.09223758555126,12684.52
13390.0,3022143.98,1082379.37,-10633.29,-10287.68,-10453.54,-10498.3,-10563.3,-10594.3,-10757.3,12684.44,103.07279453627886,12684.44
13391.0,3022143.43,1082380.2,-10633.23,-10287.7,-10453.56,-10498.32,-10563.32,-10594.32,-10757.32,12684.35,105.70305799994355,12684.35
13392.0,3022142.87,1082381.03,-10633.16,-10287.72,-10453.58,-10498.34,-10563.34,-10594.34,-10757.34,12684.27,107.67313581336572,12684.27
13393.0,3022142.32,1082381.86,-10633.1,-10287.75,-10453.61,-10498.37,-10563.37,-10594.37,-10757.37,12684.18,103.06231539897344,12684.18
13394.0,3022141.77,1082382.69,-10633.04,-10287.77,-10453.63,-10498.39,-10563.39,-10594.39,-10757.39,12684.1,96.92154093798732,12684.1
13395.0,3022141.21,1082383.53,-10632.98,-10287.8,-10453.66,-10498.42,-10563.42,-10594.42,-10757.42,12684.01,91.66101401065792,12684.01
13396.0,3022140.66,1082384.36,-10632.91,-10287.82,-10453.68,-10498.44,-10563.44,-10594.44,-10757.44,12683.92,89.02027140968778,12683.92
13397.0,3022140.11,1082385.19,-10632.85,-10287.85,-10453.71,-10498.47,-10563.47,-10594.47,-10757.47,12683.83,,12683.83
13398.0,3022139.55,1082386.02,-10632.79,-10287.87,-10453.73,-10498.49,-10563.49,-10594.49,-10757.49,12683.740000000002,76.80159731154818,12683.740000000002
13399.0,3022139.0,1082386.85,-10632.72,-10287.89,-10453.75,-10498.51,-10563.51,-10594.51,-10757.51,12683.65,73.34348200075394,12683.65
13400.0,3022138.45,1082387.68,-10632.66,-10287.92,-10453.78,-10498.54,-10563.54,-10594.54,-10757.54,12683.570000000002,74.44379141782484,12683.570000000002
13401.0,3022137.89,1082388.51,-10632.59,-10287.94,-10453.8,-10498.56,-10563.56,-10594.56,-10757.56,12683.48,76.413869231247,12683.48
13402.0,3022137.34,1082389.34,-10632.53,-10287.97,-10453.83,-10498.59,-10563.59,-10594.59,-10757.59,12683.39,74.65337416393356,12683.39
13403.0,3022136.79,1082390.17,-10632.46,-10287.99,-10453.85,-10498.61,-10563.61,-10594.61,-10757.61,12683.3,72.24317258368305,12683.3
13404.0,3022136.23,1082391.0,-10632.4,-10288.02,-10453.88,-10498.64,-10563.64,-10594.64,-10757.64,12683.21,72.90335823392557,12683.21
13405.0,3022135.68,1082391.83,-10632.33,-10288.04,-10453.9,-10498.66,-10563.66,-10594.66,-10757.66,12683.12,74.22372953441065,12683.12
13406.0,3022135.13,1082392.66,-10632.27,-10288.07,-10453.93,-10498.69,-10563.69,-10594.69,-10757.69,12683.03,72.25365172098849,12683.03
13407.0,3022134.57,1082393.49,-10632.2,-10288.09,-10453.95,-10498.71,-10563.71,-10594.71,-10757.71,12682.94,69.62338825732378,12682.94
13408.0,3022134.02,1082394.32,-10632.14,-10288.11,-10453.97,-10498.73,-10563.73,-10594.73,-10757.73,12682.85,69.4557220604368,12682.85
13409.0,3022133.46,1082395.15,-10632.07,-10288.14,-10454.0,-10498.76,-10563.76,-10594.76,-10757.76,12682.76,76.68632680118836,12682.76
13410.0,3022132.91,1082395.98,-10632.0,-10288.16,-10454.02,-10498.78,-10563.78,-10594.78,-10757.78,12682.67,88.53823109363768,12682.67
13411.0,3022132.36,1082396.81,-10631.94,-10288.19,-10454.05,-10498.81,-10563.81,-10594.81,-10757.81,12682.570000000002,96.4918963084644,12682.570000000002
13412.0,3022131.8,1082397.64,-10631.87,-10288.21,-10454.07,-10498.83,-10563.83,-10594.83,-10757.83,12682.48,101.7524232357938,12682.48
13413.0,3022131.25,1082398.47,-10631.8,-10288.24,-10454.1,-10498.86,-10563.86,-10594.86,-10757.86,12682.39,,12682.39
13414.0,3022130.7,1082399.3,-10631.73,-10288.26,-10454.12,-10498.88,-10563.88,-10594.88,-10757.88,12682.3,107.0129501631232,12682.3
13415.0,3022130.14,1082400.13,-10631.66,-10288.28,-10454.14,-10498.9,-10563.9,-10594.9,-10757.9,12682.21,107.67313581336572,12682.21
13416.0,3022129.59,1082400.96,-10631.6,-10288.31,-10454.17,-10498.93,-10563.93,-10594.93,-10757.93,12682.12,,12682.12
13417.0,3022129.04,1082401.79,-10631.53,-10288.33,-10454.19,-10498.95,-10563.95,-10594.95,-10757.95,12682.02,,12682.02
13418.0,3022128.48,1082402.62,-10631.46,-10288.36,-10454.22,-10498.98,-10563.98,-10594.98,-10757.98,12681.93,105.70305799994355,12681.93
13419.0,3022127.93,1082403.45,-10631.39,-10288.38,-10454.24,-10499.0,-10564.0,-10595.0,-10758.0,12681.83,103.07279453627886,12681.83
13420.0,3022127.38,1082404.28,-10631.32,-10288.41,-10454.27,-10499.03,-10564.03,-10595.03,-10758.03,12681.740000000002,101.09223758555126,12681.740000000002
13421.0,3022126.82,1082405.11,-10631.25,-10288.43,-10454.29,-10499.05,-10564.05,-10595.05,-10758.05,12681.64,,12681.64
13422.0,3022126.27,1082405.94,-10631.18,-10288.45,-10454.31,-10499.07,-10564.07,-10595.07,-10758.07,12681.55,,12681.55
13423.0,3022125.72,1082406.77,-10631.11,-10288.48,-10454.34,-10499.1,-10564.1,-10595.1,-10758.1,12681.46,107.67313581336572,12681.46
13424.0,3022125.16,1082407.6,-10631.04,-10288.5,-10454.36,-10499.12,-10564.12,-10595.12,-10758.12,12681.36,116.454652875322,12681.36
13425.0,3022124.61,1082408.43,-10630.97,-10288.53,-10454.39,-10499.15,-10564.15,-10595.15,-10758.15,12681.27,118.42473068874416,12681.27
13426.0,3022124.06,1082409.26,-10630.89,-10288.55,-10454.41,-10499.17,-10564.17,-10595.17,-10758.17,12681.17,112.28395622775804,12681.17
13427.0,3022123.5,1082410.09,-10630.82,-10288.58,-10454.44,-10499.2,-10564.2,-10595.2,-10758.2,12681.08,110.9740640645784,12681.08
13428.0,3022122.95,1082410.92,-10630.75,-10288.57,-10454.43,-10499.19,-10564.19,-10595.19,-10758.19,12681.02,115.36482259555652,12681.02
13429.0,3022122.4,1082411.75,-10630.68,-10288.54,-10454.4,-10499.16,-10564.16,-10595.16,-10758.16,12680.97,116.6851938960416,12680.97
13430.0,3022121.84,1082412.58,-10630.61,-10288.51,-10454.37,-10499.13,-10564.13,-10595.13,-10758.13,12680.93,,12680.93
13431.0,3022121.29,1082413.41,-10630.53,-10288.48,-10454.34,-10499.1,-10564.1,-10595.1,-10758.1,12680.88,111.63424971482094,12680.88
13432.0,3022120.74,1082414.24,-10630.46,-10288.45,-10454.31,-10499.07,-10564.07,-10595.07,-10758.07,12680.84,109.87375464750752,12680.84
13433.0,3022120.18,1082415.07,-10630.39,-10288.42,-10454.28,-10499.04,-10564.04,-10595.04,-10758.04,12680.79,108.11325958019408,12680.79
13434.0,3022119.63,1082415.9,-10630.31,-10288.4,-10454.26,-10499.02,-10564.02,-10595.02,-10758.02,12680.75,104.38268669945847,12680.75
13435.0,3022119.08,1082416.73,-10630.24,-10288.37,-10454.23,-10498.99,-10563.99,-10594.99,-10757.99,12680.7,100.0024073057858,12680.7
13436.0,3022118.52,1082417.56,-10630.17,-10288.34,-10454.2,-10498.96,-10563.96,-10594.96,-10757.96,12680.65,,12680.65
13437.0,3022117.97,1082418.39,-10630.09,-10288.31,-10454.17,-10498.93,-10563.93,-10594.93,-10757.93,12680.61,101.1027167228567,12680.61
13438.0,3022117.42,1082419.22,-10630.02,-10288.28,-10454.14,-10498.9,-10563.9,-10594.9,-10757.9,12680.56,100.0024073057858,12680.56
13439.0,3022116.86,1082420.05,-10629.94,-10288.26,-10454.12,-10498.88,-10563.88,-10594.88,-10757.88,12680.51,95.3915868913935,12680.51
13440.0,3022116.31,1082420.88,-10629.87,-10288.23,-10454.09,-10498.85,-10563.85,-10594.85,-10757.85,12680.47,94.5113393577368,12680.47
13441.0,3022115.75,1082421.71,-10629.79,-10288.2,-10454.06,-10498.82,-10563.82,-10594.82,-10757.82,12680.42,96.70147905457314,12680.42
13442.0,3022115.2,1082422.53,-10629.72,-10288.17,-10454.03,-10498.79,-10563.79,-10594.79,-10757.79,12680.37,99.34222165554328,12680.37
13443.0,3022114.65,1082423.36,-10629.64,-10288.14,-10454.0,-10498.76,-10563.76,-10594.76,-10757.76,12680.320000000002,96.70147905457314,12680.320000000002
13444.0,3022114.09,1082424.19,-10629.56,-10288.11,-10453.97,-10498.73,-10563.73,-10594.73,-10757.73,12680.28,91.22089024382956,12680.28
13445.0,3022113.54,1082425.02,-10629.49,-10288.09,-10453.95,-10498.71,-10563.71,-10594.71,-10757.71,12680.23,87.71037924650814,12680.23
13446.0,3022112.99,1082425.85,-10629.41,-10288.06,-10453.92,-10498.68,-10563.68,-10594.68,-10757.68,12680.18,85.74030143308599,12680.18
13447.0,3022112.43,1082426.68,-10629.33,-10288.03,-10453.89,-10498.65,-10563.65,-10594.65,-10757.65,12680.13,,12680.13
13448.0,3022111.88,1082427.51,-10629.25,-10288.0,-10453.86,-10498.62,-10563.62,-10594.62,-10757.62,12680.08,,12680.08
13449.0,3022111.33,1082428.34,-10629.18,-10287.97,-10453.83,-10498.59,-10563.59,-10594.59,-10757.59,12680.03,80.96181482180668,12680.03
13450.0,3022110.77,1082429.17,-10629.1,-10287.95,-10453.81,-10498.57,-10563.57,-10594.57,-10757.57,12679.98,74.60097847740639,12679.98
13451.0,3022110.22,1082430.0,-10629.02,-10287.92,-10453.78,-10498.54,-10563.54,-10594.54,-10757.54,12679.93,69.82249186612708,12679.93
13452.0,3022109.67,1082430.83,-10628.94,-10287.89,-10453.75,-10498.51,-10563.51,-10594.51,-10757.51,12679.89,73.12342011733976,12679.89
13453.0,3022109.11,1082431.66,-10628.87,-10287.86,-10453.72,-10498.48,-10563.48,-10594.48,-10757.48,12679.84,76.85399299807536,12679.84
13454.0,3022108.56,1082432.49,-10628.79,-10287.83,-10453.69,-10498.45,-10563.45,-10594.45,-10757.45,12679.79,,12679.79
13455.0,3022108.01,1082433.32,-10628.71,-10287.8,-10453.66,-10498.42,-10563.42,-10594.42,-10757.42,12679.740000000002,73.34348200075394,12679.740000000002
13456.0,3022107.45,1082434.14,-10628.64,-10287.78,-10453.64,-10498.4,-10563.4,-10594.4,-10757.4,12679.69,72.02311070026887,12679.69
13457.0,3022106.9,1082434.97,-10628.56,-10287.75,-10453.61,-10498.37,-10563.37,-10594.37,-10757.37,12679.64,,12679.64
13458.0,3022106.35,1082435.8,-10628.48,-10287.72,-10453.58,-10498.34,-10563.34,-10594.34,-10757.34,12679.59,,12679.59
13459.0,3022105.79,1082436.63,-10628.4,-10287.69,-10453.55,-10498.31,-10563.31,-10594.31,-10757.31,12679.54,,12679.54
13460.0,3022105.24,1082437.46,-10628.33,-10287.66,-10453.52,-10498.28,-10563.28,-10594.28,-10757.28,12679.490000000002,72.5680258401516,12679.490000000002
13461.0,3022104.68,1082438.29,-10628.25,-10287.64,-10453.5,-10498.26,-10563.26,-10594.26,-10757.26,12679.44,,12679.44
13462.0,3022104.13,1082439.12,-10628.17,-10287.61,-10453.47,-10498.23,-10563.23,-10594.23,-10757.23,12679.4,76.95878437112972,12679.4
13463.0,3022103.58,1082439.95,-10628.1,-10287.58,-10453.44,-10498.2,-10563.2,-10594.2,-10757.2,12679.35,77.50369951101244,12679.35
13464.0,3022103.02,1082440.78,-10628.02,-10287.55,-10453.41,-10498.17,-10563.17,-10594.17,-10757.17,12679.3,,12679.3
13465.0,3022102.47,1082441.61,-10627.94,-10287.52,-10453.38,-10498.14,-10563.14,-10594.14,-10757.14,12679.25,76.51866060430136,12679.25
13466.0,3022101.92,1082442.44,-10627.86,-10287.49,-10453.35,-10498.11,-10563.11,-10594.11,-10757.11,12679.2,81.9573328658232,12679.2
13467.0,3022101.36,1082443.27,-10627.79,-10287.47,-10453.33,-10498.09,-10563.09,-10594.09,-10757.09,12679.15,89.97387290448255,12679.15
13468.0,3022100.81,1082444.1,-10627.71,-10287.44,-10453.3,-10498.06,-10563.06,-10594.06,-10757.06,12679.1,95.3915868913935,12679.1
13469.0,3022100.26,1082444.92,-10627.63,-10287.41,-10453.27,-10498.03,-10563.03,-10594.03,-10757.03,12679.06,94.2912774743226,12679.06
13470.0,3022099.7,1082445.75,-10627.56,-10287.38,-10453.24,-10498.0,-10563.0,-10594.0,-10757.0,12679.01,95.60116963750224,12679.01
13471.0,3022099.15,1082446.58,-10627.48,-10287.35,-10453.21,-10497.97,-10562.97,-10593.97,-10756.97,12678.96,99.11168063482366,12678.96
13472.0,3022098.6,1082447.41,-10627.4,-10287.33,-10453.19,-10497.95,-10562.95,-10593.95,-10756.95,12678.91,101.31229946896543,12678.91
13473.0,3022098.04,1082448.24,-10627.33,-10287.3,-10453.16,-10497.92,-10562.92,-10593.92,-10756.92,12678.86,,12678.86
13474.0,3022097.49,1082449.07,-10627.25,-10287.27,-10453.13,-10497.89,-10562.89,-10593.89,-10756.89,12678.81,103.07279453627886,12678.81
13475.0,3022096.93,1082449.9,-10627.18,-10287.24,-10453.1,-10497.86,-10562.86,-10593.86,-10756.86,12678.76,106.80336741701446,12678.76
13476.0,3022096.38,1082450.73,-10627.1,-10287.23,-10453.09,-10497.85,-10562.85,-10593.85,-10756.85,12678.7,113.16420376141475,12678.7
13477.0,3022095.83,1082451.56,-10627.02,-10287.22,-10453.08,-10497.84,-10562.84,-10593.84,-10756.84,12678.63,115.58488447897072,12678.63
13478.0,3022095.27,1082452.39,-10626.95,-10287.21,-10453.07,-10497.83,-10562.83,-10593.83,-10756.83,12678.570000000002,114.0549304323769,12678.570000000002
13479.0,3022094.72,1082453.22,-10626.87,-10287.2,-10453.06,-10497.82,-10562.82,-10593.82,-10756.82,12678.5,,12678.5
13480.0,3022094.17,1082454.05,-10626.79,-10287.19,-10453.05,-10497.81,-10562.81,-10593.81,-10756.81,12678.43,114.704636945314,12678.43
13481.0,3022093.61,1082454.88,-10626.72,-10287.18,-10453.04,-10497.8,-10562.8,-10593.8,-10756.8,12678.37,114.0549304323769,12678.37
13482.0,3022093.06,1082455.7,-10626.64,-10287.17,-10453.03,-10497.79,-10562.79,-10593.79,-10756.79,12678.3,112.07437348164927,12678.3
13483.0,3022092.5,1082456.53,-10626.57,-10287.16,-10453.02,-10497.78,-10562.78,-10593.78,-10756.78,12678.23,110.75400218116422,12678.23
13484.0,3022091.95,1082457.36,-10626.49,-10287.15,-10453.01,-10497.77,-10562.77,-10593.77,-10756.77,12678.17,108.9935071138508,12678.17
13485.0,3022091.4,1082458.19,-10626.41,-10287.14,-10453.0,-10497.76,-10562.76,-10593.76,-10756.76,12678.1,107.0129501631232,12678.1
13486.0,3022090.84,1082459.02,-10626.34,-10287.14,-10453.0,-10497.76,-10562.76,-10593.76,-10756.76,12678.03,104.38268669945847,12678.03
13487.0,3022090.29,1082459.85,-10626.26,-10287.13,-10452.99,-10497.75,-10562.75,-10593.75,-10756.75,12677.96,103.72250104921596,12677.96
13488.0,3022089.74,1082460.68,-10626.19,-10287.13,-10452.99,-10497.75,-10562.75,-10593.75,-10756.75,12677.89,,12677.89
13489.0,3022089.18,1082461.51,-10626.11,-10287.12,-10452.98,-10497.74,-10562.74,-10593.74,-10756.74,12677.820000000002,104.38268669945847,12677.820000000002
13490.0,3022088.63,1082462.34,-10626.03,-10287.12,-10452.98,-10497.74,-10562.74,-10593.74,-10756.74,12677.75,101.53236135237962,12677.75
13491.0,3022088.07,1082463.17,-10625.96,-10287.11,-10452.97,-10497.73,-10562.73,-10593.73,-10756.73,12677.67,,12677.67
13492.0,3022087.52,1082464.0,-10625.88,-10287.11,-10452.97,-10497.73,-10562.73,-10593.73,-10756.73,12677.6,93.19096805725172,12677.6
13493.0,3022086.97,1082464.83,-10625.81,-10287.1,-10452.96,-10497.72,-10562.72,-10593.72,-10756.72,12677.53,93.63109182408007,12677.53
13494.0,3022086.41,1082465.66,-10625.73,-10287.1,-10452.96,-10497.72,-10562.72,-10593.72,-10756.72,12677.46,94.30175661162806,12677.46
13495.0,3022085.86,1082466.48,-10625.65,-10287.1,-10452.96,-10497.72,-10562.72,-10593.72,-10756.72,12677.39,91.22089024382956,12677.39
13496.0,3022085.31,1082467.31,-10625.58,-10287.09,-10452.95,-10497.71,-10562.71,-10593.71,-10756.71,12677.320000000002,86.83013171285143,12677.320000000002
13497.0,3022084.75,1082468.14,-10625.5,-10287.09,-10452.95,-10497.71,-10562.71,-10593.71,-10756.71,12677.25,,12677.25
13498.0,3022084.2,1082468.97,-10625.43,-10287.08,-10452.94,-10497.7,-10562.7,-10593.7,-10756.7,12677.18,91.22089024382956,12677.18
13499.0,3022083.64,1082469.8,-10625.35,-10287.08,-10452.94,-10497.7,-10562.7,-10593.7,-10756.7,12677.11,95.62212791211311,12677.11
13500.0,3022083.09,1082470.63,-10625.28,-10287.07,-10452.93,-10497.69,-10562.69,-10593.69,-10756.69,12677.04,97.15208195870692,12677.04
13501.0,3022082.54,1082471.46,-10625.2,-10287.07,-10452.93,-10497.69,-10562.69,-10593.69,-10756.69,12676.96,,12676.96
13502.0,3022081.98,1082472.29,-10625.13,-10287.06,-10452.92,-10497.68,-10562.68,-10593.68,-10756.68,12676.89,100.66259295602836,12676.89
13503.0,3022081.43,1082473.12,-10625.05,-10287.06,-10452.92,-10497.68,-10562.68,-10593.68,-10756.68,12676.820000000002,101.09223758555126,12676.820000000002
13504.0,3022080.87,1082473.95,-10624.98,-10287.05,-10452.91,-10497.67,-10562.67,-10593.67,-10756.67,12676.75,,12676.75
13505.0,3022080.32,1082474.78,-10624.9,-10287.05,-10452.91,-10497.67,-10562.67,-10593.67,-10756.67,12676.68,98.472453259192,12676.68
13506.0,3022079.77,1082475.61,-10624.83,-10287.04,-10452.9,-10497.66,-10562.66,-10593.66,-10756.66,12676.61,98.90209788871492,12676.61
13507.0,3022079.21,1082476.43,-10624.75,-10287.04,-10452.9,-10497.66,-10562.66,-10593.66,-10756.66,12676.54,100.22246918919998,12676.54
13508.0,3022078.66,1082477.26,-10624.68,-10287.04,-10452.9,-10497.66,-10562.66,-10593.66,-10756.66,12676.47,98.90209788871492,12676.47
13509.0,3022078.1,1082478.09,-10624.6,-10287.03,-10452.89,-10497.65,-10562.65,-10593.65,-10756.65,12676.4,97.15208195870692,12676.4
13510.0,3022077.55,1082478.92,-10624.53,-10287.03,-10452.89,-10497.65,-10562.65,-10593.65,-10756.65,12676.33,98.25239137577782,12676.33
13511.0,3022077.0,1082479.75,-10624.45,-10287.02,-10452.88,-10497.64,-10562.64,-10593.64,-10756.64,12676.26,,12676.26
13512.0,3022076.44,1082480.58,-10624.38,-10287.02,-10452.88,-10497.64,-10562.64,-10593.64,-10756.64,12676.19,110.10429566822714,12676.19
13513.0,3022075.89,1082481.41,-10624.3,-10287.01,-10452.87,-10497.63,-10562.63,-10593.63,-10756.63,12676.12,107.84080201025272,12676.12
13514.0,3022075.33,1082482.24,-10624.23,-10287.01,-10452.87,-10497.63,-10562.63,-10593.63,-10756.63,12676.05,105.39916301808589,12676.05
13515.0,3022074.78,1082483.07,-10624.15,-10287.0,-10452.86,-10497.62,-10562.62,-10593.62,-10756.62,12675.98,105.64018317611094,12675.98
13516.0,3022074.23,1082483.9,-10624.08,-10287.0,-10452.86,-10497.62,-10562.62,-10593.62,-10756.62,12675.91,108.11325958019408,12675.91
13517.0,3022073.67,1082484.73,-10624.0,-10286.99,-10452.85,-10497.61,-10562.61,-10593.61,-10756.61,12675.84,109.87375464750752,12675.84
13518.0,3022073.12,1082485.56,-10623.93,-10286.99,-10452.85,-10497.61,-10562.61,-10593.61,-10756.61,12675.77,107.02342930042865,12675.77
13519.0,3022072.56,1082486.38,-10623.85,-10286.99,-10452.85,-10497.61,-10562.61,-10593.61,-10756.61,12675.7,101.76290237309924,12675.7
13520.0,3022072.01,1082487.21,-10623.78,-10286.98,-10452.84,-10497.6,-10562.6,-10593.6,-10756.6,12675.63,98.03232949236364,12675.63
13521.0,3022071.46,1082488.04,-10623.7,-10286.98,-10452.84,-10497.6,-10562.6,-10593.6,-10756.6,12675.56,96.27183442505022,12675.56
13522.0,3022070.9,1082488.87,-10623.63,-10286.97,-10452.83,-10497.59,-10562.59,-10593.59,-10756.59,12675.490000000002,95.83171065822188,12675.490000000002
13523.0,3022070.35,1082489.7,-10623.56,-10286.97,-10452.83,-10497.59,-10562.59,-10593.59,-10756.59,12675.42,97.15208195870692,12675.42
13524.0,3022069.79,1082490.53,-10623.48,-10286.96,-10452.82,-10497.58,-10562.58,-10593.58,-10756.58,12675.35,99.34222165554328,12675.35
13525.0,3022069.24,1082491.36,-10623.41,-10286.96,-10452.82,-10497.58,-10562.58,-10593.58,-10756.58,12675.28,99.78234542237163,12675.28
13526.0,3022068.69,1082492.19,-10623.33,-10286.95,-10452.81,-10497.57,-10562.57,-10593.57,-10756.57,12675.21,101.09223758555126,12675.21
13527.0,3022068.13,1082493.02,-10623.26,-10286.95,-10452.81,-10497.57,-10562.57,-10593.57,-10756.57,12675.14,99.78234542237163,12675.14
13528.0,3022067.58,1082493.85,-10623.18,-10286.94,-10452.8,-10497.56,-10562.56,-10593.56,-10756.56,12675.070000000002,98.03232949236364,12675.070000000002
13529.0,3022067.02,1082494.68,-10623.11,-10286.94,-10452.8,-10497.56,-10562.56,-10593.56,-10756.56,12675.0,96.71195819187858,12675.0
13530.0,3022066.47,1082495.5,-10623.04,-10286.94,-10452.8,-10497.56,-10562.56,-10593.56,-10756.56,12674.93,96.27183442505022,12674.93
13531.0,3022065.92,1082496.33,-10622.96,-10286.93,-10452.79,-10497.55,-10562.55,-10593.55,-10756.55,12674.86,,12674.86
13532.0,3022065.36,1082497.16,-10622.89,-10286.93,-10452.79,-10497.55,-10562.55,-10593.55,-10756.55,12674.79,92.75084429042336,12674.79
13533.0,3022064.81,1082497.99,-10622.81,-10286.92,-10452.78,-10497.54,-10562.54,-10593.54,-10756.54,12674.72,92.310720523595,12674.72
13534.0,3022064.25,1082498.82,-10622.74,-10286.92,-10452.78,-10497.54,-10562.54,-10593.54,-10756.54,12674.65,91.16849455730237,12674.65
13535.0,3022063.7,1082499.65,-10622.67,-10286.91,-10452.77,-10497.53,-10562.53,-10593.53,-10756.53,12674.58,86.55767414291007,12674.58
13536.0,3022063.15,1082500.48,-10622.59,-10286.91,-10452.77,-10497.53,-10562.53,-10593.53,-10756.53,12674.51,83.43489122588983,12674.51
13537.0,3022062.59,1082501.31,-10622.52,-10286.9,-10452.76,-10497.52,-10562.52,-10593.52,-10756.52,12674.45,84.25226393571393,12674.45
13538.0,3022062.04,1082502.14,-10622.44,-10286.9,-10452.76,-10497.52,-10562.52,-10593.52,-10756.52,12674.38,85.74030143308599,12674.38
13539.0,3022061.48,1082502.97,-10622.37,-10286.89,-10452.75,-10497.51,-10562.51,-10593.51,-10756.51,12674.31,85.237302842425,12674.31
13540.0,3022060.93,1082503.8,-10622.3,-10286.89,-10452.75,-10497.51,-10562.51,-10593.51,-10756.51,12674.240000000002,83.26722502900284,12674.240000000002
13541.0,3022060.37,1082504.63,-10622.22,-10286.88,-10452.74,-10497.5,-10562.5,-10593.5,-10756.5,12674.17,79.3270694021585,12674.17
13542.0,3022059.82,1082505.45,-10622.15,-10286.88,-10452.74,-10497.5,-10562.5,-10593.5,-10756.5,12674.1,76.20428648513825,12674.1
13543.0,3022059.27,1082506.28,-10622.08,-10286.88,-10452.74,-10497.5,-10562.5,-10593.5,-10756.5,12674.03,74.22372953441065,12674.03
13544.0,3022058.71,1082507.11,-10622.0,-10286.87,-10452.73,-10497.49,-10562.49,-10593.49,-10756.49,12673.96,72.90335823392557,12673.96
13545.0,3022058.16,1082507.94,-10621.93,-10286.87,-10452.73,-10497.49,-10562.49,-10593.49,-10756.49,12673.89,71.14286316661216,12673.89
13546.0,3022057.6,1082508.77,-10621.86,-10286.86,-10452.72,-10497.48,-10562.48,-10593.48,-10756.48,12673.820000000002,,12673.820000000002
13547.0,3022057.05,1082509.6,-10621.78,-10286.86,-10452.72,-10497.48,-10562.48,-10593.48,-10756.48,12673.76,71.59346607074595,12673.76
13548.0,3022056.49,1082510.43,-10621.71,-10286.85,-10452.71,-10497.47,-10562.47,-10593.47,-10756.47,12673.69,71.1533423039176,12673.69
13549.0,3022055.94,1082511.26,-10621.64,-10286.85,-10452.71,-10497.47,-10562.47,-10593.47,-10756.47,12673.62,73.23869062769957,12673.62
13550.0,3022055.38,1082512.09,-10621.56,-10286.84,-10452.7,-10497.46,-10562.46,-10593.46,-10756.46,12673.55,74.22372953441065,12673.55
13551.0,3022054.83,1082512.91,-10621.49,-10286.84,-10452.7,-10497.46,-10562.46,-10593.46,-10756.46,12673.48,76.4977023296905,12673.48
13552.0,3022054.27,1082513.74,-10621.42,-10286.83,-10452.69,-10497.45,-10562.45,-10593.45,-10756.45,12673.41,79.51569387365636,12673.41
13553.0,3022053.72,1082514.57,-10621.34,-10286.83,-10452.69,-10497.45,-10562.45,-10593.45,-10756.45,12673.34,81.77918753163078,12673.34
13554.0,3022053.16,1082515.4,-10621.27,-10286.83,-10452.69,-10497.45,-10562.45,-10593.45,-10756.45,12673.28,,12673.28
13555.0,3022052.61,1082516.23,-10621.2,-10286.82,-10452.68,-10497.44,-10562.44,-10593.44,-10756.44,12673.21,,12673.21
13556.0,3022052.05,1082517.06,-10621.12,-10286.82,-10452.68,-10497.44,-10562.44,-10593.44,-10756.44,12673.14,,12673.14
13557.0,3022051.49,1082517.88,-10621.05,-10286.81,-10452.67,-10497.43,-10562.43,-10593.43,-10756.43,12673.070000000002,,12673.070000000002
13558.0,3022050.94,1082518.71,-10620.98,-10286.81,-10452.67,-10497.43,-10562.43,-10593.43,-10756.43,12673.0,82.17739474923738,12673.0
13559.0,3022050.38,1082519.54,-10620.91,-10286.8,-10452.66,-10497.42,-10562.42,-10593.42,-10756.42,12672.94,,12672.94
13560.0,3022049.83,1082520.37,-10620.83,-10286.8,-10452.66,-10497.42,-10562.42,-10593.42,-10756.42,12672.87,85.34209421547936,12672.87
13561.0,3022049.27,1082521.19,-10620.76,-10286.79,-10452.65,-10497.41,-10562.41,-10593.41,-10756.41,12672.8,85.74030143308599,12672.8
13562.0,3022048.71,1082522.02,-10620.69,-10286.79,-10452.65,-10497.41,-10562.41,-10593.41,-10756.41,12672.73,,12672.73
13563.0,3022048.16,1082522.85,-10620.62,-10286.78,-10452.64,-10497.4,-10562.4,-10593.4,-10756.4,12672.66,86.83013171285143,12672.66
13564.0,3022047.6,1082523.68,-10620.54,-10286.78,-10452.64,-10497.4,-10562.4,-10593.4,-10756.4,12672.6,91.22089024382956,12672.6
13565.0,3022047.04,1082524.51,-10620.47,-10286.77,-10452.63,-10497.39,-10562.39,-10593.39,-10756.39,12672.53,96.93202007529275,12672.53
13566.0,3022046.49,1082525.33,-10620.4,-10286.77,-10452.63,-10497.39,-10562.39,-10593.39,-10756.39,12672.46,99.78234542237163,12672.46
13567.0,3022045.93,1082526.16,-10620.33,-10286.77,-10452.63,-10497.39,-10562.39,-10593.39,-10756.39,12672.39,101.09223758555126,12672.39
13568.0,3022045.37,1082526.99,-10620.26,-10286.76,-10452.62,-10497.38,-10562.38,-10593.38,-10756.38,12672.33,101.7524232357938,12672.33
13569.0,3022044.81,1082527.81,-10620.18,-10286.76,-10452.62,-10497.38,-10562.38,-10593.38,-10756.38,12672.26,104.38268669945847,12672.26
13570.0,3022044.26,1082528.64,-10620.11,-10286.75,-10452.61,-10497.37,-10562.37,-10593.37,-10756.37,12672.19,105.04287234970104,12672.19
13571.0,3022043.7,1082529.47,-10620.04,-10286.75,-10452.61,-10497.37,-10562.37,-10593.37,-10756.37,12672.12,,12672.12
13572.0,3022043.14,1082530.3,-10619.97,-10286.74,-10452.6,-10497.36,-10562.36,-10593.36,-10756.36,12672.06,101.09223758555126,12672.06
13573.0,3022042.58,1082531.12,-10619.9,-10286.74,-10452.6,-10497.36,-10562.36,-10593.36,-10756.36,12671.990000000002,99.78234542237163,12671.990000000002
13574.0,3022042.03,1082531.95,-10619.82,-10286.73,-10452.59,-10497.35,-10562.35,-10593.35,-10756.35,12671.92,98.03232949236364,12671.92
13575.0,3022041.47,1082532.78,-10619.75,-10286.73,-10452.59,-10497.35,-10562.35,-10593.35,-10756.35,12671.85,100.0024073057858,12671.85
13576.0,3022040.91,1082533.6,-10619.68,-10286.72,-10452.58,-10497.34,-10562.34,-10593.34,-10756.34,12671.79,103.29285641969304,12671.79
13577.0,3022040.35,1082534.43,-10619.61,-10286.72,-10452.58,-10497.34,-10562.34,-10593.34,-10756.34,12671.72,102.19254700262216,12671.72
13578.0,3022039.79,1082535.26,-10619.54,-10286.72,-10452.58,-10497.34,-10562.34,-10593.34,-10756.34,12671.65,98.91257702602036,12671.65
13579.0,3022039.24,1082536.08,-10619.47,-10286.71,-10452.57,-10497.33,-10562.33,-10593.33,-10756.33,12671.59,102.19254700262216,12671.59
13580.0,3022038.68,1082536.91,-10619.39,-10286.71,-10452.57,-10497.33,-10562.33,-10593.33,-10756.33,12671.52,104.60274858287268,12671.52
13581.0,3022038.12,1082537.74,-10619.32,-10286.7,-10452.56,-10497.32,-10562.32,-10593.32,-10756.32,12671.45,103.07279453627886,12671.45
13582.0,3022037.56,1082538.56,-10619.25,-10286.7,-10452.56,-10497.32,-10562.32,-10593.32,-10756.32,12671.39,,12671.39
13583.0,3022037.0,1082539.39,-10619.18,-10286.69,-10452.55,-10497.31,-10562.31,-10593.31,-10756.31,12671.320000000002,105.70305799994355,12671.320000000002
13584.0,3022036.44,1082540.21,-10619.11,-10286.69,-10452.55,-10497.31,-10562.31,-10593.31,-10756.31,12671.25,104.38268669945847,12671.25
13585.0,3022035.88,1082541.04,-10619.04,-10286.68,-10452.54,-10497.3,-10562.3,-10593.3,-10756.3,12671.19,100.0024073057858,12671.19
13586.0,3022035.32,1082541.87,-10618.97,-10286.68,-10452.54,-10497.3,-10562.3,-10593.3,-10756.3,12671.12,96.71195819187858,12671.12
13587.0,3022034.76,1082542.69,-10618.9,-10286.67,-10452.53,-10497.29,-10562.29,-10593.29,-10756.29,12671.05,96.27183442505022,12671.05
13588.0,3022034.21,1082543.52,-10618.83,-10286.67,-10452.53,-10497.29,-10562.29,-10593.29,-10756.29,12670.990000000002,,12670.990000000002
13589.0,3022033.65,1082544.34,-10618.75,-10286.66,-10452.52,-10497.28,-10562.28,-10593.28,-10756.28,12670.92,92.75084429042336,12670.92
13590.0,3022033.09,1082545.17,-10618.68,-10286.66,-10452.52,-10497.28,-10562.28,-10593.28,-10756.28,12670.85,92.310720523595,12670.85
13591.0,3022032.53,1082545.99,-10618.61,-10286.66,-10452.52,-10497.28,-10562.28,-10593.28,-10756.28,12670.79,93.63109182408007,12670.79
13592.0,3022031.97,1082546.82,-10618.54,-10286.65,-10452.51,-10497.27,-10562.27,-10593.27,-10756.27,12670.72,95.3915868913935,12670.72
13593.0,3022031.41,1082547.65,-10618.47,-10286.65,-10452.51,-10497.27,-10562.27,-10593.27,-10756.27,12670.66,98.03232949236364,12670.66
13594.0,3022030.85,1082548.47,-10618.4,-10286.64,-10452.5,-10497.26,-10562.26,-10593.26,-10756.26,12670.59,99.78234542237163,12670.59
13595.0,3022030.29,1082549.3,-10618.33,-10286.64,-10452.5,-10497.26,-10562.26,-10593.26,-10756.26,12670.52,100.22246918919998,12670.52
13596.0,3022029.73,1082550.12,-10618.26,-10286.63,-10452.49,-10497.25,-10562.25,-10593.25,-10756.25,12670.46,96.70147905457314,12670.46
13597.0,3022029.17,1082550.95,-10618.19,-10286.63,-10452.49,-10497.25,-10562.25,-10593.25,-10756.25,12670.39,94.5113393577368,12670.39
13598.0,3022028.6,1082551.77,-10618.12,-10286.62,-10452.48,-10497.24,-10562.24,-10593.24,-10756.24,12670.33,95.83171065822188,12670.33
13599.0,3022028.04,1082552.6,-10618.05,-10286.62,-10452.48,-10497.24,-10562.24,-10593.24,-10756.24,12670.26,98.03232949236364,12670.26
13600.0,3022027.48,1082553.42,-10617.98,-10286.61,-10452.47,-10497.23,-10562.23,-10593.23,-10756.23,12670.19,96.27183442505022,12670.19
13601.0,3022026.92,1082554.25,-10617.91,-10286.61,-10452.47,-10497.23,-10562.23,-10593.23,-10756.23,12670.13,94.73140124115098,12670.13
13602.0,3022026.36,1082555.07,-10617.84,-10286.61,-10452.47,-10497.23,-10562.23,-10593.23,-10756.23,12670.06,99.99192816848036,12670.06
13603.0,3022025.8,1082555.9,-10617.77,-10286.6,-10452.46,-10497.22,-10562.22,-10593.22,-10756.22,12670.0,106.14318176677192,12670.0
13604.0,3022025.24,1082556.72,-10617.7,-10286.6,-10452.46,-10497.22,-10562.22,-10593.22,-10756.22,12669.93,105.70305799994355,12669.93
13605.0,3022024.68,1082557.55,-10617.63,-10286.59,-10452.45,-10497.21,-10562.21,-10593.21,-10756.21,12669.87,103.07279453627886,12669.87
13606.0,3022024.12,1082558.37,-10617.56,-10286.59,-10452.45,-10497.21,-10562.21,-10593.21,-10756.21,12669.8,101.09223758555126,12669.8
13607.0,3022023.55,1082559.2,-10617.49,-10286.58,-10452.44,-10497.2,-10562.2,-10593.2,-10756.2,12669.740000000002,,12669.740000000002
13608.0,3022022.99,1082560.02,-10617.42,-10286.58,-10452.44,-10497.2,-10562.2,-10593.2,-10756.2,12669.67,,12669.67
13609.0,3022022.43,1082560.84,-10617.35,-10286.57,-10452.43,-10497.19,-10562.19,-10593.19,-10756.19,12669.61,,12669.61
13610.0,3022021.87,1082561.67,-10617.28,-10286.57,-10452.43,-10497.19,-10562.19,-10593.19,-10756.19,12669.54,,12669.54
13611.0,3022021.31,1082562.49,-10617.21,-10286.56,-10452.42,-10497.18,-10562.18,-10593.18,-10756.18,12669.48,96.4918963084644,12669.48
13612.0,3022020.74,1082563.32,-10617.14,-10286.56,-10452.42,-10497.18,-10562.18,-10593.18,-10756.18,12669.41,91.16849455730237,12669.41
13613.0,3022020.18,1082564.14,-10617.07,-10286.55,-10452.41,-10497.17,-10562.17,-10593.17,-10756.17,12669.35,83.92741067924537,12669.35
13614.0,3022019.62,1082564.96,-10617.0,-10286.55,-10452.41,-10497.17,-10562.17,-10593.17,-10756.17,12669.28,78.22675998508761,12669.28
13615.0,3022019.06,1082565.79,-10616.93,-10286.55,-10452.41,-10497.17,-10562.17,-10593.17,-10756.17,12669.21,74.27612522093783,12669.21
13616.0,3022018.5,1082566.61,-10616.86,-10286.54,-10452.4,-10497.16,-10562.16,-10593.16,-10756.16,12669.15,78.8764664980247,12669.15
13617.0,3022017.93,1082567.44,-10616.79,-10286.54,-10452.4,-10497.16,-10562.16,-10593.16,-10756.16,12669.09,87.43792167656677,12669.09
13618.0,3022017.37,1082568.26,-10616.72,-10286.53,-10452.39,-10497.15,-10562.15,-10593.15,-10756.15,12669.02,91.66101401065792,12669.02
13619.0,3022016.81,1082569.08,-10616.65,-10286.53,-10452.39,-10497.15,-10562.15,-10593.15,-10756.15,12668.96,90.34064271017284,12668.96
13620.0,3022016.24,1082569.91,-10616.58,-10286.52,-10452.38,-10497.14,-10562.14,-10593.14,-10756.14,12668.89,,12668.89
13621.0,3022015.68,1082570.73,-10616.52,-10286.52,-10452.38,-10497.14,-10562.14,-10593.14,-10756.14,12668.83,85.237302842425,12668.83
13622.0,3022015.12,1082571.55,-10616.45,-10286.51,-10452.37,-10497.13,-10562.13,-10593.13,-10756.13,12668.76,83.75974448235839,12668.76
13623.0,3022014.55,1082572.38,-10616.38,-10286.51,-10452.37,-10497.13,-10562.13,-10593.13,-10756.13,12668.7,,12668.7
13624.0,3022013.99,1082573.2,-10616.31,-10286.5,-10452.36,-10497.12,-10562.12,-10593.12,-10756.12,12668.63,82.7747055756473,12668.63
13625.0,3022013.43,1082574.02,-10616.24,-10286.5,-10452.36,-10497.12,-10562.12,-10593.12,-10756.12,12668.570000000002,78.66688375191596,12668.570000000002
13626.0,3022012.86,1082574.85,-10616.17,-10286.5,-10452.36,-10497.12,-10562.12,-10593.12,-10756.12,12668.51,78.17436429856042,12668.51
13627.0,3022012.3,1082575.67,-10616.1,-10286.49,-10452.35,-10497.11,-10562.11,-10593.11,-10756.11,12668.44,79.4947355990455,12668.44
13628.0,3022011.73,1082576.49,-10616.03,-10286.49,-10452.35,-10497.11,-10562.11,-10593.11,-10756.11,12668.38,77.51417864831788,12668.38
13629.0,3022011.17,1082577.31,-10615.96,-10286.48,-10452.34,-10497.1,-10562.1,-10593.1,-10756.1,12668.31,74.70576985046077,12668.31
13630.0,3022010.61,1082578.14,-10615.9,-10286.48,-10452.34,-10497.1,-10562.1,-10593.1,-10756.1,12668.25,78.43634273119635,12668.25
13631.0,3022010.04,1082578.96,-10615.83,-10286.47,-10452.33,-10497.09,-10562.09,-10593.09,-10756.09,12668.19,87.43792167656677,12668.19
13632.0,3022009.48,1082579.78,-10615.76,-10286.47,-10452.33,-10497.09,-10562.09,-10593.09,-10756.09,12668.12,91.66101401065792,12668.12
13633.0,3022008.91,1082580.61,-10615.69,-10286.46,-10452.32,-10497.08,-10562.08,-10593.08,-10756.08,12668.06,92.310720523595,12668.06
13634.0,3022008.35,1082581.43,-10615.62,-10286.46,-10452.32,-10497.08,-10562.08,-10593.08,-10756.08,12667.990000000002,90.34064271017284,12667.990000000002
13635.0,3022007.78,1082582.25,-10615.55,-10286.45,-10452.31,-10497.07,-10562.07,-10593.07,-10756.07,12667.93,87.71037924650814,12667.93
13636.0,3022007.22,1082583.07,-10615.49,-10286.44,-10452.3,-10497.06,-10562.06,-10593.06,-10756.06,12667.87,,12667.87
13637.0,3022006.65,1082583.89,-10615.42,-10286.43,-10452.29,-10497.05,-10562.05,-10593.05,-10756.05,12667.81,88.37056489675068,12667.81
13638.0,3022006.09,1082584.72,-10615.35,-10286.42,-10452.28,-10497.04,-10562.04,-10593.04,-10756.04,12667.76,,12667.76
13639.0,3022005.52,1082585.54,-10615.28,-10286.41,-10452.27,-10497.03,-10562.03,-10593.03,-10756.03,12667.7,91.66101401065792,12667.7
13640.0,3022004.96,1082586.36,-10615.21,-10286.4,-10452.26,-10497.02,-10562.02,-10593.02,-10756.02,12667.64,97.80178847164402,12667.64
13641.0,3022004.39,1082587.18,-10615.15,-10286.39,-10452.25,-10497.01,-10562.01,-10593.01,-10756.01,12667.58,101.09223758555126,12667.58
13642.0,3022003.83,1082588.01,-10615.08,-10286.38,-10452.24,-10497.0,-10562.0,-10593.0,-10756.0,12667.53,,12667.53
13643.0,3022003.26,1082588.83,-10615.01,-10286.37,-10452.23,-10496.99,-10561.99,-10592.99,-10755.99,12667.47,99.34222165554328,12667.47
13644.0,3022002.7,1082589.65,-10614.94,-10286.36,-10452.22,-10496.98,-10561.98,-10592.98,-10755.98,12667.41,101.76290237309924,12667.41
13645.0,3022002.13,1082590.47,-10614.88,-10286.35,-10452.21,-10496.97,-10561.97,-10592.97,-10755.97,12667.35,105.26293423311522,12667.35
13646.0,3022001.56,1082591.29,-10614.81,-10286.34,-10452.2,-10496.96,-10561.96,-10592.96,-10755.96,12667.3,107.68361495067116,12667.3
13647.0,3022001.0,1082592.11,-10614.74,-10286.33,-10452.19,-10496.95,-10561.95,-10592.95,-10755.95,12667.25,106.36324365018608,12667.25
13648.0,3022000.43,1082592.94,-10614.68,-10286.32,-10452.18,-10496.94,-10561.94,-10592.94,-10755.94,12667.19,106.15366090407736,12667.19
13649.0,3021999.87,1082593.76,-10614.61,-10286.3,-10452.16,-10496.92,-10561.92,-10592.92,-10755.92,12667.14,105.29437164503152,12667.14
13650.0,3021999.3,1082594.58,-10614.54,-10286.29,-10452.15,-10496.91,-10561.91,-10592.91,-10755.91,12667.08,102.94704488861365,12667.08
13651.0,3021998.73,1082595.4,-10614.48,-10286.28,-10452.14,-10496.9,-10561.9,-10592.9,-10755.9,12667.03,101.469486528547,12667.03
13652.0,3021998.17,1082596.22,-10614.41,-10286.27,-10452.13,-10496.89,-10561.89,-10592.89,-10755.89,12666.98,101.09223758555126,12666.98
13653.0,3021997.6,1082597.04,-10614.35,-10286.25,-10452.11,-10496.87,-10561.87,-10592.87,-10755.87,12666.92,99.78234542237163,12666.92
13654.0,3021997.03,1082597.86,-10614.28,-10286.24,-10452.1,-10496.86,-10561.86,-10592.86,-10755.86,12666.87,98.03232949236364,12666.87
13655.0,3021996.47,1082598.69,-10614.21,-10286.23,-10452.09,-10496.85,-10561.85,-10592.85,-10755.85,12666.81,97.81226760894948,12666.81
13656.0,3021995.9,1082599.51,-10614.15,-10286.22,-10452.08,-10496.84,-10561.84,-10592.84,-10755.84,12666.76,101.1027167228567,12666.76
13657.0,3021995.33,1082600.33,-10614.08,-10286.21,-10452.07,-10496.83,-10561.83,-10592.83,-10755.83,12666.71,,12666.71
13658.0,3021994.77,1082601.15,-10614.02,-10286.19,-10452.05,-10496.81,-10561.81,-10592.81,-10755.81,12666.65,96.4918963084644,12666.65
13659.0,3021994.2,1082601.97,-10613.95,-10286.18,-10452.04,-10496.8,-10561.8,-10592.8,-10755.8,12666.6,93.63109182408007,12666.6
13660.0,3021993.63,1082602.79,-10613.89,-10286.17,-10452.03,-10496.79,-10561.79,-10592.79,-10755.79,12666.55,,12666.55
13661.0,3021993.06,1082603.61,-10613.82,-10286.16,-10452.02,-10496.78,-10561.78,-10592.78,-10755.78,12666.5,95.3915868913935,12666.5
13662.0,3021992.5,1082604.43,-10613.76,-10286.14,-10452.0,-10496.76,-10561.76,-10592.76,-10755.76,12666.44,96.71195819187858,12666.44
13663.0,3021991.93,1082605.25,-10613.69,-10286.13,-10451.99,-10496.75,-10561.75,-10592.75,-10755.75,12666.39,93.42150907797134,12666.39
13664.0,3021991.36,1082606.07,-10613.63,-10286.12,-10451.98,-10496.74,-10561.74,-10592.74,-10755.74,12666.34,89.03075054699322,12666.34
13665.0,3021990.79,1082606.89,-10613.56,-10286.11,-10451.97,-10496.73,-10561.73,-10592.73,-10755.73,12666.29,83.60255742277681,12666.29
13666.0,3021990.23,1082607.72,-10613.5,-10286.09,-10451.95,-10496.71,-10561.71,-10592.71,-10755.71,12666.23,78.9917370083845,12666.23
13667.0,3021989.66,1082608.54,-10613.43,-10286.08,-10451.94,-10496.7,-10561.7,-10592.7,-10755.7,12666.18,75.54410083489573,12666.18
13668.0,3021989.09,1082609.36,-10613.37,-10286.07,-10451.93,-10496.69,-10561.69,-10592.69,-10755.69,12666.13,76.413869231247,12666.13
13669.0,3021988.52,1082610.18,-10613.31,-10286.06,-10451.92,-10496.68,-10561.68,-10592.68,-10755.68,12666.08,74.65337416393356,12666.08
13670.0,3021987.95,1082611.0,-10613.24,-10286.05,-10451.91,-10496.67,-10561.67,-10592.67,-10755.67,12666.03,70.92280128319797,12666.03
13671.0,3021987.38,1082611.82,-10613.18,-10286.03,-10451.89,-10496.65,-10561.65,-10592.65,-10755.65,12665.98,70.26261563295544,12665.98
13672.0,3021986.82,1082612.64,-10613.11,-10286.02,-10451.88,-10496.64,-10561.64,-10592.64,-10755.64,12665.92,72.02311070026887,12665.92
13673.0,3021986.25,1082613.46,-10613.05,-10286.01,-10451.87,-10496.63,-10561.63,-10592.63,-10755.63,12665.87,73.34348200075394,12665.87
13674.0,3021985.68,1082614.28,-10612.99,-10286.0,-10451.86,-10496.62,-10561.62,-10592.62,-10755.62,12665.820000000002,72.46323446709724,12665.820000000002
13675.0,3021985.11,1082615.1,-10612.92,-10285.98,-10451.84,-10496.6,-10561.6,-10592.6,-10755.6,12665.77,73.12342011733976,12665.77
13676.0,3021984.54,1082615.92,-10612.86,-10285.97,-10451.83,-10496.59,-10561.59,-10592.59,-10755.59,12665.72,77.07405488148953,12665.72
13677.0,3021983.97,1082616.74,-10612.8,-10285.96,-10451.82,-10496.58,-10561.58,-10592.58,-10755.58,12665.67,79.4947355990455,12665.67
13678.0,3021983.4,1082617.56,-10612.74,-10285.95,-10451.81,-10496.57,-10561.57,-10592.57,-10755.57,12665.62,77.51417864831788,12665.62
13679.0,3021982.83,1082618.38,-10612.67,-10285.94,-10451.8,-10496.56,-10561.56,-10592.56,-10755.56,12665.570000000002,74.88391518465318,12665.570000000002
13680.0,3021982.26,1082619.2,-10612.61,-10285.92,-10451.78,-10496.54,-10561.54,-10592.54,-10755.54,12665.52,74.22372953441065,12665.52
13681.0,3021981.7,1082620.02,-10612.55,-10285.91,-10451.77,-10496.53,-10561.53,-10592.53,-10755.53,12665.47,,12665.47
13682.0,3021981.13,1082620.84,-10612.48,-10285.9,-10451.76,-10496.52,-10561.52,-10592.52,-10755.52,12665.42,81.12948101869367,12665.42
13683.0,3021980.56,1082621.66,-10612.42,-10285.89,-10451.75,-10496.51,-10561.51,-10592.51,-10755.51,12665.37,80.63696156533814,12665.37
13684.0,3021979.99,1082622.48,-10612.36,-10285.87,-10451.73,-10496.49,-10561.49,-10592.49,-10755.49,12665.320000000002,78.66688375191596,12665.320000000002
13685.0,3021979.42,1082623.3,-10612.3,-10285.86,-10451.72,-10496.48,-10561.48,-10592.48,-10755.48,12665.27,80.63696156533814,12665.27
13686.0,3021978.85,1082624.11,-10612.24,-10285.85,-10451.71,-10496.47,-10561.47,-10592.47,-10755.47,12665.22,84.36753444607373,12665.22
13687.0,3021978.28,1082624.93,-10612.17,-10285.84,-10451.7,-10496.46,-10561.46,-10592.46,-10755.46,12665.17,90.72837079047402,12665.17
13688.0,3021977.71,1082625.75,-10612.11,-10285.82,-10451.68,-10496.44,-10561.44,-10592.44,-10755.44,12665.12,95.18200414528476,12665.12
13689.0,3021977.14,1082626.57,-10612.05,-10285.81,-10451.67,-10496.43,-10561.43,-10592.43,-10755.43,12665.070000000002,94.5113393577368,12665.070000000002
13690.0,3021976.57,1082627.39,-10611.99,-10285.8,-10451.66,-10496.42,-10561.42,-10592.42,-10755.42,12665.02,95.3915868913935,12665.02
13691.0,3021976.0,1082628.21,-10611.93,-10285.79,-10451.65,-10496.41,-10561.41,-10592.41,-10755.41,12664.97,98.0218503550582,12664.97
13692.0,3021975.43,1082629.03,-10611.87,-10285.78,-10451.64,-10496.4,-10561.4,-10592.4,-10755.4,12664.92,100.0024073057858,12664.92
13693.0,3021974.85,1082629.85,-10611.81,-10285.76,-10451.62,-10496.38,-10561.38,-10592.38,-10755.38,12664.88,102.6326707694505,12664.88
13694.0,3021974.28,1082630.67,-10611.75,-10285.75,-10451.61,-10496.37,-10561.37,-10592.37,-10755.37,12664.83,103.29285641969304,12664.83
13695.0,3021973.71,1082631.49,-10611.69,-10285.74,-10451.6,-10496.36,-10561.36,-10592.36,-10755.36,12664.78,99.56228353895746,12664.78
13696.0,3021973.14,1082632.31,-10611.63,-10285.73,-10451.59,-10496.35,-10561.35,-10592.35,-10755.35,12664.73,94.5113393577368,12664.73
13697.0,3021972.57,1082633.12,-10611.56,-10285.71,-10451.57,-10496.33,-10561.33,-10592.33,-10755.33,12664.68,95.3915868913935,12664.68
13698.0,3021972.0,1082633.94,-10611.5,-10285.7,-10451.56,-10496.32,-10561.32,-10592.32,-10755.32,12664.63,97.15208195870692,12664.63
13699.0,3021971.43,1082634.76,-10611.44,-10285.69,-10451.55,-10496.31,-10561.31,-10592.31,-10755.31,12664.59,98.472453259192,12664.59
13700.0,3021970.86,1082635.58,-10611.38,-10285.68,-10451.54,-10496.3,-10561.3,-10592.3,-10755.3,12664.54,98.03232949236364,12664.54
13701.0,3021970.29,1082636.4,-10611.32,-10285.66,-10451.52,-10496.28,-10561.28,-10592.28,-10755.28,12664.490000000002,96.71195819187858,12664.490000000002
13702.0,3021969.72,1082637.22,-10611.26,-10285.65,-10451.51,-10496.27,-10561.27,-10592.27,-10755.27,12664.44,94.95146312456517,12664.44
13703.0,3021969.14,1082638.04,-10611.21,-10285.64,-10451.5,-10496.26,-10561.26,-10592.26,-10755.26,12664.4,94.07121559090842,12664.4
13704.0,3021968.57,1082638.85,-10611.15,-10285.63,-10451.49,-10496.25,-10561.25,-10592.25,-10755.25,12664.35,92.75084429042336,12664.35
13705.0,3021968.0,1082639.67,-10611.09,-10285.62,-10451.48,-10496.24,-10561.24,-10592.24,-10755.24,12664.3,93.63109182408007,12664.3
13706.0,3021967.43,1082640.49,-10611.03,-10285.6,-10451.46,-10496.22,-10561.22,-10592.22,-10755.22,12664.25,91.60861832413072,12664.25
13707.0,3021966.86,1082641.31,-10610.97,-10285.59,-10451.45,-10496.21,-10561.21,-10592.21,-10755.21,12664.21,86.5681532802155,12664.21
13708.0,3021966.28,1082642.13,-10610.91,-10285.58,-10451.44,-10496.2,-10561.2,-10592.2,-10755.2,12664.16,82.44985231917875,12664.16
13709.0,3021965.71,1082642.94,-10610.85,-10285.57,-10451.43,-10496.19,-10561.19,-10592.19,-10755.19,12664.11,86.55767414291007,12664.11
13710.0,3021965.14,1082643.76,-10610.79,-10285.55,-10451.41,-10496.17,-10561.17,-10592.17,-10755.17,12664.070000000002,87.71037924650814,12664.070000000002
13711.0,3021964.57,1082644.58,-10610.73,-10285.54,-10451.4,-10496.16,-10561.16,-10592.16,-10755.16,12664.02,,12664.02
13712.0,3021963.99,1082645.4,-10610.67,-10285.53,-10451.39,-10496.15,-10561.15,-10592.15,-10755.15,12663.98,88.20289869986368,12663.98
13713.0,3021963.42,1082646.22,-10610.62,-10285.52,-10451.38,-10496.14,-10561.14,-10592.14,-10755.14,12663.93,89.02027140968778,12663.93
13714.0,3021962.85,1082647.03,-10610.56,-10285.51,-10451.37,-10496.13,-10561.13,-10592.13,-10755.13,12663.88,82.94237177253429,12663.88
13715.0,3021962.28,1082647.85,-10610.5,-10285.49,-10451.35,-10496.11,-10561.11,-10592.11,-10755.11,12663.84,79.65192265862706,12663.84
13716.0,3021961.7,1082648.67,-10610.44,-10285.48,-10451.34,-10496.1,-10561.1,-10592.1,-10755.1,12663.79,78.83454994880296,12663.79
13717.0,3021961.13,1082649.49,-10610.38,-10285.47,-10451.33,-10496.09,-10561.09,-10592.09,-10755.09,12663.75,80.80462776222512,12663.75
13718.0,3021960.56,1082650.3,-10610.33,-10285.46,-10451.32,-10496.08,-10561.08,-10592.08,-10755.08,12663.7,81.29714721558067,12663.7
13719.0,3021959.98,1082651.12,-10610.27,-10285.44,-10451.3,-10496.06,-10561.06,-10592.06,-10755.06,12663.66,,12663.66
13720.0,3021959.41,1082651.94,-10610.21,-10285.43,-10451.29,-10496.05,-10561.05,-10592.05,-10755.05,12663.61,85.237302842425,12663.61
13721.0,3021958.84,1082652.76,-10610.15,-10285.42,-10451.28,-10496.04,-10561.04,-10592.04,-10755.04,12663.570000000002,82.28218612229175,12663.570000000002
13722.0,3021958.26,1082653.57,-10610.1,-10285.41,-10451.27,-10496.03,-10561.03,-10592.03,-10755.03,12663.52,78.33155135814198,12663.52
13723.0,3021957.69,1082654.39,-10610.04,-10285.39,-10451.25,-10496.01,-10561.01,-10592.01,-10755.01,12663.48,77.51417864831788,12663.48
13724.0,3021957.12,1082655.21,-10609.98,-10285.38,-10451.24,-10496.0,-10561.0,-10592.0,-10755.0,12663.43,80.1444421119826,12663.43
13725.0,3021956.54,1082656.02,-10609.93,-10285.37,-10451.23,-10495.99,-10560.99,-10591.99,-10754.99,12663.39,80.80462776222512,12663.39
13726.0,3021955.97,1082656.84,-10609.87,-10285.36,-10451.22,-10495.98,-10560.98,-10591.98,-10754.98,12663.34,,12663.34
13727.0,3021955.4,1082657.66,-10609.81,-10285.35,-10451.21,-10495.97,-10560.97,-10591.97,-10754.97,12663.3,80.1444421119826,12663.3
13728.0,3021954.82,1082658.48,-10609.76,-10285.33,-10451.19,-10495.95,-10560.95,-10591.95,-10754.95,12663.25,77.51417864831788,12663.25
13729.0,3021954.25,1082659.29,-10609.7,-10285.32,-10451.18,-10495.94,-10560.94,-10591.94,-10754.94,12663.21,76.85399299807536,12663.21
13730.0,3021953.67,1082660.11,-10609.64,-10285.31,-10451.17,-10495.93,-10560.93,-10591.93,-10754.93,12663.17,78.83454994880296,12663.17
13731.0,3021953.1,1082660.93,-10609.59,-10285.3,-10451.16,-10495.92,-10560.92,-10591.92,-10754.92,12663.12,80.1444421119826,12663.12
13732.0,3021952.52,1082661.74,-10609.53,-10285.28,-10451.14,-10495.9,-10560.9,-10591.9,-10754.9,12663.08,77.51417864831788,12663.08
13733.0,3021951.95,1082662.56,-10609.48,-10285.27,-10451.13,-10495.89,-10560.89,-10591.89,-10754.89,12663.04,76.85399299807536,12663.04
13734.0,3021951.38,1082663.38,-10609.42,-10285.26,-10451.12,-10495.88,-10560.88,-10591.88,-10754.88,12662.990000000002,74.88391518465318,12662.990000000002
13735.0,3021950.8,1082664.19,-10609.37,-10285.25,-10451.11,-10495.87,-10560.87,-10591.87,-10754.87,12662.95,71.59346607074595,12662.95
13736.0,3021950.23,1082665.01,-10609.31,-10285.23,-10451.09,-10495.85,-10560.85,-10591.85,-10754.85,12662.91,67.64283130659618,12662.91
13737.0,3021949.65,1082665.82,-10609.26,-10285.22,-10451.08,-10495.84,-10560.84,-10591.84,-10754.84,12662.87,,12662.87
13738.0,3021949.07,1082666.64,-10609.2,-10285.21,-10451.07,-10495.83,-10560.83,-10591.83,-10754.83,12662.83,,12662.83
13739.0,3021948.5,1082667.46,-10609.15,-10285.2,-10451.06,-10495.82,-10560.82,-10591.82,-10754.82,12662.79,,12662.79
13740.0,3021947.92,1082668.27,-10609.1,-10285.19,-10451.05,-10495.81,-10560.81,-10591.81,-10754.81,12662.75,,12662.75
13741.0,3021947.35,1082669.09,-10609.05,-10285.17,-10451.03,-10495.79,-10560.79,-10591.79,-10754.79,12662.71,,12662.71
13742.0,3021946.77,1082669.9,-10609.0,-10285.16,-10451.02,-10495.78,-10560.78,-10591.78,-10754.78,12662.67,,12662.67
13743.0,3021946.19,1082670.72,-10608.94,-10285.15,-10451.01,-10495.77,-10560.77,-10591.77,-10754.77,12662.63,,12662.63
13744.0,3021945.62,1082671.53,-10608.89,-10285.14,-10451.0,-10495.76,-10560.76,-10591.76,-10754.76,12662.59,69.44524292313135,12662.59
13745.0,3021945.04,1082672.35,-10608.84,-10285.12,-10450.98,-10495.74,-10560.74,-10591.74,-10754.74,12662.55,73.99318851369104,12662.55
13746.0,3021944.47,1082673.17,-10608.79,-10285.11,-10450.97,-10495.73,-10560.73,-10591.73,-10754.73,12662.51,82.10404078809933,12662.51
13747.0,3021943.89,1082673.98,-10608.74,-10285.1,-10450.96,-10495.72,-10560.72,-10591.72,-10754.72,12662.48,89.30320811693457,12662.48
13748.0,3021943.31,1082674.8,-10608.69,-10285.09,-10450.95,-10495.71,-10560.71,-10591.71,-10754.71,12662.44,94.5113393577368,12662.44
13749.0,3021942.73,1082675.61,-10608.65,-10285.07,-10450.93,-10495.69,-10560.69,-10591.69,-10754.69,12662.4,97.5922057255353,12662.4
13750.0,3021942.16,1082676.43,-10608.6,-10285.06,-10450.92,-10495.68,-10560.68,-10591.68,-10754.68,12662.37,99.78234542237163,12662.37
13751.0,3021941.58,1082677.24,-10608.55,-10285.05,-10450.91,-10495.67,-10560.67,-10591.67,-10754.67,12662.33,100.66259295602836,12662.33
13752.0,3021941.0,1082678.06,-10608.5,-10285.04,-10450.9,-10495.66,-10560.66,-10591.66,-10754.66,12662.3,98.90209788871492,12662.3
13753.0,3021940.42,1082678.87,-10608.45,-10285.03,-10450.89,-10495.65,-10560.65,-10591.65,-10754.65,12662.26,98.472453259192,12662.26
13754.0,3021939.85,1082679.69,-10608.41,-10285.01,-10450.87,-10495.63,-10560.63,-10591.63,-10754.63,12662.23,,12662.23
13755.0,3021939.27,1082680.5,-10608.36,-10285.0,-10450.86,-10495.62,-10560.62,-10591.62,-10754.62,12662.19,101.09223758555126,12662.19
13756.0,3021938.69,1082681.31,-10608.31,-10284.99,-10450.85,-10495.61,-10560.61,-10591.61,-10754.61,12662.16,99.78234542237163,12662.16
13757.0,3021938.11,1082682.13,-10608.27,-10284.98,-10450.84,-10495.6,-10560.6,-10591.6,-10754.6,12662.13,96.93202007529275,12662.13
13758.0,3021937.53,1082682.94,-10608.22,-10284.96,-10450.82,-10495.58,-10560.58,-10591.58,-10754.58,12662.09,93.42150907797134,12662.09
13759.0,3021936.95,1082683.76,-10608.18,-10284.95,-10450.81,-10495.57,-10560.57,-10591.57,-10754.57,12662.06,97.80178847164402,12662.06
13760.0,3021936.37,1082684.57,-10608.13,-10284.94,-10450.8,-10495.56,-10560.56,-10591.56,-10754.56,12662.03,103.2823772823876,12662.03
13761.0,3021935.79,1082685.39,-10608.09,-10284.93,-10450.79,-10495.55,-10560.55,-10591.55,-10754.55,12662.0,96.70147905457314,12662.0
13762.0,3021935.22,1082686.2,-10608.05,-10284.92,-10450.78,-10495.54,-10560.54,-10591.54,-10754.54,12661.97,87.93044112992231,12661.97
13763.0,3021934.64,1082687.01,-10608.0,-10284.9,-10450.76,-10495.52,-10560.52,-10591.52,-10754.52,12661.93,85.74030143308599,12661.93
13764.0,3021934.06,1082687.83,-10607.96,-10284.89,-10450.75,-10495.51,-10560.51,-10591.51,-10754.51,12661.9,,12661.9
13765.0,3021933.48,1082688.64,-10607.92,-10284.88,-10450.74,-10495.5,-10560.5,-10591.5,-10754.5,12661.87,,12661.87
13766.0,3021932.9,1082689.45,-10607.88,-10284.87,-10450.73,-10495.49,-10560.49,-10591.49,-10754.49,12661.84,84.5875963294879,12661.84
13767.0,3021932.32,1082690.27,-10607.84,-10284.85,-10450.71,-10495.47,-10560.47,-10591.47,-10754.47,12661.820000000002,81.12948101869367,12661.820000000002
13768.0,3021931.74,1082691.08,-10607.79,-10284.84,-10450.7,-10495.46,-10560.46,-10591.46,-10754.46,12661.79,,12661.79
13769.0,3021931.16,1082691.89,-10607.75,-10284.83,-10450.69,-10495.45,-10560.45,-10591.45,-10754.45,12661.76,84.5875963294879,12661.76
13770.0,3021930.58,1082692.71,-10607.71,-10284.82,-10450.68,-10495.44,-10560.44,-10591.44,-10754.44,12661.73,85.74030143308599,12661.73
13771.0,3021929.99,1082693.52,-10607.67,-10284.8,-10450.66,-10495.42,-10560.42,-10591.42,-10754.42,12661.7,,12661.7
13772.0,3021929.41,1082694.33,-10607.63,-10284.79,-10450.65,-10495.41,-10560.41,-10591.41,-10754.41,12661.68,86.39000794602308,12661.68
13773.0,3021928.83,1082695.15,-10607.59,-10284.78,-10450.64,-10495.4,-10560.4,-10591.4,-10754.4,12661.65,87.87804544339514,12661.65
13774.0,3021928.25,1082695.96,-10607.56,-10284.77,-10450.63,-10495.39,-10560.39,-10591.39,-10754.39,12661.62,85.89748849266753,12661.62
13775.0,3021927.67,1082696.77,-10607.52,-10284.76,-10450.62,-10495.38,-10560.38,-10591.38,-10754.38,12661.59,82.44985231917875,12661.59
13776.0,3021927.09,1082697.58,-10607.48,-10284.74,-10450.6,-10495.36,-10560.36,-10591.36,-10754.36,12661.570000000002,83.26722502900284,12661.570000000002
13777.0,3021926.51,1082698.4,-10607.44,-10284.73,-10450.59,-10495.35,-10560.35,-10591.35,-10754.35,12661.55,83.75974448235839,12661.55
13778.0,3021925.92,1082699.21,-10607.41,-10284.72,-10450.58,-10495.34,-10560.34,-10591.34,-10754.34,12661.52,82.28218612229175,12661.52
13779.0,3021925.34,1082700.02,-10607.37,-10284.71,-10450.57,-10495.33,-10560.33,-10591.33,-10754.33,12661.5,79.70431834515423,12661.5
13780.0,3021924.76,1082700.83,-10607.33,-10284.69,-10450.55,-10495.31,-10560.31,-10591.31,-10754.31,12661.47,75.31355981417612,12661.47
13781.0,3021924.18,1082701.65,-10607.3,-10284.68,-10450.54,-10495.3,-10560.3,-10591.3,-10754.3,12661.45,72.02311070026887,12661.45
13782.0,3021923.6,1082702.46,-10607.26,-10284.67,-10450.53,-10495.29,-10560.29,-10591.29,-10754.29,12661.43,74.65337416393356,12661.43
13783.0,3021923.01,1082703.27,-10607.23,-10284.66,-10450.52,-10495.28,-10560.28,-10591.28,-10754.28,12661.4,76.413869231247,12661.4
13784.0,3021922.43,1082704.08,-10607.19,-10284.64,-10450.5,-10495.26,-10560.26,-10591.26,-10754.26,12661.38,74.44379141782484,12661.38
13785.0,3021921.85,1082704.89,-10607.16,-10284.63,-10450.49,-10495.25,-10560.25,-10591.25,-10754.25,12661.36,72.02311070026887,12661.36
13786.0,3021921.26,1082705.71,-10607.12,-10284.62,-10450.48,-10495.24,-10560.24,-10591.24,-10754.24,12661.34,71.58298693344052,12661.34
13787.0,3021920.68,1082706.52,-10607.09,-10284.61,-10450.47,-10495.23,-10560.23,-10591.23,-10754.23,12661.320000000002,73.56354388416813,12661.320000000002
13788.0,3021920.1,1082707.33,-10607.06,-10284.6,-10450.46,-10495.22,-10560.22,-10591.22,-10754.22,12661.3,77.51417864831788,12661.3
13789.0,3021919.51,1082708.14,-10607.03,-10284.58,-10450.44,-10495.2,-10560.2,-10591.2,-10754.2,12661.28,76.85399299807536,12661.28
13790.0,3021918.93,1082708.95,-10606.99,-10284.57,-10450.43,-10495.19,-10560.19,-10591.19,-10754.19,12661.26,73.12342011733976,12661.26
13791.0,3021918.35,1082709.76,-10606.96,-10284.56,-10450.42,-10495.18,-10560.18,-10591.18,-10754.18,12661.240000000002,69.82249186612708,12661.240000000002
13792.0,3021917.76,1082710.57,-10606.93,-10284.55,-10450.41,-10495.17,-10560.17,-10591.17,-10754.17,12661.22,,12661.22
13793.0,3021917.18,1082711.39,-10606.9,-10284.53,-10450.39,-10495.15,-10560.15,-10591.15,-10754.15,12661.2,,12661.2
13794.0,3021916.59,1082712.2,-10606.87,-10284.52,-10450.38,-10495.14,-10560.14,-10591.14,-10754.14,12661.18,,12661.18
13795.0,3021916.01,1082713.01,-10606.84,-10284.51,-10450.37,-10495.13,-10560.13,-10591.13,-10754.13,12661.16,,12661.16
13796.0,3021915.42,1082713.82,-10606.81,-10284.5,-10450.36,-10495.12,-10560.12,-10591.12,-10754.12,12661.14,,12661.14
13797.0,3021914.84,1082714.63,-10606.78,-10284.48,-10450.34,-10495.1,-10560.1,-10591.1,-10754.1,12661.13,,12661.13
13798.0,3021914.25,1082715.44,-10606.75,-10284.47,-10450.33,-10495.09,-10560.09,-10591.09,-10754.09,12661.11,,12661.11
13799.0,3021913.67,1082716.25,-10606.72,-10284.46,-10450.32,-10495.08,-10560.08,-10591.08,-10754.08,12661.1,,12661.1
13800.0,3021913.08,1082717.06,-10606.69,-10284.45,-10450.31,-10495.07,-10560.07,-10591.07,-10754.07,12661.08,72.02311070026887,12661.08
13801.0,3021912.5,1082717.87,-10606.67,-10284.44,-10450.3,-10495.06,-10560.06,-10591.06,-10754.06,12661.070000000002,,12661.070000000002
13802.0,3021911.91,1082718.68,-10606.64,-10284.42,-10450.28,-10495.04,-10560.04,-10591.04,-10754.04,12661.05,70.92280128319797,12661.05
13803.0,3021911.33,1082719.49,-10606.61,-10284.41,-10450.27,-10495.03,-10560.03,-10591.03,-10754.03,12661.04,69.82249186612708,12661.04
13804.0,3021910.74,1082720.3,-10606.59,-10284.4,-10450.26,-10495.02,-10560.02,-10591.02,-10754.02,12661.02,,12661.02
13805.0,3021910.15,1082721.11,-10606.56,-10284.39,-10450.25,-10495.01,-10560.01,-10591.01,-10754.01,12661.0,,12661.0
13806.0,3021909.57,1082721.92,-10606.53,-10284.37,-10450.23,-10494.99,-10559.99,-10590.99,-10753.99,12660.990000000002,,12660.990000000002
13807.0,3021908.98,1082722.73,-10606.51,-10284.36,-10450.22,-10494.98,-10559.98,-10590.98,-10753.98,12660.98,69.17278535319,12660.98
13808.0,3021908.4,1082723.54,-10606.48,-10284.35,-10450.21,-10494.97,-10559.97,-10590.97,-10753.97,12660.97,68.3030169568387,12660.97
13809.0,3021907.81,1082724.35,-10606.46,-10284.3,-10450.16,-10494.92,-10559.92,-10590.92,-10753.92,12660.990000000002,69.62338825732378,12660.990000000002
13810.0,3021907.22,1082725.16,-10606.44,-10284.23,-10450.09,-10494.85,-10559.85,-10590.85,-10753.85,12661.04,72.25365172098849,12661.04
13811.0,3021906.63,1082725.97,-10606.41,-10284.16,-10450.02,-10494.78,-10559.78,-10590.78,-10753.78,12661.09,74.22372953441065,12661.09
13812.0,3021906.05,1082726.78,-10606.39,-10284.08,-10449.94,-10494.7,-10559.7,-10590.7,-10753.7,12661.14,,12661.14
13813.0,3021905.46,1082727.58,-10606.37,-10284.01,-10449.87,-10494.63,-10559.63,-10590.63,-10753.63,12661.18,72.25365172098849,12661.18
13814.0,3021904.87,1082728.39,-10606.34,-10283.94,-10449.8,-10494.56,-10559.56,-10590.56,-10753.56,12661.23,70.93328042050342,12661.23
13815.0,3021904.29,1082729.2,-10606.32,-10283.87,-10449.73,-10494.49,-10559.49,-10590.49,-10753.49,12661.28,74.22372953441065,12661.28
13816.0,3021903.7,1082730.01,-10606.3,-10283.8,-10449.66,-10494.42,-10559.42,-10590.42,-10753.42,12661.34,79.98725505240103,12661.34
13817.0,3021903.11,1082730.82,-10606.28,-10283.73,-10449.59,-10494.35,-10559.35,-10590.35,-10753.35,12661.39,83.26722502900284,12661.39
13818.0,3021902.52,1082731.63,-10606.26,-10283.65,-10449.51,-10494.27,-10559.27,-10590.27,-10753.27,12661.44,83.75974448235839,12661.44
13819.0,3021901.93,1082732.44,-10606.24,-10283.58,-10449.44,-10494.2,-10559.2,-10590.2,-10753.2,12661.490000000002,80.31210830886958,12661.490000000002
13820.0,3021901.34,1082733.24,-10606.22,-10283.51,-10449.37,-10494.13,-10559.13,-10590.13,-10753.13,12661.54,76.20428648513825,12661.54
13821.0,3021900.76,1082734.05,-10606.2,-10283.44,-10449.3,-10494.06,-10559.06,-10590.06,-10753.06,12661.6,,12661.6
13822.0,3021900.17,1082734.86,-10606.18,-10283.37,-10449.23,-10493.99,-10558.99,-10589.99,-10752.99,12661.65,77.73424053173206,12661.65
13823.0,3021899.58,1082735.67,-10606.16,-10283.3,-10449.16,-10493.92,-10558.92,-10589.92,-10752.92,12661.7,75.31355981417612,12661.7
13824.0,3021898.99,1082736.48,-10606.14,-10283.22,-10449.08,-10493.84,-10558.84,-10589.84,-10752.84,12661.75,75.69080875717185,12661.75
13825.0,3021898.4,1082737.28,-10606.13,-10283.15,-10449.01,-10493.77,-10558.77,-10589.77,-10752.77,12661.8,,12661.8
13826.0,3021897.81,1082738.09,-10606.11,-10283.08,-10448.94,-10493.7,-10558.7,-10589.7,-10752.7,12661.86,85.74030143308599,12661.86
13827.0,3021897.22,1082738.9,-10606.09,-10283.01,-10448.87,-10493.63,-10558.63,-10589.63,-10752.63,12661.91,82.28218612229175,12661.91
13828.0,3021896.64,1082739.71,-10606.07,-10282.94,-10448.8,-10493.56,-10558.56,-10589.56,-10752.56,12661.96,78.83454994880296,12661.96
13829.0,3021896.05,1082740.52,-10606.05,-10282.86,-10448.72,-10493.48,-10558.48,-10589.48,-10752.48,12662.02,79.9767759150956,12662.02
13830.0,3021895.47,1082741.33,-10606.04,-10282.79,-10448.65,-10493.41,-10558.41,-10589.41,-10752.41,12662.070000000002,84.5875963294879,12662.070000000002
13831.0,3021894.88,1082742.14,-10606.02,-10282.72,-10448.58,-10493.34,-10558.34,-10589.34,-10752.34,12662.12,,12662.12
13832.0,3021894.3,1082742.96,-10606.0,-10282.65,-10448.51,-10493.27,-10558.27,-10589.27,-10752.27,12662.18,109.08781934959974,12662.18
13833.0,3021893.72,1082743.77,-10605.98,-10282.58,-10448.44,-10493.2,-10558.2,-10589.2,-10752.2,12662.23,109.24500640918129,12662.23
13834.0,3021893.14,1082744.58,-10605.96,-10282.51,-10448.37,-10493.13,-10558.13,-10589.13,-10752.13,12662.28,98.19999568925064,12662.28
13835.0,3021892.56,1082745.4,-10605.94,-10282.43,-10448.29,-10493.05,-10558.05,-10589.05,-10752.05,12662.34,95.44398257792068,12662.34
13836.0,3021891.98,1082746.21,-10605.92,-10282.4,-10448.26,-10493.02,-10558.02,-10589.02,-10752.02,12662.35,93.97690335515952,12662.35
13837.0,3021891.4,1082747.03,-10605.9,-10282.36,-10448.22,-10492.98,-10557.98,-10588.98,-10751.98,12662.37,89.27177070501826,12662.37
13838.0,3021890.82,1082747.84,-10605.88,-10282.32,-10448.18,-10492.94,-10557.94,-10588.94,-10751.94,12662.39,86.21186261183064,12662.39
13839.0,3021890.24,1082748.66,-10605.86,-10282.28,-10448.14,-10492.9,-10557.9,-10588.9,-10751.9,12662.41,84.36753444607373,12662.41
13840.0,3021889.67,1082749.48,-10605.84,-10282.24,-10448.1,-10492.86,-10557.86,-10588.86,-10751.86,12662.43,87.06067273357104,12662.43
13841.0,3021889.09,1082750.3,-10605.82,-10282.2,-10448.06,-10492.82,-10557.82,-10588.82,-10751.82,12662.44,93.14905150802996,12662.44
13842.0,3021888.52,1082751.11,-10605.8,-10282.16,-10448.02,-10492.78,-10557.78,-10588.78,-10751.78,12662.46,92.981385311143,12662.46
13843.0,3021887.95,1082751.93,-10605.78,-10282.13,-10447.99,-10492.75,-10557.75,-10588.75,-10751.75,12662.48,91.66101401065792,12662.48
13844.0,3021887.38,1082752.75,-10605.76,-10282.09,-10447.95,-10492.71,-10557.71,-10588.71,-10751.71,12662.5,90.12058082675868,12662.5
13845.0,3021886.8,1082753.57,-10605.74,-10282.05,-10447.91,-10492.67,-10557.67,-10588.67,-10751.67,12662.52,93.64157096138553,12662.52
13846.0,3021886.23,1082754.4,-10605.71,-10282.01,-10447.87,-10492.63,-10557.63,-10588.63,-10751.63,12662.53,98.0218503550582,12662.53
13847.0,3021885.67,1082755.22,-10605.69,-10281.98,-10447.84,-10492.6,-10557.6,-10588.6,-10751.6,12662.54,98.46197412188656,12662.54
13848.0,3021885.1,1082756.04,-10605.67,-10281.95,-10447.81,-10492.57,-10557.57,-10588.57,-10751.57,12662.55,93.13857237072456,12662.55
13849.0,3021884.53,1082756.86,-10605.65,-10281.91,-10447.77,-10492.53,-10557.53,-10588.53,-10751.53,12662.56,86.72534033979707,12662.56
13850.0,3021883.96,1082757.69,-10605.63,-10281.88,-10447.74,-10492.5,-10557.5,-10588.5,-10751.5,12662.58,84.09507687613235,12662.58
13851.0,3021883.4,1082758.51,-10605.6,-10281.84,-10447.7,-10492.46,-10557.46,-10588.46,-10751.46,12662.59,90.34064271017284,12662.59
13852.0,3021882.84,1082759.34,-10605.58,-10281.81,-10447.67,-10492.43,-10557.43,-10588.43,-10751.43,12662.6,92.54126154431462,12662.6
13853.0,3021882.27,1082760.16,-10605.56,-10281.78,-10447.64,-10492.4,-10557.4,-10588.4,-10751.4,12662.61,92.97090617383756,12662.61
13854.0,3021881.71,1082760.99,-10605.53,-10281.74,-10447.6,-10492.36,-10557.36,-10588.36,-10751.36,12662.62,87.3855259900396,12662.62
13855.0,3021881.15,1082761.82,-10605.51,-10281.71,-10447.57,-10492.33,-10557.33,-10588.33,-10751.33,12662.63,88.70589729052467,12662.63
13856.0,3021880.59,1082762.65,-10605.49,-10281.67,-10447.53,-10492.29,-10557.29,-10588.29,-10751.29,12662.64,88.16098215064194,12662.64
13857.0,3021880.03,1082763.48,-10605.46,-10281.64,-10447.5,-10492.26,-10557.26,-10588.26,-10751.26,12662.65,87.16546410662542,12662.65
13858.0,3021879.47,1082764.3,-10605.44,-10281.6,-10447.46,-10492.22,-10557.22,-10588.22,-10751.22,12662.66,85.14299060667607,12662.66
13859.0,3021878.91,1082765.13,-10605.42,-10281.57,-10447.43,-10492.19,-10557.19,-10588.19,-10751.19,12662.67,89.74333188376293,12662.67
13860.0,3021878.36,1082765.97,-10605.39,-10281.54,-10447.4,-10492.16,-10557.16,-10588.16,-10751.16,12662.68,88.69541815321922,12662.68
13861.0,3021877.8,1082766.8,-10605.37,-10281.5,-10447.36,-10492.12,-10557.12,-10588.12,-10751.12,12662.69,84.5875963294879,
13862.0,3021877.25,1082767.63,-10605.34,-10281.47,-10447.33,-10492.09,-10557.09,-10588.09,-10751.09,12662.7,79.98725505240103,
13863.0,3021876.69,1082768.46,-10605.32,-10281.43,-10447.29,-10492.05,-10557.05,-10588.05,-10751.05,12662.71,78.66688375191596,
13864.0,3021876.14,1082769.29,-10605.29,-10281.4,-10447.26,-10492.02,-10557.02,-10588.02,-10751.02,12662.72,79.65192265862706,
13865.0,3021875.59,1082770.13,-10605.27,-10281.36,-10447.22,-10491.98,-10556.98,-10587.98,-10750.98,12662.73,81.7896666689362,
13866.0,3021875.04,1082770.96,-10605.24,-10281.33,-10447.19,-10491.95,-10556.95,-10587.95,-10750.95,12662.740000000002,81.29714721558067,
13867.0,3021874.49,1082771.8,-10605.22,-10281.3,-10447.16,-10491.92,-10556.92,-10587.92,-10750.92,12662.75,80.97229395911211,
13868.0,3021873.94,1082772.63,-10605.19,-10281.26,-10447.12,-10491.88,-10556.88,-10587.88,-10750.88,12662.76,78.2791556716148,
13869.0,3021873.39,1082773.47,-10605.17,-10281.23,-10447.09,-10491.85,-10556.85,-10587.85,-10750.85,12662.77,78.77167512497034,
13870.0,3021872.85,1082774.31,-10605.14,-10281.19,-10447.05,-10491.81,-10556.81,-10587.81,-10750.81,12662.77,80.36450399539676,
13871.0,3021872.3,1082775.14,-10605.11,-10281.16,-10447.02,-10491.78,-10556.78,-10587.78,-10750.78,12662.78,82.7747055756473,
13872.0,3021871.76,1082775.98,-10605.09,-10281.12,-10446.98,-10491.74,-10556.74,-10587.74,-10750.74,12662.79,83.26722502900284,
13873.0,3021871.21,1082776.82,-10605.06,-10281.09,-10446.95,-10491.71,-10556.71,-10587.71,-10750.71,12662.8,85.237302842425,
13874.0,3021870.67,1082777.66,-10605.03,-10281.06,-10446.92,-10491.68,-10556.68,-10587.68,-10750.68,12662.81,82.28218612229175,
13875.0,3021870.13,1082778.5,-10605.01,-10281.02,-10446.88,-10491.64,-10556.64,-10587.64,-10750.64,12662.81,78.33155135814198,
13876.0,3021869.59,1082779.34,-10604.98,-10280.99,-10446.85,-10491.61,-10556.61,-10587.61,-10750.61,12662.820000000002,77.51417864831788,
13877.0,3021869.05,1082780.18,-10604.95,-10280.95,-10446.81,-10491.57,-10556.57,-10587.57,-10750.57,12662.83,78.17436429856042,
13878.0,3021868.51,1082781.02,-10604.92,-10280.92,-10446.78,-10491.54,-10556.54,-10587.54,-10750.54,12662.83,,
13879.0,3021867.97,1082781.87,-10604.9,-10280.88,-10446.74,-10491.5,-10556.5,-10587.5,-10750.5,12662.84,74.22372953441065,
13880.0,3021867.43,1082782.71,-10604.87,-10280.85,-10446.71,-10491.47,-10556.47,-10587.47,-10750.47,12662.85,,
13881.0,3021866.9,1082783.55,-10604.84,-10280.82,-10446.68,-10491.44,-10556.44,-10587.44,-10750.44,12662.85,,
13882.0,3021866.36,1082784.4,-10604.81,-10280.78,-10446.64,-10491.4,-10556.4,-10587.4,-10750.4,12662.86,74.88391518465318,
13883.0,3021865.83,1082785.24,-10604.78,-10280.75,-10446.61,-10491.37,-10556.37,-10587.37,-10750.37,12662.86,,
13884.0,3021865.3,1082786.09,-10604.75,-10280.71,-10446.57,-10491.33,-10556.33,-10587.33,-10750.33,12662.87,80.1444421119826,
13885.0,3021864.76,1082786.93,-10604.73,-10280.68,-10446.54,-10491.3,-10556.3,-10587.3,-10750.3,12662.88,80.80462776222512,
13886.0,3021864.23,1082787.78,-10604.7,-10280.64,-10446.5,-10491.26,-10556.26,-10587.26,-10750.26,12662.88,,
13887.0,3021863.7,1082788.63,-10604.67,-10280.61,-10446.47,-10491.23,-10556.23,-10587.23,-10750.23,12662.89,,
13888.0,3021863.17,1082789.48,-10604.64,-10280.58,-10446.44,-10491.2,-10556.2,-10587.2,-10750.2,12662.89,78.83454994880296,
13889.0,3021862.65,1082790.33,-10604.61,-10280.54,-10446.4,-10491.16,-10556.16,-10587.16,-10750.16,12662.89,76.20428648513825,
13890.0,3021862.12,1082791.18,-10604.58,-10280.51,-10446.37,-10491.13,-10556.13,-10587.13,-10750.13,12662.9,74.22372953441065,
13891.0,3021861.59,1082792.02,-10604.55,-10280.47,-10446.33,-10491.09,-10556.09,-10587.09,-10750.09,12662.9,,
13892.0,3021861.07,1082792.88,-10604.52,-10280.44,-10446.3,-10491.06,-10556.06,-10587.06,-10750.06,12662.91,,
13893.0,3021860.54,1082793.73,-10604.49,-10280.41,-10446.27,-10491.03,-10556.03,-10587.03,-10750.03,12662.91,72.69377548781685,
13894.0,3021860.02,1082794.58,-10604.46,-10280.37,-10446.23,-10490.99,-10555.99,-10586.99,-10749.99,12662.92,66.54252188952529,
13895.0,3021859.5,1082795.43,-10604.43,-10280.34,-10446.2,-10490.96,-10555.96,-10586.96,-10749.96,12662.92,62.59188712537553,
13896.0,3021858.98,1082796.28,-10604.39,-10280.3,-10446.16,-10490.92,-10555.92,-10586.92,-10749.92,12662.92,,
13897.0,3021858.46,1082797.14,-10604.36,-10280.27,-10446.13,-10490.89,-10555.89,-10586.89,-10749.89,12662.92,76.63393111466117,
13898.0,3021857.94,1082797.99,-10604.33,-10280.23,-10446.09,-10490.85,-10555.85,-10586.85,-10749.85,12662.93,77.3465124514309,
13899.0,3021857.42,1082798.85,-10604.3,-10280.2,-10446.06,-10490.82,-10555.82,-10586.82,-10749.82,12662.93,79.9767759150956,
13900.0,3021856.9,1082799.7,-10604.27,-10280.17,-10446.03,-10490.79,-10555.79,-10586.79,-10749.79,12662.93,84.5875963294879,
13901.0,3021856.39,1082800.56,-10604.24,-10280.13,-10445.99,-10490.75,-10555.75,-10586.75,-10749.75,12662.93,85.74030143308599,
13902.0,3021855.87,1082801.41,-10604.2,-10280.1,-10445.96,-10490.72,-10555.72,-10586.72,-10749.72,12662.94,,
13903.0,3021855.36,1082802.27,-10604.17,-10280.06,-10445.92,-10490.68,-10555.68,-10586.68,-10749.68,12662.94,,
13904.0,3021854.84,1082803.13,-10604.14,-10280.03,-10445.89,-10490.65,-10555.65,-10586.65,-10749.65,12662.94,,
13905.0,3021854.33,1082803.99,-10604.11,-10279.99,-10445.85,-10490.61,-10555.61,-10586.61,-10749.61,12662.94,,
13906.0,3021853.82,1082804.85,-10604.07,-10279.96,-10445.82,-10490.58,-10555.58,-10586.58,-10749.58,12662.94,,
13907.0,3021853.31,1082805.7,-10604.04,-10279.93,-10445.79,-10490.55,-10555.55,-10586.55,-10749.55,12662.94,84.25226393571393,
13908.0,3021852.8,1082806.56,-10604.01,-10279.89,-10445.75,-10490.51,-10555.51,-10586.51,-10749.51,12662.94,82.7747055756473,
13909.0,3021852.29,1082807.43,-10603.97,-10279.86,-10445.72,-10490.48,-10555.48,-10586.48,-10749.48,12662.95,83.26722502900284,
13910.0,3021851.79,1082808.29,-10603.94,-10279.82,-10445.68,-10490.44,-10555.44,-10586.44,-10749.44,12662.95,85.237302842425,
13911.0,3021851.28,1082809.15,-10603.91,-10279.79,-10445.65,-10490.41,-10555.41,-10586.41,-10749.41,12662.95,85.74030143308599,
13912.0,3021850.77,1082810.01,-10603.87,-10279.75,-10445.61,-10490.37,-10555.37,-10586.37,-10749.37,12662.95,87.71037924650814,
13913.0,3021850.27,1082810.87,-10603.84,-10279.72,-10445.58,-10490.34,-10555.34,-10586.34,-10749.34,12662.95,90.34064271017284,
13914.0,3021849.77,1082811.74,-10603.8,-10279.69,-10445.55,-10490.31,-10555.31,-10586.31,-10749.31,12662.95,,
13915.0,3021849.26,1082812.6,-10603.77,-10279.65,-10445.51,-10490.27,-10555.27,-10586.27,-10749.27,12662.95,87.71037924650814,
13916.0,3021848.76,1082813.47,-10603.74,-10279.62,-10445.48,-10490.24,-10555.24,-10586.24,-10749.24,12662.95,84.25226393571393,
13917.0,3021848.26,1082814.33,-10603.7,-10279.58,-10445.44,-10490.2,-10555.2,-10586.2,-10749.2,12662.95,82.28218612229175,
13918.0,3021847.76,1082815.2,-10603.66,-10279.55,-10445.41,-10490.17,-10555.17,-10586.17,-10749.17,12662.95,,
13919.0,3021847.26,1082816.06,-10603.63,-10279.51,-10445.37,-10490.13,-10555.13,-10586.13,-10749.13,12662.94,84.25226393571393,
13920.0,3021846.77,1082816.93,-10603.59,-10279.48,-10445.34,-10490.1,-10555.1,-10586.1,-10749.1,12662.94,85.74030143308599,
13921.0,3021846.27,1082817.79,-10603.56,-10279.45,-10445.31,-10490.07,-10555.07,-10586.07,-10749.07,12662.94,,
13922.0,3021845.77,1082818.66,-10603.52,-10279.41,-10445.27,-10490.03,-10555.03,-10586.03,-10749.03,12662.94,84.25226393571393,
13923.0,3021845.26,1082819.52,-10603.49,-10279.38,-10445.24,-10490.0,-10555.0,-10586.0,-10749.0,12662.94,83.75974448235839,
13924.0,3021844.76,1082820.39,-10603.45,-10279.34,-10445.2,-10489.96,-10554.96,-10585.96,-10748.96,12662.94,84.25226393571393,
13925.0,3021844.26,1082821.25,-10603.42,-10279.31,-10445.17,-10489.93,-10554.93,-10585.93,-10748.93,12662.94,85.74030143308599,
13926.0,3021843.76,1082822.12,-10603.38,-10279.27,-10445.13,-10489.89,-10554.89,-10585.89,-10748.89,12662.94,,
13927.0,3021843.25,1082822.98,-10603.35,-10279.24,-10445.1,-10489.86,-10554.86,-10585.86,-10748.86,12662.94,,
13928.0,3021842.75,1082823.84,-10603.31,-10279.21,-10445.07,-10489.83,-10554.83,-10585.83,-10748.83,12662.94,,
13929.0,3021842.25,1082824.71,-10603.28,-10279.17,-10445.03,-10489.79,-10554.79,-10585.79,-10748.79,12662.93,,
13930.0,3021841.74,1082825.57,-10603.24,-10279.14,-10445.0,-10489.76,-10554.76,-10585.76,-10748.76,12662.93,84.25226393571393,
13931.0,3021841.24,1082826.43,-10603.21,-10279.1,-10444.96,-10489.72,-10554.72,-10585.72,-10748.72,12662.93,81.62200047204921,
13932.0,3021840.73,1082827.29,-10603.17,-10279.07,-10444.93,-10489.69,-10554.69,-10585.69,-10748.69,12662.93,77.51417864831788,
13933.0,3021840.22,1082828.15,-10603.14,-10279.04,-10444.9,-10489.66,-10554.66,-10585.66,-10748.66,12662.93,80.31210830886958,
13934.0,3021839.72,1082829.01,-10603.1,-10279.0,-10444.86,-10489.62,-10554.62,-10585.62,-10748.62,12662.93,,
13935.0,3021839.21,1082829.88,-10603.06,-10278.97,-10444.83,-10489.59,-10554.59,-10585.59,-10748.59,12662.93,93.63109182408007,
13936.0,3021838.7,1082830.74,-10603.03,-10278.93,-10444.79,-10489.55,-10554.55,-10585.55,-10748.55,12662.93,95.3915868913935,
13937.0,3021838.19,1082831.6,-10602.99,-10278.9,-10444.76,-10489.52,-10554.52,-10585.52,-10748.52,12662.93,96.71195819187858,
13938.0,3021837.68,1082832.46,-10602.96,-10278.86,-10444.72,-10489.48,-10554.48,-10585.48,-10748.48,12662.92,95.62212791211311,
13939.0,3021837.18,1082833.32,-10602.92,-10278.83,-10444.69,-10489.45,-10554.45,-10585.45,-10748.45,12662.92,,
13940.0,3021836.67,1082834.18,-10602.89,-10278.8,-10444.66,-10489.42,-10554.42,-10585.42,-10748.42,12662.92,86.83013171285143,
13941.0,3021836.15,1082835.04,-10602.85,-10278.76,-10444.62,-10489.38,-10554.38,-10585.38,-10748.38,12662.92,86.39000794602308,
13942.0,3021835.64,1082835.89,-10602.82,-10278.73,-10444.59,-10489.35,-10554.35,-10585.35,-10748.35,12662.92,89.02027140968778,
13943.0,3021835.13,1082836.75,-10602.78,-10278.69,-10444.55,-10489.31,-10554.31,-10585.31,-10748.31,12662.92,92.10113777748629,
13944.0,3021834.62,1082837.61,-10602.75,-10278.66,-10444.52,-10489.28,-10554.28,-10585.28,-10748.28,12662.92,94.5113393577368,
13945.0,3021834.11,1082838.47,-10602.71,-10278.62,-10444.48,-10489.24,-10554.24,-10585.24,-10748.24,12662.92,96.27183442505022,
13946.0,3021833.59,1082839.33,-10602.67,-10278.59,-10444.45,-10489.21,-10554.21,-10585.21,-10748.21,12662.91,93.42150907797134,
13947.0,3021833.08,1082840.18,-10602.64,-10278.56,-10444.42,-10489.18,-10554.18,-10585.18,-10748.18,12662.91,,
13948.0,3021832.57,1082841.04,-10602.6,-10278.52,-10444.38,-10489.14,-10554.14,-10585.14,-10748.14,12662.91,84.25226393571393,
13949.0,3021832.05,1082841.9,-10602.57,-10278.49,-10444.35,-10489.11,-10554.11,-10585.11,-10748.11,12662.91,82.28218612229175,
13950.0,3021831.54,1082842.75,-10602.53,-10278.45,-10444.31,-10489.07,-10554.07,-10585.07,-10748.07,12662.91,,
13951.0,3021831.02,1082843.61,-10602.5,-10278.42,-10444.28,-10489.04,-10554.04,-10585.04,-10748.04,12662.91,84.25226393571393,
13952.0,3021830.5,1082844.46,-10602.46,-10278.38,-10444.24,-10489.0,-10554.0,-10585.0,-10748.0,12662.91,85.74030143308599,
13953.0,3021829.99,1082845.32,-10602.43,-10278.35,-10444.21,-10488.97,-10553.97,-10584.97,-10747.97,12662.9,90.34064271017284,
13954.0,3021829.47,1082846.17,-10602.39,-10278.32,-10444.18,-10488.94,-10553.94,-10584.94,-10747.94,12662.9,96.4918963084644,
13955.0,3021828.95,1082847.03,-10602.35,-10278.28,-10444.14,-10488.9,-10553.9,-10584.9,-10747.9,12662.9,,
13956.0,3021828.43,1082847.88,-10602.32,-10278.25,-10444.11,-10488.87,-10553.87,-10584.87,-10747.87,12662.9,90.34064271017284,
13957.0,3021827.91,1082848.74,-10602.28,-10278.21,-10444.07,-10488.83,-10553.83,-10584.83,-10747.83,12662.9,87.71037924650814,
13958.0,3021827.39,1082849.59,-10602.25,-10278.18,-10444.04,-10488.8,-10553.8,-10584.8,-10747.8,12662.9,89.18793760657476,
13959.0,3021826.87,1082850.44,-10602.21,-10278.14,-10444.0,-10488.76,-10553.76,-10584.76,-10747.76,12662.9,86.55767414291007,
13960.0,3021826.35,1082851.3,-10602.18,-10278.11,-10443.97,-10488.73,-10553.73,-10584.73,-10747.73,12662.9,83.11003796942128,
13961.0,3021825.83,1082852.15,-10602.14,-10278.07,-10443.93,-10488.69,-10553.69,-10584.69,-10747.69,12662.9,86.55767414291007,
13962.0,3021825.31,1082853.0,-10602.1,-10278.04,-10443.9,-10488.66,-10553.66,-10584.66,-10747.66,12662.89,91.16849455730237,
13963.0,3021824.79,1082853.86,-10602.07,-10278.01,-10443.87,-10488.63,-10553.63,-10584.63,-10747.63,12662.89,92.310720523595,
13964.0,3021824.27,1082854.71,-10602.03,-10277.97,-10443.83,-10488.59,-10553.59,-10584.59,-10747.59,12662.89,91.66101401065792,
13965.0,3021823.74,1082855.56,-10602.0,-10277.94,-10443.8,-10488.56,-10553.56,-10584.56,-10747.56,12662.89,,
13966.0,3021823.22,1082856.41,-10601.96,-10277.9,-10443.76,-10488.52,-10553.52,-10584.52,-10747.52,12662.89,86.39000794602308,
13967.0,3021822.69,1082857.26,-10601.93,-10277.86,-10443.72,-10488.48,-10553.48,-10584.48,-10747.48,12662.9,87.71037924650814,
13968.0,3021822.17,1082858.11,-10601.89,-10277.82,-10443.68,-10488.44,-10553.44,-10584.44,-10747.44,12662.9,90.34064271017284,
13969.0,3021821.64,1082858.96,-10601.85,-10277.79,-10443.65,-10488.41,-10553.41,-10584.41,-10747.41,12662.9,93.63109182408007,
13970.0,3021821.12,1082859.81,-10601.82,-10277.75,-10443.61,-10488.37,-10553.37,-10584.37,-10747.37,12662.9,95.3915868913935,
13971.0,3021820.59,1082860.66,-10601.78,-10277.71,-10443.57,-10488.33,-10553.33,-10584.33,-10747.33,12662.9,,
13972.0,3021820.07,1082861.51,-10601.75,-10277.67,-10443.53,-10488.29,-10553.29,-10584.29,-10747.29,12662.91,93.63109182408007,
13973.0,3021819.54,1082862.36,-10601.71,-10277.63,-10443.49,-10488.25,-10553.25,-10584.25,-10747.25,12662.91,,
13974.0,3021819.01,1082863.21,-10601.68,-10277.6,-10443.46,-10488.22,-10553.22,-10584.22,-10747.22,12662.91,95.3915868913935,
13975.0,3021818.48,1082864.06,-10601.64,-10277.56,-10443.42,-10488.18,-10553.18,-10584.18,-10747.18,12662.91,96.71195819187858,
13976.0,3021817.95,1082864.9,-10601.6,-10277.52,-10443.38,-10488.14,-10553.14,-10584.14,-10747.14,12662.91,,
13977.0,3021817.42,1082865.75,-10601.57,-10277.48,-10443.34,-10488.1,-10553.1,-10584.1,-10747.1,12662.91,,
13978.0,3021816.89,1082866.6,-10601.53,-10277.45,-10443.31,-10488.07,-10553.07,-10584.07,-10747.07,12662.92,96.27183442505022,
13979.0,3021816.36,1082867.44,-10601.5,-10277.41,-10443.27,-10488.03,-10553.03,-10584.03,-10747.03,12662.92,94.5113393577368,
13980.0,3021815.83,1082868.29,-10601.46,-10277.37,-10443.23,-10487.99,-10552.99,-10583.99,-10746.99,12662.92,93.63109182408007,
13981.0,3021815.3,1082869.14,-10601.43,-10277.33,-10443.19,-10487.95,-10552.95,-10583.95,-10746.95,12662.92,96.70147905457314,
13982.0,3021814.77,1082869.98,-10601.39,-10277.3,-10443.16,-10487.92,-10552.92,-10583.92,-10746.92,12662.92,100.22246918919998,
13983.0,3021814.24,1082870.83,-10601.35,-10277.26,-10443.12,-10487.88,-10552.88,-10583.88,-10746.88,12662.93,93.03378099767016,
13984.0,3021813.7,1082871.67,-10601.32,-10277.22,-10443.08,-10487.84,-10552.84,-10583.84,-10746.84,12662.93,82.28218612229175,
13985.0,3021813.17,1082872.52,-10601.28,-10277.18,-10443.04,-10487.8,-10552.8,-10583.8,-10746.8,12662.93,80.97229395911211,
13986.0,3021812.64,1082873.36,-10601.25,-10277.14,-10443.0,-10487.76,-10552.76,-10583.76,-10746.76,12662.93,88.87356348741166,
13987.0,3021812.1,1082874.21,-10601.21,-10277.11,-10442.97,-10487.73,-10552.73,-10583.73,-10746.73,12662.93,91.22089024382956,
13988.0,3021811.57,1082875.05,-10601.17,-10277.07,-10442.93,-10487.69,-10552.69,-10583.69,-10746.69,12662.93,86.83013171285143,
13989.0,3021811.03,1082875.9,-10601.14,-10277.03,-10442.89,-10487.65,-10552.65,-10583.65,-10746.65,12662.94,87.71037924650814,
13990.0,3021810.49,1082876.74,-10601.1,-10276.99,-10442.85,-10487.61,-10552.61,-10583.61,-10746.61,12662.94,91.22089024382956,
13991.0,3021809.96,1082877.58,-10601.07,-10276.96,-10442.82,-10487.58,-10552.58,-10583.58,-10746.58,12662.94,96.70147905457314,
13992.0,3021809.42,1082878.43,-10601.03,-10276.92,-10442.78,-10487.54,-10552.54,-10583.54,-10746.54,12662.94,99.34222165554328,
13993.0,3021808.88,1082879.27,-10600.99,-10276.88,-10442.74,-10487.5,-10552.5,-10583.5,-10746.5,12662.94,96.70147905457314,
13994.0,3021808.34,1082880.11,-10600.96,-10276.84,-10442.7,-10487.46,-10552.46,-10583.46,-10746.46,12662.95,94.5113393577368,
13995.0,3021807.8,1082880.95,-10600.92,-10276.81,-10442.67,-10487.43,-10552.43,-10583.43,-10746.43,12662.95,95.3915868913935,
13996.0,3021807.26,1082881.79,-10600.89,-10276.77,-10442.63,-10487.39,-10552.39,-10583.39,-10746.39,12662.95,96.71195819187858,
13997.0,3021806.73,1082882.63,-10600.85,-10276.73,-10442.59,-10487.35,-10552.35,-10583.35,-10746.35,12662.95,,
13998.0,3021806.18,1082883.47,-10600.81,-10276.69,-10442.55,-10487.31,-10552.31,-10583.31,-10746.31,12662.95,,
13999.0,3021805.64,1082884.31,-10600.78,-10276.65,-10442.51,-10487.27,-10552.27,-10583.27,-10746.27,12662.95,98.03232949236364,
14000.0,3021805.1,1082885.15,-10600.74,-10276.62,-10442.48,-10487.24,-10552.24,-10583.24,-10746.24,12662.96,99.78234542237163,
14001.0,3021804.56,1082885.99,-10600.71,-10276.58,-10442.44,-10487.2,-10552.2,-10583.2,-10746.2,12662.96,,
14002.0,3021804.02,1082886.83,-10600.67,-10276.54,-10442.4,-10487.16,-10552.16,-10583.16,-10746.16,12662.96,98.03232949236364,
14003.0,3021803.47,1082887.67,-10600.63,-10276.5,-10442.36,-10487.12,-10552.12,-10583.12,-10746.12,12662.96,,
14004.0,3021802.93,1082888.51,-10600.6,-10276.47,-10442.33,-10487.09,-10552.09,-10583.09,-10746.09,12662.96,99.78234542237163,
14005.0,3021802.39,1082889.35,-10600.56,-10276.43,-10442.29,-10487.05,-10552.05,-10583.05,-10746.05,12662.96,,
14006.0,3021801.84,1082890.19,-10600.53,-10276.39,-10442.25,-10487.01,-10552.01,-10583.01,-10746.01,12662.97,98.03232949236364,
14007.0,3021801.3,1082891.02,-10600.49,-10276.35,-10442.21,-10486.97,-10551.97,-10582.97,-10745.97,12662.97,96.71195819187858,
14008.0,3021800.75,1082891.86,-10600.45,-10276.32,-10442.18,-10486.94,-10551.94,-10582.94,-10745.94,12662.97,,
14009.0,3021800.21,1082892.7,-10600.42,-10276.28,-10442.14,-10486.9,-10551.9,-10582.9,-10745.9,12662.97,,
14010.0,3021799.66,1082893.54,-10600.38,-10276.24,-10442.1,-10486.86,-10551.86,-10582.86,-10745.86,12662.97,,
14011.0,3021799.11,1082894.37,-10600.35,-10276.2,-10442.06,-10486.82,-10551.82,-10582.82,-10745.82,12662.97,95.3915868913935,
14012.0,3021798.57,1082895.21,-10600.31,-10276.16,-10442.02,-10486.78,-10551.78,-10582.78,-10745.78,12662.98,93.63109182408007,
14013.0,3021798.02,1082896.04,-10600.27,-10276.13,-10441.99,-10486.75,-10551.75,-10582.75,-10745.75,12662.98,92.310720523595,
14014.0,3021797.47,1082896.88,-10600.24,-10276.09,-10441.95,-10486.71,-10551.71,-10582.71,-10745.71,12662.98,,
14015.0,3021796.92,1082897.71,-10600.2,-10276.05,-10441.91,-10486.67,-10551.67,-10582.67,-10745.67,12662.98,,
14016.0,3021796.37,1082898.55,-10600.17,-10276.01,-10441.87,-10486.63,-10551.63,-10582.63,-10745.63,12662.98,,
14017.0,3021795.82,1082899.38,-10600.13,-10275.98,-10441.84,-10486.6,-10551.6,-10582.6,-10745.6,12662.98,88.42296058327787,
14018.0,3021795.27,1082900.22,-10600.09,-10275.94,-10441.8,-10486.56,-10551.56,-10582.56,-10745.56,12662.98,82.06212423887757,
14019.0,3021794.72,1082901.05,-10600.06,-10275.9,-10441.76,-10486.52,-10551.52,-10582.52,-10745.52,12662.98,76.84351386076992,
14020.0,3021794.17,1082901.89,-10600.02,-10275.86,-10441.72,-10486.48,-10551.48,-10582.48,-10745.48,12662.990000000002,,
14021.0,3021793.62,1082902.72,-10599.98,-10275.83,-10441.69,-10486.45,-10551.45,-10582.45,-10745.45,12662.990000000002,,
14022.0,3021793.07,1082903.55,-10599.95,-10275.79,-10441.65,-10486.41,-10551.41,-10582.41,-10745.41,12662.990000000002,,
14023.0,3021792.51,1082904.39,-10599.91,-10275.75,-10441.61,-10486.37,-10551.37,-10582.37,-10745.37,12662.990000000002,,
14024.0,3021791.96,1082905.22,-10599.87,-10275.71,-10441.57,-10486.33,-10551.33,-10582.33,-10745.33,12662.990000000002,,
14025.0,3021791.41,1082906.05,-10599.84,-10275.67,-10441.53,-10486.29,-10551.29,-10582.29,-10745.29,12662.990000000002,,
14026.0,3021790.86,1082906.88,-10599.8,-10275.64,-10441.5,-10486.26,-10551.26,-10582.26,-10745.26,12662.990000000002,,
14027.0,3021790.3,1082907.72,-10599.76,-10275.6,-10441.46,-10486.22,-10551.22,-10582.22,-10745.22,12662.990000000002,,
14028.0,3021789.75,1082908.55,-10599.73,-10275.56,-10441.42,-10486.18,-10551.18,-10582.18,-10745.18,12662.990000000002,,
14029.0,3021789.19,1082909.38,-10599.69,-10275.52,-10441.38,-10486.14,-10551.14,-10582.14,-10745.14,12662.990000000002,,
14030.0,3021788.64,1082910.21,-10599.65,-10275.49,-10441.35,-10486.11,-10551.11,-10582.11,-10745.11,12662.990000000002,76.40339009394155,
14031.0,3021788.08,1082911.04,-10599.61,-10275.45,-10441.31,-10486.07,-10551.07,-10582.07,-10745.07,12662.990000000002,79.20131975449326,
14032.0,3021787.53,1082911.87,-10599.58,-10275.41,-10441.27,-10486.03,-10551.03,-10582.03,-10745.03,12663.0,82.93189263522885,
14033.0,3021786.97,1082912.7,-10599.54,-10275.37,-10441.23,-10485.99,-10550.99,-10581.99,-10744.99,12663.0,90.34064271017284,
14034.0,3021786.42,1082913.53,-10599.5,-10275.34,-10441.2,-10485.96,-10550.96,-10581.96,-10744.96,12663.0,96.4918963084644,
14035.0,3021785.86,1082914.36,-10599.46,-10275.3,-10441.16,-10485.92,-10550.92,-10581.92,-10744.92,12663.0,99.78234542237163,
14036.0,3021785.3,1082915.19,-10599.43,-10275.26,-10441.12,-10485.88,-10550.88,-10581.88,-10744.88,12663.0,98.03232949236364,
14037.0,3021784.75,1082916.02,-10599.39,-10275.22,-10441.08,-10485.84,-10550.84,-10581.84,-10744.84,12663.0,97.15208195870692,
14038.0,3021784.19,1082916.85,-10599.35,-10275.18,-10441.04,-10485.8,-10550.8,-10581.8,-10744.8,12663.0,98.90209788871492,
14039.0,3021783.63,1082917.68,-10599.31,-10275.15,-10441.01,-10485.77,-10550.77,-10581.77,-10744.77,12663.0,100.22246918919998,
14040.0,3021783.07,1082918.51,-10599.28,-10275.11,-10440.97,-10485.73,-10550.73,-10581.73,-10744.73,12663.0,98.90209788871492,
14041.0,3021782.51,1082919.34,-10599.24,-10275.07,-10440.93,-10485.69,-10550.69,-10581.69,-10744.69,12663.0,98.472453259192,
14042.0,3021781.95,1082920.17,-10599.2,-10275.03,-10440.89,-10485.65,-10550.65,-10581.65,-10744.65,12663.0,99.78234542237163,
14043.0,3021781.4,1082920.99,-10599.16,-10275.0,-10440.86,-10485.62,-10550.62,-10581.62,-10744.62,12663.0,100.22246918919998,
14044.0,3021780.84,1082921.82,-10599.12,-10274.96,-10440.82,-10485.58,-10550.58,-10581.58,-10744.58,12663.0,96.70147905457314,
14045.0,3021780.28,1082922.65,-10599.09,-10274.92,-10440.78,-10485.54,-10550.54,-10581.54,-10744.54,12663.0,94.5113393577368,
14046.0,3021779.71,1082923.48,-10599.05,-10274.88,-10440.74,-10485.5,-10550.5,-10581.5,-10744.5,12663.0,95.3915868913935,
14047.0,3021779.15,1082924.3,-10599.01,-10274.85,-10440.71,-10485.47,-10550.47,-10581.47,-10744.47,12662.990000000002,96.71195819187858,
14048.0,3021778.59,1082925.13,-10598.97,-10274.81,-10440.67,-10485.43,-10550.43,-10581.43,-10744.43,12662.990000000002,,
14049.0,3021778.03,1082925.96,-10598.93,-10274.77,-10440.63,-10485.39,-10550.39,-10581.39,-10744.39,12662.990000000002,100.0024073057858,
14050.0,3021777.47,1082926.78,-10598.89,-10274.73,-10440.59,-10485.35,-10550.35,-10581.35,-10744.35,12662.990000000002,104.38268669945847,
14051.0,3021776.91,1082927.61,-10598.86,-10274.69,-10440.55,-10485.31,-10550.31,-10581.31,-10744.31,12662.990000000002,107.67313581336572,
14052.0,3021776.34,1082928.43,-10598.82,-10274.66,-10440.52,-10485.28,-10550.28,-10581.28,-10744.28,12662.990000000002,104.38268669945847,
14053.0,3021775.78,1082929.26,-10598.78,-10274.62,-10440.48,-10485.24,-10550.24,-10581.24,-10744.24,12662.990000000002,100.0024073057858,
14054.0,3021775.22,1082930.08,-10598.74,-10274.58,-10440.44,-10485.2,-10550.2,-10581.2,-10744.2,12662.990000000002,96.71195819187858,
14055.0,3021774.65,1082930.91,-10598.7,-10274.54,-10440.4,-10485.16,-10550.16,-10581.16,-10744.16,12662.990000000002,,
14056.0,3021774.09,1082931.73,-10598.66,-10274.51,-10440.37,-10485.13,-10550.13,-10581.13,-10744.13,12662.990000000002,,
14057.0,3021773.52,1082932.56,-10598.62,-10274.47,-10440.33,-10485.09,-10550.09,-10581.09,-10744.09,12662.990000000002,,
14058.0,3021772.96,1082933.38,-10598.59,-10274.43,-10440.29,-10485.05,-10550.05,-10581.05,-10744.05,12662.98,95.3915868913935,
14059.0,3021772.39,1082934.21,-10598.55,-10274.39,-10440.25,-10485.01,-10550.01,-10581.01,-10744.01,12662.98,93.63109182408007,
14060.0,3021771.83,1082935.03,-10598.51,-10274.35,-10440.21,-10484.97,-10549.97,-10580.97,-10743.97,12662.98,90.34064271017284,
14061.0,3021771.26,1082935.85,-10598.47,-10274.32,-10440.18,-10484.94,-10549.94,-10580.94,-10743.94,12662.98,87.71037924650814,
14062.0,3021770.69,1082936.67,-10598.43,-10274.28,-10440.14,-10484.9,-10549.9,-10580.9,-10743.9,12662.98,89.03075054699322,
14063.0,3021770.13,1082937.5,-10598.39,-10274.24,-10440.1,-10484.86,-10549.86,-10580.86,-10743.86,12662.98,93.42150907797134,
14064.0,3021769.56,1082938.32,-10598.35,-10274.2,-10440.06,-10484.82,-10549.82,-10580.82,-10743.82,12662.98,95.3915868913935,
14065.0,3021768.99,1082939.14,-10598.31,-10274.17,-10440.03,-10484.79,-10549.79,-10580.79,-10743.79,12662.98,93.63109182408007,
14066.0,3021768.42,1082939.96,-10598.27,-10274.13,-10439.99,-10484.75,-10549.75,-10580.75,-10743.75,12662.97,92.310720523595,
14067.0,3021767.85,1082940.79,-10598.23,-10274.09,-10439.95,-10484.71,-10549.71,-10580.71,-10743.71,12662.97,93.63109182408007,
14068.0,3021767.29,1082941.61,-10598.19,-10274.05,-10439.91,-10484.67,-10549.67,-10580.67,-10743.67,12662.97,95.3915868913935,
14069.0,3021766.72,1082942.43,-10598.15,-10274.02,-10439.88,-10484.64,-10549.64,-10580.64,-10743.64,12662.97,,
14070.0,3021766.15,1082943.25,-10598.11,-10273.98,-10439.84,-10484.6,-10549.6,-10580.6,-10743.6,12662.97,93.63109182408007,
14071.0,3021765.58,1082944.07,-10598.07,-10273.94,-10439.8,-10484.56,-10549.56,-10580.56,-10743.56,12662.96,94.95146312456517,
14072.0,3021765.01,1082944.89,-10598.03,-10273.9,-10439.76,-10484.52,-10549.52,-10580.52,-10743.52,12662.96,98.46197412188656,
14073.0,3021764.44,1082945.71,-10597.99,-10273.86,-10439.72,-10484.48,-10549.48,-10580.48,-10743.48,12662.96,100.22246918919998,
14074.0,3021763.86,1082946.53,-10597.96,-10273.83,-10439.69,-10484.45,-10549.45,-10580.45,-10743.45,12662.96,96.70147905457314,
14075.0,3021763.29,1082947.35,-10597.92,-10273.79,-10439.65,-10484.41,-10549.41,-10580.41,-10743.41,12662.96,93.63109182408007,
14076.0,3021762.72,1082948.17,-10597.88,-10273.75,-10439.61,-10484.37,-10549.37,-10580.37,-10743.37,12662.95,94.5113393577368,
14077.0,3021762.15,1082948.99,-10597.84,-10273.71,-10439.57,-10484.33,-10549.33,-10580.33,-10743.33,12662.95,96.27183442505022,
14078.0,3021761.58,1082949.81,-10597.79,-10273.68,-10439.54,-10484.3,-10549.3,-10580.3,-10743.3,12662.95,93.42150907797134,
14079.0,3021761.0,1082950.63,-10597.75,-10273.64,-10439.5,-10484.26,-10549.26,-10580.26,-10743.26,12662.95,,
14080.0,3021760.43,1082951.44,-10597.71,-10273.6,-10439.46,-10484.22,-10549.22,-10580.22,-10743.22,12662.94,84.25226393571393,
14081.0,3021759.86,1082952.26,-10597.67,-10273.56,-10439.42,-10484.18,-10549.18,-10580.18,-10743.18,12662.94,82.28218612229175,
14082.0,3021759.28,1082953.08,-10597.63,-10273.53,-10439.39,-10484.15,-10549.15,-10580.15,-10743.15,12662.94,80.80462776222512,
14083.0,3021758.71,1082953.9,-10597.59,-10273.49,-10439.35,-10484.11,-10549.11,-10580.11,-10743.11,12662.93,,
14084.0,3021758.13,1082954.72,-10597.55,-10273.45,-10439.31,-10484.07,-10549.07,-10580.07,-10743.07,12662.93,,
14085.0,3021757.56,1082955.53,-10597.51,-10273.41,-10439.27,-10484.03,-10549.03,-10580.03,-10743.03,12662.93,,
14086.0,3021756.98,1082956.35,-10597.47,-10273.37,-10439.23,-10483.99,-10548.99,-10579.99,-10742.99,12662.93,81.9573328658232,
14087.0,3021756.41,1082957.17,-10597.43,-10273.34,-10439.2,-10483.96,-10548.96,-10579.96,-10742.96,12662.92,,
14088.0,3021755.83,1082957.98,-10597.39,-10273.3,-10439.16,-10483.92,-10548.92,-10579.92,-10742.92,12662.92,91.16849455730237,
14089.0,3021755.25,1082958.8,-10597.35,-10273.26,-10439.12,-10483.88,-10548.88,-10579.88,-10742.88,12662.92,92.310720523595,
14090.0,3021754.68,1082959.61,-10597.31,-10273.22,-10439.08,-10483.84,-10548.84,-10579.84,-10742.84,12662.91,,
14091.0,3021754.1,1082960.43,-10597.27,-10273.19,-10439.05,-10483.81,-10548.81,-10579.81,-10742.81,12662.91,93.63109182408007,
14092.0,3021753.52,1082961.24,-10597.23,-10273.15,-10439.01,-10483.77,-10548.77,-10579.77,-10742.77,12662.91,95.3915868913935,
14093.0,3021752.94,1082962.06,-10597.19,-10273.11,-10438.97,-10483.73,-10548.73,-10579.73,-10742.73,12662.9,93.42150907797134,
14094.0,3021752.36,1082962.87,-10597.14,-10273.07,-10438.93,-10483.69,-10548.69,-10579.69,-10742.69,12662.9,89.03075054699322,
14095.0,3021751.78,1082963.69,-10597.1,-10273.04,-10438.9,-10483.66,-10548.66,-10579.66,-10742.66,12662.9,87.71037924650814,
14096.0,3021751.21,1082964.5,-10597.06,-10273.0,-10438.86,-10483.62,-10548.62,-10579.62,-10742.62,12662.89,90.34064271017284,
14097.0,3021750.63,1082965.32,-10597.02,-10272.96,-10438.82,-10483.58,-10548.58,-10579.58,-10742.58,12662.89,92.310720523595,
14098.0,3021750.05,1082966.13,-10596.98,-10272.92,-10438.78,-10483.54,-10548.54,-10579.54,-10742.54,12662.89,,
14099.0,3021749.47,1082966.94,-10596.94,-10272.88,-10438.74,-10483.5,-10548.5,-10579.5,-10742.5,12662.88,91.66101401065792,
14100.0,3021748.88,1082967.76,-10596.9,-10272.85,-10438.71,-10483.47,-10548.47,-10579.47,-10742.47,12662.88,,
14101.0,3021748.3,1082968.57,-10596.86,-10272.81,-10438.67,-10483.43,-10548.43,-10579.43,-10742.43,12662.87,86.39000794602308,
14102.0,3021747.72,1082969.38,-10596.81,-10272.77,-10438.63,-10483.39,-10548.39,-10579.39,-10742.39,12662.87,85.74030143308599,
14103.0,3021747.14,1082970.19,-10596.77,-10272.73,-10438.59,-10483.35,-10548.35,-10579.35,-10742.35,12662.87,85.237302842425,
14104.0,3021746.56,1082971.0,-10596.73,-10272.7,-10438.56,-10483.32,-10548.32,-10579.32,-10742.32,12662.86,83.26722502900284,
14105.0,3021745.98,1082971.82,-10596.69,-10272.66,-10438.52,-10483.28,-10548.28,-10579.28,-10742.28,12662.86,81.7896666689362,
14106.0,3021745.39,1082972.63,-10596.65,-10272.62,-10438.48,-10483.24,-10548.24,-10579.24,-10742.24,12662.86,83.26722502900284,
14107.0,3021744.81,1082973.44,-10596.6,-10272.58,-10438.44,-10483.2,-10548.2,-10579.2,-10742.2,12662.85,83.75974448235839,
14108.0,3021744.23,1082974.25,-10596.56,-10272.55,-10438.41,-10483.17,-10548.17,-10579.17,-10742.17,12662.85,,
14109.0,3021743.65,1082975.06,-10596.52,-10272.51,-10438.37,-10483.13,-10548.13,-10579.13,-10742.13,12662.85,80.80462776222512,
14110.0,3021743.06,1082975.88,-10596.48,-10272.47,-10438.33,-10483.09,-10548.09,-10579.09,-10742.09,12662.84,,
14111.0,3021742.48,1082976.69,-10596.44,-10272.43,-10438.29,-10483.05,-10548.05,-10579.05,-10742.05,12662.84,82.28218612229175,
14112.0,3021741.9,1082977.5,-10596.4,-10272.4,-10438.26,-10483.02,-10548.02,-10579.02,-10742.02,12662.83,82.7747055756473,
14113.0,3021741.32,1082978.32,-10596.36,-10272.36,-10438.22,-10482.98,-10547.98,-10578.98,-10741.98,12662.83,82.28218612229175,
14114.0,3021740.74,1082979.13,-10596.32,-10272.32,-10438.18,-10482.94,-10547.94,-10578.94,-10741.94,12662.83,80.80462776222512,
14115.0,3021740.16,1082979.94,-10596.28,-10272.28,-10438.14,-10482.9,-10547.9,-10578.9,-10741.9,12662.820000000002,,
14116.0,3021739.59,1082980.76,-10596.24,-10272.24,-10438.1,-10482.86,-10547.86,-10578.86,-10741.86,12662.820000000002,,
14117.0,3021739.01,1082981.58,-10596.2,-10272.21,-10438.07,-10482.83,-10547.83,-10578.83,-10741.83,12662.820000000002,,
14118.0,3021738.43,1082982.39,-10596.16,-10272.17,-10438.03,-10482.79,-10547.79,-10578.79,-10741.79,12662.820000000002,,
14119.0,3021737.86,1082983.21,-10596.12,-10272.13,-10437.99,-10482.75,-10547.75,-10578.75,-10741.75,12662.820000000002,81.29714721558067,
14120.0,3021737.28,1082984.02,-10596.08,-10272.09,-10437.95,-10482.71,-10547.71,-10578.71,-10741.71,12662.820000000002,82.7747055756473,
14121.0,3021736.7,1082984.84,-10596.04,-10272.06,-10437.92,-10482.68,-10547.68,-10578.68,-10741.68,12662.81,82.11451992540475,
14122.0,3021736.13,1082985.66,-10596.0,-10272.02,-10437.88,-10482.64,-10547.64,-10578.64,-10741.64,12662.81,79.15940320527152,
14123.0,3021735.55,1082986.47,-10595.96,-10271.98,-10437.84,-10482.6,-10547.6,-10578.6,-10741.6,12662.81,82.61751851606574,
14124.0,3021734.98,1082987.29,-10595.92,-10271.94,-10437.8,-10482.56,-10547.56,-10578.56,-10741.56,12662.81,88.31816921022349,
14125.0,3021734.41,1082988.11,-10595.88,-10271.91,-10437.77,-10482.53,-10547.53,-10578.53,-10741.53,12662.81,93.20144719455716,
14126.0,3021733.83,1082988.93,-10595.84,-10271.87,-10437.73,-10482.49,-10547.49,-10578.49,-10741.49,12662.81,96.4918963084644,
14127.0,3021733.26,1082989.75,-10595.8,-10271.83,-10437.69,-10482.45,-10547.45,-10578.45,-10741.45,12662.81,96.27183442505022,
14128.0,3021732.69,1082990.57,-10595.77,-10271.79,-10437.65,-10482.41,-10547.41,-10578.41,-10741.41,12662.81,94.95146312456517,
14129.0,3021732.12,1082991.39,-10595.73,-10271.75,-10437.61,-10482.37,-10547.37,-10578.37,-10741.37,12662.81,97.58172658822986,
14130.0,3021731.55,1082992.21,-10595.69,-10271.72,-10437.58,-10482.34,-10547.34,-10578.34,-10741.34,12662.8,99.34222165554328,
14131.0,3021730.98,1082993.03,-10595.65,-10271.68,-10437.54,-10482.3,-10547.3,-10578.3,-10741.3,12662.8,,
14132.0,3021730.41,1082993.85,-10595.61,-10271.64,-10437.5,-10482.26,-10547.26,-10578.26,-10741.26,12662.8,94.5113393577368,
14133.0,3021729.84,1082994.67,-10595.58,-10271.6,-10437.46,-10482.22,-10547.22,-10578.22,-10741.22,12662.8,93.19096805725172,
14134.0,3021729.27,1082995.49,-10595.54,-10271.57,-10437.43,-10482.19,-10547.19,-10578.19,-10741.19,12662.8,91.38855644071656,
14135.0,3021728.7,1082996.32,-10595.5,-10271.53,-10437.39,-10482.15,-10547.15,-10578.15,-10741.15,12662.8,84.14747256265954,
14136.0,3021728.13,1082997.14,-10595.47,-10271.49,-10437.35,-10482.11,-10547.11,-10578.11,-10741.11,12662.81,76.03662028825127,
14137.0,3021727.57,1082997.96,-10595.43,-10271.45,-10437.31,-10482.07,-10547.07,-10578.07,-10741.07,12662.81,76.80159731154818,
14138.0,3021727.0,1082998.78,-10595.39,-10271.42,-10437.28,-10482.04,-10547.04,-10578.04,-10741.04,12662.81,79.92438022856841,
14139.0,3021726.43,1082999.61,-10595.36,-10271.38,-10437.24,-10482.0,-10547.0,-10578.0,-10741.0,12662.81,82.28218612229175,
14140.0,3021725.87,1083000.43,-10595.32,-10271.34,-10437.2,-10481.96,-10546.96,-10577.96,-10740.96,12662.81,78.83454994880296,
14141.0,3021725.3,1083001.26,-10595.28,-10271.3,-10437.16,-10481.92,-10546.92,-10577.92,-10740.92,12662.81,79.76719316898686,
14142.0,3021724.74,1083002.08,-10595.25,-10271.26,-10437.12,-10481.88,-10546.88,-10577.88,-10740.88,12662.81,84.5875963294879,
14143.0,3021724.18,1083002.91,-10595.21,-10271.23,-10437.09,-10481.85,-10546.85,-10577.85,-10740.85,12662.820000000002,91.60861832413072,
14144.0,3021723.61,1083003.73,-10595.18,-10271.19,-10437.05,-10481.81,-10546.81,-10577.81,-10740.81,12662.820000000002,92.7613234277288,
14145.0,3021723.05,1083004.56,-10595.14,-10271.15,-10437.01,-10481.77,-10546.77,-10577.77,-10740.77,12662.820000000002,,
14146.0,3021722.49,1083005.38,-10595.1,-10271.11,-10436.97,-10481.73,-10546.73,-10577.73,-10740.73,12662.820000000002,94.5113393577368,
14147.0,3021721.93,1083006.21,-10595.07,-10271.08,-10436.94,-10481.7,-10546.7,-10577.7,-10740.7,12662.83,93.79875802096709,
14148.0,3021721.37,1083007.04,-10595.03,-10271.04,-10436.9,-10481.66,-10546.66,-10577.66,-10740.66,12662.83,91.33616075418936,
14149.0,3021720.8,1083007.86,-10595.0,-10271.0,-10436.86,-10481.62,-10546.62,-10577.62,-10740.62,12662.83,91.76580538371228,
14150.0,3021720.24,1083008.69,-10594.97,-10270.96,-10436.82,-10481.58,-10546.58,-10577.58,-10740.58,12662.83,94.5113393577368,
14151.0,3021719.68,1083009.52,-10594.93,-10270.92,-10436.78,-10481.54,-10546.54,-10577.54,-10740.54,12662.84,93.20144719455716,
14152.0,3021719.13,1083010.35,-10594.9,-10270.89,-10436.75,-10481.51,-10546.51,-10577.51,-10740.51,12662.84,92.7613234277288,
14153.0,3021718.57,1083011.18,-10594.86,-10270.85,-10436.71,-10481.47,-10546.47,-10577.47,-10740.47,12662.84,93.8616328447997,
14154.0,3021718.01,1083012.01,-10594.83,-10270.81,-10436.67,-10481.43,-10546.43,-10577.43,-10740.43,12662.85,94.07121559090842,
14155.0,3021717.45,1083012.84,-10594.79,-10270.77,-10436.63,-10481.39,-10546.39,-10577.39,-10740.39,12662.85,91.66101401065792,
14156.0,3021716.9,1083013.67,-10594.76,-10270.74,-10436.6,-10481.36,-10546.36,-10577.36,-10740.36,12662.85,87.2178597931526,
14157.0,3021716.34,1083014.5,-10594.73,-10270.7,-10436.56,-10481.32,-10546.32,-10577.32,-10740.32,12662.86,83.75974448235839,
14158.0,3021715.78,1083015.33,-10594.69,-10270.66,-10436.52,-10481.28,-10546.28,-10577.28,-10740.28,12662.86,82.61751851606574,
14159.0,3021715.23,1083016.16,-10594.66,-10270.63,-10436.49,-10481.25,-10546.25,-10577.25,-10740.25,12662.87,79.48425646174005,
14160.0,3021714.67,1083016.99,-10594.63,-10270.59,-10436.45,-10481.21,-10546.21,-10577.21,-10740.21,12662.87,77.3465124514309,
14161.0,3021714.12,1083017.82,-10594.6,-10270.55,-10436.41,-10481.17,-10546.17,-10577.17,-10740.17,12662.88,84.92292872326189,
14162.0,3021713.57,1083018.65,-10594.56,-10270.51,-10436.37,-10481.13,-10546.13,-10577.13,-10740.13,12662.88,95.00385881109231,
14163.0,3021713.01,1083019.49,-10594.53,-10270.48,-10436.34,-10481.1,-10546.1,-10577.1,-10740.1,12662.88,101.09223758555126,
14164.0,3021712.46,1083020.32,-10594.5,-10270.44,-10436.3,-10481.06,-10546.06,-10577.06,-10740.06,12662.89,98.46197412188656,
14165.0,3021711.91,1083021.15,-10594.47,-10270.4,-10436.26,-10481.02,-10546.02,-10577.02,-10740.02,12662.89,92.97090617383756,
14166.0,3021711.36,1083021.99,-10594.43,-10270.37,-10436.23,-10480.99,-10545.99,-10576.99,-10739.99,12662.9,88.81068866357903,
14167.0,3021710.81,1083022.82,-10594.4,-10270.33,-10436.19,-10480.95,-10545.95,-10576.95,-10739.95,12662.9,91.22089024382956,
14168.0,3021710.25,1083023.65,-10594.37,-10270.3,-10436.16,-10480.92,-10545.92,-10576.92,-10739.92,12662.9,95.62212791211311,
14169.0,3021709.7,1083024.49,-10594.34,-10270.26,-10436.12,-10480.88,-10545.88,-10576.88,-10739.88,12662.91,91.94395071790473,
14170.0,3021709.16,1083025.32,-10594.31,-10270.23,-10436.09,-10480.85,-10545.85,-10576.85,-10739.85,12662.91,85.58311437350442,
14171.0,3021708.61,1083026.16,-10594.28,-10270.2,-10436.06,-10480.82,-10545.82,-10576.82,-10739.82,12662.91,80.80462776222512,
14172.0,3021708.06,1083026.99,-10594.25,-10270.16,-10436.02,-10480.78,-10545.78,-10576.78,-10739.78,12662.92,,
14173.0,3021707.51,1083027.83,-10594.21,-10270.13,-10435.99,-10480.75,-10545.75,-10576.75,-10739.75,12662.92,82.28218612229175,
14174.0,3021706.96,1083028.67,-10594.18,-10270.09,-10435.95,-10480.71,-10545.71,-10576.71,-10739.71,12662.92,84.25226393571393,
14175.0,3021706.42,1083029.5,-10594.15,-10270.06,-10435.92,-10480.68,-10545.68,-10576.68,-10739.68,12662.93,87.71037924650814,
14176.0,3021705.87,1083030.34,-10594.12,-10270.02,-10435.88,-10480.64,-10545.64,-10576.64,-10739.64,12662.93,90.34064271017284,
14177.0,3021705.33,1083031.18,-10594.09,-10269.99,-10435.85,-10480.61,-10545.61,-10576.61,-10739.61,12662.93,88.86308435010622,
14178.0,3021704.78,1083032.02,-10594.06,-10269.96,-10435.82,-10480.58,-10545.58,-10576.58,-10739.58,12662.94,84.26274307301935,
14179.0,3021704.24,1083032.85,-10594.03,-10269.92,-10435.78,-10480.54,-10545.54,-10576.54,-10739.54,12662.94,,
14180.0,3021703.69,1083033.69,-10594.0,-10269.89,-10435.75,-10480.51,-10545.51,-10576.51,-10739.51,12662.95,88.86308435010622,
14181.0,3021703.15,1083034.53,-10593.97,-10269.85,-10435.71,-10480.47,-10545.47,-10576.47,-10739.47,12662.95,90.34064271017284,
14182.0,3021702.61,1083035.37,-10593.95,-10269.82,-10435.68,-10480.44,-10545.44,-10576.44,-10739.44,12662.96,87.71037924650814,
14183.0,3021702.06,1083036.21,-10593.92,-10269.78,-10435.64,-10480.4,-10545.4,-10576.4,-10739.4,12662.96,85.74030143308599,
14184.0,3021701.52,1083037.05,-10593.89,-10269.75,-10435.61,-10480.37,-10545.37,-10576.37,-10739.37,12662.97,,
14185.0,3021700.98,1083037.89,-10593.86,-10269.71,-10435.57,-10480.33,-10545.33,-10576.33,-10739.33,12662.97,,
14186.0,3021700.44,1083038.73,-10593.83,-10269.68,-10435.54,-10480.3,-10545.3,-10576.3,-10739.3,12662.98,,
14187.0,3021699.9,1083039.57,-10593.8,-10269.65,-10435.51,-10480.27,-10545.27,-10576.27,-10739.27,12662.990000000002,,
14188.0,3021699.36,1083040.42,-10593.77,-10269.61,-10435.47,-10480.23,-10545.23,-10576.23,-10739.23,12662.990000000002,,
14189.0,3021698.82,1083041.26,-10593.75,-10269.58,-10435.44,-10480.2,-10545.2,-10576.2,-10739.2,12663.0,,
14190.0,3021698.28,1083042.1,-10593.72,-10269.54,-10435.4,-10480.16,-10545.16,-10576.16,-10739.16,12663.01,,
14191.0,3021697.75,1083042.94,-10593.69,-10269.51,-10435.37,-10480.13,-10545.13,-10576.13,-10739.13,12663.01,86.39000794602308,
14192.0,3021697.21,1083043.78,-10593.66,-10269.47,-10435.33,-10480.09,-10545.09,-10576.09,-10739.09,12663.02,89.02027140968778,
14193.0,3021696.67,1083044.63,-10593.63,-10269.44,-10435.3,-10480.06,-10545.06,-10576.06,-10739.06,12663.03,91.28376506766216,
14194.0,3021696.14,1083045.47,-10593.61,-10269.41,-10435.27,-10480.03,-10545.03,-10576.03,-10739.03,12663.03,91.12657800808064,
14195.0,3021695.6,1083046.32,-10593.58,-10269.37,-10435.23,-10479.99,-10544.99,-10575.99,-10738.99,12663.04,,
14196.0,3021695.06,1083047.16,-10593.55,-10269.34,-10435.2,-10479.96,-10544.96,-10575.96,-10738.96,12663.05,93.80923715827252,
14197.0,3021694.53,1083048.0,-10593.53,-10269.3,-10435.16,-10479.92,-10544.92,-10575.92,-10738.92,12663.05,90.60262114280876,
14198.0,3021694.0,1083048.85,-10593.5,-10269.27,-10435.13,-10479.89,-10544.89,-10575.89,-10738.89,12663.06,86.21186261183064,
14199.0,3021693.46,1083049.7,-10593.47,-10269.23,-10435.09,-10479.85,-10544.85,-10575.85,-10738.85,12663.070000000002,83.26722502900284,
14200.0,3021692.93,1083050.54,-10593.45,-10269.2,-10435.06,-10479.82,-10544.82,-10575.82,-10738.82,12663.08,81.29714721558067,
14201.0,3021692.4,1083051.39,-10593.42,-10269.16,-10435.02,-10479.78,-10544.78,-10575.78,-10738.78,12663.09,85.58311437350442,
14202.0,3021691.86,1083052.23,-10593.39,-10269.13,-10434.99,-10479.75,-10544.75,-10575.75,-10738.75,12663.09,91.94395071790473,
14203.0,3021691.33,1083053.08,-10593.37,-10269.1,-10434.96,-10479.72,-10544.72,-10575.72,-10738.72,12663.1,96.27183442505022,
14204.0,3021690.8,1083053.93,-10593.34,-10269.06,-10434.92,-10479.68,-10544.68,-10575.68,-10738.68,12663.11,,
14205.0,3021690.27,1083054.78,-10593.31,-10269.03,-10434.89,-10479.65,-10544.65,-10575.65,-10738.65,12663.12,92.75084429042336,
14206.0,3021689.74,1083055.62,-10593.29,-10268.99,-10434.85,-10479.61,-10544.61,-10575.61,-10738.61,12663.12,92.813719114256,
14207.0,3021689.22,1083056.47,-10593.26,-10268.96,-10434.82,-10479.58,-10544.58,-10575.58,-10738.58,12663.13,93.47390476449851,
14208.0,3021688.69,1083057.32,-10593.23,-10268.92,-10434.78,-10479.54,-10544.54,-10575.54,-10738.54,12663.14,93.96642421785408,
14209.0,3021688.16,1083058.17,-10593.2,-10268.89,-10434.75,-10479.51,-10544.51,-10575.51,-10738.51,12663.14,,
14210.0,3021687.63,1083059.02,-10593.18,-10268.85,-10434.71,-10479.47,-10544.47,-10575.47,-10738.47,12663.15,,
14211.0,3021687.11,1083059.87,-10593.15,-10268.82,-10434.68,-10479.44,-10544.44,-10575.44,-10738.44,12663.16,,
14212.0,3021686.58,1083060.72,-10593.12,-10268.79,-10434.65,-10479.41,-10544.41,-10575.41,-10738.41,12663.16,,
14213.0,3021686.06,1083061.57,-10593.09,-10268.75,-10434.61,-10479.37,-10544.37,-10575.37,-10738.37,12663.17,88.04571164028212,
14214.0,3021685.53,1083062.42,-10593.06,-10268.72,-10434.58,-10479.34,-10544.34,-10575.34,-10738.34,12663.17,80.1444421119826,
14215.0,3021685.01,1083063.27,-10593.03,-10268.68,-10434.54,-10479.3,-10544.3,-10575.3,-10738.3,12663.18,75.37643463800872,
14216.0,3021684.49,1083064.13,-10593.0,-10268.65,-10434.51,-10479.27,-10544.27,-10575.27,-10738.27,12663.18,79.9767759150956,
14217.0,3021683.97,1083064.98,-10592.98,-10268.62,-10434.48,-10479.24,-10544.24,-10575.24,-10738.24,12663.19,83.11003796942128,
14218.0,3021683.45,1083065.83,-10592.95,-10268.58,-10434.44,-10479.2,-10544.2,-10575.2,-10738.2,12663.19,80.97229395911211,
14219.0,3021682.93,1083066.69,-10592.92,-10268.55,-10434.41,-10479.17,-10544.17,-10575.17,-10738.17,12663.19,74.88391518465318,
14220.0,3021682.41,1083067.54,-10592.89,-10268.52,-10434.38,-10479.14,-10544.14,-10575.14,-10738.14,12663.2,72.25365172098849,
14221.0,3021681.89,1083068.39,-10592.86,-10268.49,-10434.35,-10479.11,-10544.11,-10575.11,-10738.11,12663.2,73.56354388416813,
14222.0,3021681.37,1083069.25,-10592.83,-10268.45,-10434.31,-10479.07,-10544.07,-10575.07,-10738.07,12663.2,74.22372953441065,
14223.0,3021680.85,1083070.1,-10592.8,-10268.42,-10434.28,-10479.04,-10544.04,-10575.04,-10738.04,12663.2,,
14224.0,3021680.33,1083070.96,-10592.77,-10268.39,-10434.25,-10479.01,-10544.01,-10575.01,-10738.01,12663.21,77.68184484520488,
14225.0,3021679.81,1083071.81,-10592.73,-10268.35,-10434.21,-10478.97,-10543.97,-10574.97,-10737.97,12663.21,82.28218612229175,
14226.0,3021679.3,1083072.67,-10592.7,-10268.32,-10434.18,-10478.94,-10543.94,-10574.94,-10737.94,12663.21,85.74030143308599,
14227.0,3021678.78,1083073.53,-10592.67,-10268.29,-10434.15,-10478.91,-10543.91,-10574.91,-10737.91,12663.21,,
14228.0,3021678.27,1083074.38,-10592.64,-10268.26,-10434.12,-10478.88,-10543.88,-10574.88,-10737.88,12663.21,,
14229.0,3021677.75,1083075.24,-10592.61,-10268.23,-10434.09,-10478.85,-10543.85,-10574.85,-10737.85,12663.21,,
14230.0,3021677.24,1083076.1,-10592.58,-10268.19,-10434.05,-10478.81,-10543.81,-10574.81,-10737.81,12663.21,85.237302842425,
14231.0,3021676.73,1083076.95,-10592.55,-10268.16,-10434.02,-10478.78,-10543.78,-10574.78,-10737.78,12663.21,,
14232.0,3021676.22,1083077.81,-10592.51,-10268.13,-10433.99,-10478.75,-10543.75,-10574.75,-10737.75,12663.21,81.29714721558067,
14233.0,3021675.7,1083078.67,-10592.48,-10268.1,-10433.96,-10478.72,-10543.72,-10574.72,-10737.72,12663.21,,
14234.0,3021675.19,1083079.53,-10592.45,-10268.07,-10433.93,-10478.69,-10543.69,-10574.69,-10737.69,12663.21,83.26722502900284,
14235.0,3021674.68,1083080.39,-10592.42,-10268.04,-10433.9,-10478.66,-10543.66,-10574.66,-10737.66,12663.21,85.237302842425,
14236.0,3021674.17,1083081.25,-10592.39,-10268.0,-10433.86,-10478.62,-10543.62,-10574.62,-10737.62,12663.21,82.28218612229175,
14237.0,3021673.67,1083082.11,-10592.35,-10267.97,-10433.83,-10478.59,-10543.59,-10574.59,-10737.59,12663.21,77.68184484520488,
14238.0,3021673.16,1083082.97,-10592.32,-10267.94,-10433.8,-10478.56,-10543.56,-10574.56,-10737.56,12663.21,79.65192265862706,
14239.0,3021672.65,1083083.83,-10592.29,-10267.91,-10433.77,-10478.53,-10543.53,-10574.53,-10737.53,12663.21,86.89300653668406,
14240.0,3021672.14,1083084.69,-10592.25,-10267.88,-10433.74,-10478.5,-10543.5,-10574.5,-10737.5,12663.2,92.75084429042336,
14241.0,3021671.64,1083085.55,-10592.22,-10267.84,-10433.7,-10478.46,-10543.46,-10574.46,-10737.46,12663.2,94.5113393577368,
14242.0,3021671.13,1083086.42,-10592.19,-10267.81,-10433.67,-10478.43,-10543.43,-10574.43,-10737.43,12663.2,95.18200414528476,
14243.0,3021670.63,1083087.28,-10592.15,-10267.78,-10433.64,-10478.4,-10543.4,-10574.4,-10737.4,12663.2,91.22089024382956,
14244.0,3021670.12,1083088.14,-10592.12,-10267.75,-10433.61,-10478.37,-10543.37,-10574.37,-10737.37,12663.2,90.13105996406412,
14245.0,3021669.62,1083089.01,-10592.08,-10267.72,-10433.58,-10478.34,-10543.34,-10574.34,-10737.34,12663.2,,
14246.0,3021669.12,1083089.87,-10592.05,-10267.68,-10433.54,-10478.3,-10543.3,-10574.3,-10737.3,12663.19,96.71195819187858,
14247.0,3021668.61,1083090.73,-10592.01,-10267.65,-10433.51,-10478.27,-10543.27,-10574.27,-10737.27,12663.19,98.03232949236364,
14248.0,3021668.11,1083091.6,-10591.98,-10267.62,-10433.48,-10478.24,-10543.24,-10574.24,-10737.24,12663.19,99.78234542237163,
14249.0,3021667.61,1083092.46,-10591.94,-10267.59,-10433.45,-10478.21,-10543.21,-10574.21,-10737.21,12663.18,100.66259295602836,
14250.0,3021667.11,1083093.33,-10591.91,-10267.56,-10433.42,-10478.18,-10543.18,-10574.18,-10737.18,12663.18,,
14251.0,3021666.61,1083094.19,-10591.87,-10267.52,-10433.38,-10478.14,-10543.14,-10574.14,-10737.14,12663.18,97.15208195870692,
14252.0,3021666.11,1083095.06,-10591.84,-10267.49,-10433.35,-10478.11,-10543.11,-10574.11,-10737.11,12663.17,91.94395071790473,
14253.0,3021665.61,1083095.93,-10591.8,-10267.46,-10433.32,-10478.08,-10543.08,-10574.08,-10737.08,12663.17,85.58311437350442,
14254.0,3021665.12,1083096.79,-10591.76,-10267.43,-10433.29,-10478.05,-10543.05,-10574.05,-10737.05,12663.17,81.29714721558067,
14255.0,3021664.62,1083097.66,-10591.73,-10267.4,-10433.26,-10478.02,-10543.02,-10574.02,-10737.02,12663.16,,
14256.0,3021664.12,1083098.53,-10591.69,-10267.36,-10433.22,-10477.98,-10542.98,-10573.98,-10736.98,12663.16,85.237302842425,
14257.0,3021663.63,1083099.39,-10591.66,-10267.33,-10433.19,-10477.95,-10542.95,-10573.95,-10736.95,12663.15,84.25226393571393,
14258.0,3021663.13,1083100.26,-10591.62,-10267.3,-10433.16,-10477.92,-10542.92,-10573.92,-10736.92,12663.15,82.28218612229175,
14259.0,3021662.64,1083101.13,-10591.58,-10267.27,-10433.13,-10477.89,-10542.89,-10573.89,-10736.89,12663.14,80.80462776222512,
14260.0,3021662.14,1083102.0,-10591.54,-10267.24,-10433.1,-10477.86,-10542.86,-10573.86,-10736.86,12663.14,84.26274307301935,
14261.0,3021661.65,1083102.87,-10591.51,-10267.21,-10433.07,-10477.83,-10542.83,-10573.83,-10736.83,12663.13,88.86308435010622,
14262.0,3021661.16,1083103.74,-10591.47,-10267.17,-10433.03,-10477.79,-10542.79,-10573.79,-10736.79,12663.12,91.16849455730237,
14263.0,3021660.67,1083104.61,-10591.43,-10267.14,-10433.0,-10477.76,-10542.76,-10573.76,-10736.76,12663.12,86.55767414291007,
14264.0,3021660.18,1083105.48,-10591.39,-10267.11,-10432.97,-10477.73,-10542.73,-10573.73,-10736.73,12663.11,82.44985231917875,
14265.0,3021659.69,1083106.35,-10591.36,-10267.08,-10432.94,-10477.7,-10542.7,-10573.7,-10736.7,12663.11,83.26722502900284,
14266.0,3021659.2,1083107.22,-10591.32,-10267.05,-10432.91,-10477.67,-10542.67,-10573.67,-10736.67,12663.1,85.237302842425,
14267.0,3021658.71,1083108.09,-10591.28,-10267.01,-10432.87,-10477.63,-10542.63,-10573.63,-10736.63,12663.09,84.25226393571393,
14268.0,3021658.22,1083108.96,-10591.24,-10266.98,-10432.84,-10477.6,-10542.6,-10573.6,-10736.6,12663.09,82.28218612229175,
14269.0,3021657.73,1083109.84,-10591.2,-10266.95,-10432.81,-10477.57,-10542.57,-10573.57,-10736.57,12663.08,81.9573328658232,
14270.0,3021657.25,1083110.71,-10591.16,-10266.92,-10432.78,-10477.54,-10542.54,-10573.54,-10736.54,12663.070000000002,86.55767414291007,
14271.0,3021656.76,1083111.58,-10591.12,-10266.89,-10432.75,-10477.51,-10542.51,-10573.51,-10736.51,12663.070000000002,90.50830890705984,
14272.0,3021656.27,1083112.46,-10591.08,-10266.85,-10432.71,-10477.47,-10542.47,-10573.47,-10736.47,12663.06,89.02027140968778,
14273.0,3021655.79,1083113.33,-10591.05,-10266.82,-10432.68,-10477.44,-10542.44,-10573.44,-10736.44,12663.05,87.05019359626561,
14274.0,3021655.3,1083114.2,-10591.01,-10266.79,-10432.65,-10477.41,-10542.41,-10573.41,-10736.41,12663.04,89.02027140968778,
14275.0,3021654.82,1083115.08,-10590.97,-10266.76,-10432.62,-10477.38,-10542.38,-10573.38,-10736.38,12663.04,91.66101401065792,
14276.0,3021654.34,1083115.95,-10590.93,-10266.73,-10432.59,-10477.35,-10542.35,-10573.35,-10736.35,12663.03,93.63109182408007,
14277.0,3021653.86,1083116.83,-10590.89,-10266.69,-10432.55,-10477.31,-10542.31,-10573.31,-10736.31,12663.02,95.3915868913935,
14278.0,3021653.37,1083117.7,-10590.85,-10266.66,-10432.52,-10477.28,-10542.28,-10573.28,-10736.28,12663.01,96.27183442505022,
14279.0,3021652.89,1083118.58,-10590.8,-10266.63,-10432.49,-10477.25,-10542.25,-10573.25,-10736.25,12663.0,,
14280.0,3021652.41,1083119.46,-10590.76,-10266.6,-10432.46,-10477.22,-10542.22,-10573.22,-10736.22,12662.990000000002,92.75084429042336,
14281.0,3021651.93,1083120.33,-10590.72,-10266.57,-10432.43,-10477.19,-10542.19,-10573.19,-10736.19,12662.98,91.66101401065792,
14282.0,3021651.46,1083121.21,-10590.68,-10266.54,-10432.4,-10477.16,-10542.16,-10573.16,-10736.16,12662.97,89.02027140968778,
14283.0,3021650.98,1083122.09,-10590.64,-10266.5,-10432.36,-10477.12,-10542.12,-10573.12,-10736.12,12662.97,82.94237177253429,
14284.0,3021650.5,1083122.96,-10590.6,-10266.47,-10432.33,-10477.09,-10542.09,-10573.09,-10736.09,12662.96,77.68184484520488,
14285.0,3021650.02,1083123.84,-10590.56,-10266.44,-10432.3,-10477.06,-10542.06,-10573.06,-10736.06,12662.95,74.22372953441065,
14286.0,3021649.55,1083124.72,-10590.52,-10266.41,-10432.27,-10477.03,-10542.03,-10573.03,-10736.03,12662.94,74.88391518465318,
14287.0,3021649.07,1083125.6,-10590.47,-10266.38,-10432.24,-10477.0,-10542.0,-10573.0,-10736.0,12662.93,77.51417864831788,
14288.0,3021648.6,1083126.48,-10590.43,-10266.34,-10432.2,-10476.96,-10541.96,-10572.96,-10735.96,12662.92,81.29714721558067,
14289.0,3021648.12,1083127.36,-10590.39,-10266.31,-10432.17,-10476.93,-10541.93,-10572.93,-10735.93,12662.9,86.55767414291007,
14290.0,3021647.65,1083128.24,-10590.35,-10266.28,-10432.14,-10476.9,-10541.9,-10572.9,-10735.9,12662.89,91.16849455730237,
14291.0,3021647.18,1083129.12,-10590.3,-10266.25,-10432.11,-10476.87,-10541.87,-10572.87,-10735.87,12662.88,,
14292.0,3021646.7,1083130.0,-10590.26,-10266.22,-10432.08,-10476.84,-10541.84,-10572.84,-10735.84,12662.87,98.46197412188656,
14293.0,3021646.23,1083130.88,-10590.22,-10266.18,-10432.04,-10476.8,-10541.8,-10572.8,-10735.8,12662.86,95.00385881109231,
14294.0,3021645.76,1083131.76,-10590.17,-10266.15,-10432.01,-10476.77,-10541.77,-10572.77,-10735.77,12662.85,86.89300653668406,
14295.0,3021645.29,1083132.64,-10590.13,-10266.12,-10431.98,-10476.74,-10541.74,-10572.74,-10735.74,12662.84,81.29714721558067,
14296.0,3021644.82,1083133.52,-10590.09,-10266.09,-10431.95,-10476.71,-10541.71,-10572.71,-10735.71,12662.83,,
14297.0,3021644.35,1083134.4,-10590.04,-10266.06,-10431.92,-10476.68,-10541.68,-10572.68,-10735.68,12662.820000000002,85.237302842425,
14298.0,3021643.87,1083135.28,-10590.0,-10266.02,-10431.88,-10476.64,-10541.64,-10572.64,-10735.64,12662.81,85.74030143308599,
14299.0,3021643.4,1083136.16,-10589.96,-10265.99,-10431.85,-10476.61,-10541.61,-10572.61,-10735.61,12662.8,86.46336190716114,
14300.0,3021642.93,1083137.04,-10589.92,-10265.96,-10431.82,-10476.58,-10541.58,-10572.58,-10735.58,12662.79,93.42150907797134,
14301.0,3021642.45,1083137.92,-10589.88,-10265.93,-10431.79,-10476.55,-10541.55,-10572.55,-10735.55,12662.78,,
14302.0,3021641.98,1083138.8,-10589.84,-10265.9,-10431.76,-10476.52,-10541.52,-10572.52,-10735.52,12662.77,,
14303.0,3021641.5,1083139.68,-10589.8,-10265.87,-10431.73,-10476.49,-10541.49,-10572.49,-10735.49,12662.76,,
14304.0,3021641.02,1083140.56,-10589.76,-10265.83,-10431.69,-10476.45,-10541.45,-10572.45,-10735.45,12662.76,,
14305.0,3021640.55,1083141.43,-10589.72,-10265.8,-10431.66,-10476.42,-10541.42,-10572.42,-10735.42,12662.75,,
14306.0,3021640.07,1083142.31,-10589.68,-10265.77,-10431.63,-10476.39,-10541.39,-10572.39,-10735.39,12662.740000000002,,
14307.0,3021639.59,1083143.19,-10589.64,-10265.74,-10431.6,-10476.36,-10541.36,-10572.36,-10735.36,12662.73,,
14308.0,3021639.11,1083144.07,-10589.6,-10265.71,-10431.57,-10476.33,-10541.33,-10572.33,-10735.33,12662.73,,
14309.0,3021638.63,1083144.94,-10589.56,-10265.67,-10431.53,-10476.29,-10541.29,-10572.29,-10735.29,12662.72,,
14310.0,3021638.15,1083145.82,-10589.52,-10265.64,-10431.5,-10476.26,-10541.26,-10572.26,-10735.26,12662.72,96.71195819187858,
14311.0,3021637.67,1083146.69,-10589.49,-10265.61,-10431.47,-10476.23,-10541.23,-10572.23,-10735.23,12662.71,94.24936092510086,
14312.0,3021637.19,1083147.57,-10589.45,-10265.58,-10431.44,-10476.2,-10541.2,-10572.2,-10735.2,12662.71,90.0157894537043,
14313.0,3021636.7,1083148.44,-10589.41,-10265.55,-10431.41,-10476.17,-10541.17,-10572.17,-10735.17,12662.7,86.40048708332851,
14314.0,3021636.22,1083149.32,-10589.38,-10265.51,-10431.37,-10476.13,-10541.13,-10572.13,-10735.13,12662.69,89.79572757029011,
14315.0,3021635.74,1083150.19,-10589.34,-10265.48,-10431.34,-10476.1,-10541.1,-10572.1,-10735.1,12662.69,91.16849455730237,
14316.0,3021635.25,1083151.07,-10589.3,-10265.45,-10431.31,-10476.07,-10541.07,-10572.07,-10735.07,12662.69,93.64157096138553,
14317.0,3021634.77,1083151.94,-10589.27,-10265.42,-10431.28,-10476.04,-10541.04,-10572.04,-10735.04,12662.68,92.26880397437326,
14318.0,3021634.28,1083152.81,-10589.23,-10265.39,-10431.25,-10476.01,-10541.01,-10572.01,-10735.01,12662.68,88.1505030133365,
14319.0,3021633.8,1083153.69,-10589.2,-10265.35,-10431.21,-10475.97,-10540.97,-10571.97,-10734.97,12662.68,88.81068866357903,
14320.0,3021633.31,1083154.56,-10589.17,-10265.32,-10431.18,-10475.94,-10540.94,-10571.94,-10734.94,12662.68,94.23888178779544,
14321.0,3021632.82,1083155.43,-10589.13,-10265.29,-10431.15,-10475.91,-10540.91,-10571.91,-10734.91,12662.68,94.07121559090842,
14322.0,3021632.33,1083156.3,-10589.1,-10265.26,-10431.12,-10475.88,-10540.88,-10571.88,-10734.88,12662.67,,
14323.0,3021631.84,1083157.18,-10589.06,-10265.23,-10431.09,-10475.85,-10540.85,-10571.85,-10734.85,12662.67,92.54126154431462,
14324.0,3021631.35,1083158.05,-10589.03,-10265.19,-10431.05,-10475.81,-10540.81,-10571.81,-10734.81,12662.67,94.07121559090842,
14325.0,3021630.86,1083158.92,-10589.0,-10265.16,-10431.02,-10475.78,-10540.78,-10571.78,-10734.78,12662.67,,
14326.0,3021630.37,1083159.79,-10588.97,-10265.13,-10430.99,-10475.75,-10540.75,-10571.75,-10734.75,12662.67,93.63109182408007,
14327.0,3021629.88,1083160.66,-10588.94,-10265.1,-10430.96,-10475.72,-10540.72,-10571.72,-10734.72,12662.67,93.8616328447997,
14328.0,3021629.39,1083161.53,-10588.9,-10265.07,-10430.93,-10475.69,-10540.69,-10571.69,-10734.69,12662.67,94.30175661162806,
14329.0,3021628.89,1083162.4,-10588.87,-10265.04,-10430.9,-10475.66,-10540.66,-10571.66,-10734.66,12662.67,95.83171065822188,
14330.0,3021628.4,1083163.27,-10588.84,-10265.0,-10430.86,-10475.62,-10540.62,-10571.62,-10734.62,12662.67,98.90209788871492,
14331.0,3021627.91,1083164.14,-10588.81,-10264.97,-10430.83,-10475.59,-10540.59,-10571.59,-10734.59,12662.67,97.3721438421211,
14332.0,3021627.41,1083165.0,-10588.78,-10264.94,-10430.8,-10475.56,-10540.56,-10571.56,-10734.56,12662.68,91.38855644071656,
14333.0,3021626.92,1083165.87,-10588.75,-10264.91,-10430.77,-10475.53,-10540.53,-10571.53,-10734.53,12662.68,88.48583540711049,
14334.0,3021626.42,1083166.74,-10588.72,-10264.88,-10430.74,-10475.5,-10540.5,-10571.5,-10734.5,12662.68,92.10113777748629,
14335.0,3021625.92,1083167.61,-10588.69,-10264.84,-10430.7,-10475.46,-10540.46,-10571.46,-10734.46,12662.68,97.15208195870692,
14336.0,3021625.43,1083168.47,-10588.67,-10264.81,-10430.67,-10475.43,-10540.43,-10571.43,-10734.43,12662.69,96.27183442505022,
14337.0,3021624.93,1083169.34,-10588.64,-10264.78,-10430.64,-10475.4,-10540.4,-10571.4,-10734.4,12662.69,91.66101401065792,
14338.0,3021624.43,1083170.21,-10588.61,-10264.75,-10430.61,-10475.37,-10540.37,-10571.37,-10734.37,12662.7,89.6804570599303,
14339.0,3021623.93,1083171.07,-10588.58,-10264.72,-10430.58,-10475.34,-10540.34,-10571.34,-10734.34,12662.7,,
14340.0,3021623.43,1083171.94,-10588.56,-10264.68,-10430.54,-10475.3,-10540.3,-10571.3,-10734.3,12662.71,,
14341.0,3021622.93,1083172.8,-10588.53,-10264.65,-10430.51,-10475.27,-10540.27,-10571.27,-10734.27,12662.71,,
14342.0,3021622.43,1083173.67,-10588.5,-10264.62,-10430.48,-10475.24,-10540.24,-10571.24,-10734.24,12662.72,91.66101401065792,
14343.0,3021621.92,1083174.53,-10588.48,-10264.59,-10430.45,-10475.21,-10540.21,-10571.21,-10734.21,12662.72,93.63109182408007,
14344.0,3021621.42,1083175.4,-10588.45,-10264.56,-10430.42,-10475.18,-10540.18,-10571.18,-10734.18,12662.73,93.80923715827252,
14345.0,3021620.92,1083176.26,-10588.43,-10264.52,-10430.38,-10475.14,-10540.14,-10571.14,-10734.14,12662.73,88.75829297705185,
14346.0,3021620.41,1083177.12,-10588.4,-10264.49,-10430.35,-10475.11,-10540.11,-10571.11,-10734.11,12662.740000000002,87.16546410662542,
14347.0,3021619.91,1083177.99,-10588.38,-10264.46,-10430.32,-10475.08,-10540.08,-10571.08,-10734.08,12662.75,91.50382695107636,
14348.0,3021619.4,1083178.85,-10588.35,-10264.43,-10430.29,-10475.05,-10540.05,-10571.05,-10734.05,12662.76,94.5113393577368,
14349.0,3021618.9,1083179.71,-10588.33,-10264.4,-10430.26,-10475.02,-10540.02,-10571.02,-10734.02,12662.77,92.10113777748629,
14350.0,3021618.39,1083180.57,-10588.3,-10264.36,-10430.22,-10474.98,-10539.98,-10570.98,-10733.98,12662.77,89.02027140968778,
14351.0,3021617.88,1083181.44,-10588.28,-10264.33,-10430.19,-10474.95,-10539.95,-10570.95,-10733.95,12662.78,86.39000794602308,
14352.0,3021617.38,1083182.3,-10588.26,-10264.3,-10430.16,-10474.92,-10539.92,-10570.92,-10733.92,12662.79,85.74030143308599,
14353.0,3021616.87,1083183.16,-10588.24,-10264.27,-10430.13,-10474.89,-10539.89,-10570.89,-10733.89,12662.8,87.71037924650814,
14354.0,3021616.36,1083184.02,-10588.21,-10264.24,-10430.1,-10474.86,-10539.86,-10570.86,-10733.86,12662.81,,
14355.0,3021615.85,1083184.88,-10588.19,-10264.2,-10430.06,-10474.82,-10539.82,-10570.82,-10733.82,12662.820000000002,95.3915868913935,
14356.0,3021615.34,1083185.74,-10588.17,-10264.17,-10430.03,-10474.79,-10539.79,-10570.79,-10733.79,12662.83,96.71195819187858,
14357.0,3021614.83,1083186.6,-10588.15,-10264.14,-10430.0,-10474.76,-10539.76,-10570.76,-10733.76,12662.84,89.97387290448255,
14358.0,3021614.32,1083187.46,-10588.13,-10264.11,-10429.97,-10474.73,-10539.73,-10570.73,-10733.73,12662.85,80.97229395911211,
14359.0,3021613.8,1083188.31,-10588.11,-10264.08,-10429.94,-10474.7,-10539.7,-10570.7,-10733.7,12662.87,77.68184484520488,
14360.0,3021613.29,1083189.17,-10588.09,-10264.05,-10429.91,-10474.67,-10539.67,-10570.67,-10733.67,12662.88,82.28218612229175,
14361.0,3021612.78,1083190.03,-10588.07,-10264.01,-10429.87,-10474.63,-10539.63,-10570.63,-10733.63,12662.89,85.74030143308599,
14362.0,3021612.26,1083190.89,-10588.05,-10263.98,-10429.84,-10474.6,-10539.6,-10570.6,-10733.6,12662.9,,
14363.0,3021611.75,1083191.74,-10588.03,-10263.95,-10429.81,-10474.57,-10539.57,-10570.57,-10733.57,12662.92,,
14364.0,3021611.23,1083192.6,-10588.01,-10263.92,-10429.78,-10474.54,-10539.54,-10570.54,-10733.54,12662.93,84.25226393571393,
14365.0,3021610.72,1083193.46,-10588.0,-10263.89,-10429.75,-10474.51,-10539.51,-10570.51,-10733.51,12662.94,82.28218612229175,
14366.0,3021610.2,1083194.31,-10587.98,-10263.85,-10429.71,-10474.47,-10539.47,-10570.47,-10733.47,12662.96,,
14367.0,3021609.68,1083195.17,-10587.96,-10263.82,-10429.68,-10474.44,-10539.44,-10570.44,-10733.44,12662.97,84.25226393571393,
14368.0,3021609.16,1083196.02,-10587.94,-10263.79,-10429.65,-10474.41,-10539.41,-10570.41,-10733.41,12662.990000000002,86.83013171285143,
14369.0,3021608.64,1083196.88,-10587.93,-10263.76,-10429.62,-10474.38,-10539.38,-10570.38,-10733.38,12663.0,91.22089024382956,
14370.0,3021608.13,1083197.73,-10587.91,-10263.73,-10429.59,-10474.35,-10539.35,-10570.35,-10733.35,12663.02,94.02929904168668,
14371.0,3021607.61,1083198.59,-10587.89,-10263.69,-10429.55,-10474.31,-10539.31,-10570.31,-10733.31,12663.03,88.75829297705185,
14372.0,3021607.08,1083199.44,-10587.88,-10263.66,-10429.52,-10474.28,-10539.28,-10570.28,-10733.28,12663.05,81.29714721558067,
14373.0,3021606.56,1083200.29,-10587.86,-10263.63,-10429.49,-10474.25,-10539.25,-10570.25,-10733.25,12663.070000000002,75.31355981417612,
14374.0,3021606.04,1083201.15,-10587.85,-10263.6,-10429.46,-10474.22,-10539.22,-10570.22,-10733.22,12663.08,72.24317258368305,
14375.0,3021605.52,1083202.0,-10587.83,-10263.57,-10429.43,-10474.19,-10539.19,-10570.19,-10733.19,12663.1,73.56354388416813,
14376.0,3021605.0,1083202.85,-10587.82,-10263.53,-10429.39,-10474.15,-10539.15,-10570.15,-10733.15,12663.13,78.66688375191596,
14377.0,3021604.47,1083203.7,-10587.81,-10263.49,-10429.35,-10474.11,-10539.11,-10570.11,-10733.11,12663.15,85.89748849266753,
14378.0,3021603.95,1083204.55,-10587.79,-10263.45,-10429.31,-10474.07,-10539.07,-10570.07,-10733.07,12663.18,91.16849455730237,
14379.0,3021603.42,1083205.41,-10587.78,-10263.41,-10429.27,-10474.03,-10539.03,-10570.03,-10733.03,12663.21,92.310720523595,
14380.0,3021602.9,1083206.26,-10587.77,-10263.37,-10429.23,-10473.99,-10538.99,-10569.99,-10732.99,12663.23,,
14381.0,3021602.37,1083207.11,-10587.76,-10263.33,-10429.19,-10473.95,-10538.95,-10569.95,-10732.95,12663.26,90.50830890705984,
14382.0,3021601.84,1083207.96,-10587.74,-10263.29,-10429.15,-10473.91,-10538.91,-10569.91,-10732.91,12663.29,83.26722502900284,
14383.0,3021601.32,1083208.81,-10587.73,-10263.25,-10429.11,-10473.87,-10538.87,-10569.87,-10732.87,12663.320000000002,79.48425646174005,
14384.0,3021600.79,1083209.65,-10587.72,-10263.21,-10429.07,-10473.83,-10538.83,-10569.83,-10732.83,12663.34,81.12948101869367,
14385.0,3021600.26,1083210.5,-10587.71,-10263.17,-10429.03,-10473.79,-10538.79,-10569.79,-10732.79,12663.37,79.9767759150956,
14386.0,3021599.73,1083211.35,-10587.7,-10263.12,-10428.98,-10473.74,-10538.74,-10569.74,-10732.74,12663.41,76.03662028825127,
14387.0,3021599.2,1083212.2,-10587.69,-10263.07,-10428.93,-10473.69,-10538.69,-10569.69,-10732.69,12663.45,77.51417864831788,
14388.0,3021598.67,1083213.05,-10587.68,-10263.02,-10428.88,-10473.64,-10538.64,-10569.64,-10732.64,12663.490000000002,74.22372953441065,
14389.0,3021598.14,1083213.89,-10587.67,-10262.97,-10428.83,-10473.59,-10538.59,-10569.59,-10732.59,12663.53,68.96320260708126,
14390.0,3021597.61,1083214.74,-10587.66,-10262.92,-10428.78,-10473.54,-10538.54,-10569.54,-10732.54,12663.570000000002,70.93328042050342,
14391.0,3021597.07,1083215.59,-10587.65,-10262.87,-10428.73,-10473.49,-10538.49,-10569.49,-10732.49,12663.61,76.85399299807536,
14392.0,3021596.54,1083216.44,-10587.64,-10262.82,-10428.68,-10473.44,-10538.44,-10569.44,-10732.44,12663.65,76.20428648513825,
14393.0,3021596.01,1083217.28,-10587.63,-10262.77,-10428.63,-10473.39,-10538.39,-10569.39,-10732.39,12663.69,,
14394.0,3021595.48,1083218.13,-10587.62,-10262.72,-10428.58,-10473.34,-10538.34,-10569.34,-10732.34,12663.73,,
14395.0,3021594.95,1083218.98,-10587.61,-10262.68,-10428.54,-10473.3,-10538.3,-10569.3,-10732.3,12663.77,,
14396.0,3021594.42,1083219.82,-10587.6,-10262.63,-10428.49,-10473.25,-10538.25,-10569.25,-10732.25,12663.81,,
14397.0,3021593.89,1083220.67,-10587.6,-10262.58,-10428.44,-10473.2,-10538.2,-10569.2,-10732.2,12663.85,,
14398.0,3021593.35,1083221.52,-10587.59,-10262.53,-10428.39,-10473.15,-10538.15,-10569.15,-10732.15,12663.89,,
14399.0,3021592.82,1083222.36,-10587.58,-10262.48,-10428.34,-10473.1,-10538.1,-10569.1,-10732.1,12663.93,,
14400.0,3021592.29,1083223.21,-10587.57,-10262.43,-10428.29,-10473.05,-10538.05,-10569.05,-10732.05,12663.97,,
14401.0,3021591.76,1083224.06,-10587.56,-10262.38,-10428.24,-10473.0,-10538.0,-10569.0,-10732.0,12664.01,,
14402.0,3021591.22,1083224.9,-10587.55,-10262.33,-10428.19,-10472.95,-10537.95,-10568.95,-10731.95,12664.05,,
14403.0,3021590.69,1083225.75,-10587.54,-10262.28,-10428.14,-10472.9,-10537.9,-10568.9,-10731.9,12664.09,,
14404.0,3021590.16,1083226.6,-10587.54,-10262.23,-10428.09,-10472.85,-10537.85,-10568.85,-10731.85,12664.13,74.22372953441065,
14405.0,3021589.63,1083227.44,-10587.53,-10262.18,-10428.04,-10472.8,-10537.8,-10568.8,-10731.8,12664.17,75.37643463800872,
14406.0,3021589.1,1083228.29,-10587.52,-10262.13,-10427.99,-10472.75,-10537.75,-10568.75,-10731.75,12664.22,,
14407.0,3021588.56,1083229.14,-10587.51,-10262.08,-10427.94,-10472.7,-10537.7,-10568.7,-10731.7,12664.26,84.5875963294879,
14408.0,3021588.03,1083229.98,-10587.5,-10262.03,-10427.89,-10472.65,-10537.65,-10568.65,-10731.65,12664.3,85.74030143308599,
14409.0,3021587.5,1083230.83,-10587.49,-10261.98,-10427.84,-10472.6,-10537.6,-10568.6,-10731.6,12664.34,87.27025547967979,
14410.0,3021586.96,1083231.67,-10587.49,-10261.94,-10427.8,-10472.56,-10537.56,-10568.56,-10731.56,12664.38,,
14411.0,3021586.43,1083232.52,-10587.48,-10261.89,-10427.75,-10472.51,-10537.51,-10568.51,-10731.51,12664.42,99.1221597721291,
14412.0,3021585.9,1083233.37,-10587.47,-10261.84,-10427.7,-10472.46,-10537.46,-10568.46,-10731.46,12664.46,98.90209788871492,
14413.0,3021585.37,1083234.21,-10587.46,-10261.79,-10427.65,-10472.41,-10537.41,-10568.41,-10731.41,12664.51,98.25239137577782,
14414.0,3021584.83,1083235.06,-10587.46,-10261.74,-10427.6,-10472.36,-10537.36,-10568.36,-10731.36,12664.55,,
14415.0,3021584.3,1083235.9,-10587.45,-10261.69,-10427.55,-10472.31,-10537.31,-10568.31,-10731.31,12664.59,105.92311988335774,
14416.0,3021583.77,1083236.75,-10587.44,-10261.64,-10427.5,-10472.26,-10537.26,-10568.26,-10731.26,12664.63,104.38268669945847,
14417.0,3021583.23,1083237.6,-10587.43,-10261.59,-10427.45,-10472.21,-10537.21,-10568.21,-10731.21,12664.67,102.85273265286467,
14418.0,3021582.7,1083238.44,-10587.43,-10261.54,-10427.4,-10472.16,-10537.16,-10568.16,-10731.16,12664.72,106.58330553360028,
14419.0,3021582.17,1083239.29,-10587.42,-10261.49,-10427.35,-10472.11,-10537.11,-10568.11,-10731.11,12664.76,110.9740640645784,
14420.0,3021581.63,1083240.13,-10587.41,-10261.44,-10427.3,-10472.06,-10537.06,-10568.06,-10731.06,12664.8,112.07437348164927,
14421.0,3021581.1,1083240.98,-10587.4,-10261.39,-10427.25,-10472.01,-10537.01,-10568.01,-10731.01,12664.84,110.10429566822714,
14422.0,3021580.56,1083241.82,-10587.4,-10261.34,-10427.2,-10471.96,-10536.96,-10567.96,-10730.96,12664.88,102.19254700262216,
14423.0,3021580.03,1083242.67,-10587.39,-10261.29,-10427.15,-10471.91,-10536.91,-10567.91,-10730.91,12664.93,95.61164877480768,
14424.0,3021579.5,1083243.52,-10587.38,-10261.25,-10427.11,-10471.87,-10536.87,-10567.87,-10730.87,12664.97,,
14425.0,3021578.96,1083244.36,-10587.38,-10261.2,-10427.06,-10471.82,-10536.82,-10567.82,-10730.82,12665.01,,
14426.0,3021578.43,1083245.21,-10587.37,-10263.41,-10429.27,-10474.03,-10539.03,-10570.03,-10733.03,12662.79,85.74030143308599,
14427.0,3021577.89,1083246.05,-10587.36,-10263.34,-10429.2,-10473.96,-10538.96,-10569.96,-10732.96,12662.85,,
14428.0,3021577.36,1083246.9,-10587.36,-10263.28,-10429.14,-10473.9,-10538.9,-10569.9,-10732.9,12662.91,86.83013171285143,
14429.0,3021576.83,1083247.74,-10587.35,-10263.22,-10429.08,-10473.84,-10538.84,-10569.84,-10732.84,12662.96,91.22089024382956,
14430.0,3021576.29,1083248.59,-10587.34,-10263.16,-10429.02,-10473.78,-10538.78,-10569.78,-10732.78,12663.02,92.32119966090046,
14431.0,3021575.76,1083249.43,-10587.34,-10263.09,-10428.95,-10473.71,-10538.71,-10569.71,-10732.71,12663.070000000002,88.53823109363768,
14432.0,3021575.22,1083250.28,-10587.33,-10263.03,-10428.89,-10473.65,-10538.65,-10569.65,-10732.65,12663.13,,
14433.0,3021574.69,1083251.12,-10587.33,-10262.97,-10428.83,-10473.59,-10538.59,-10569.59,-10732.59,12663.19,75.80607926753166,
14434.0,3021574.15,1083251.97,-10587.32,-10262.9,-10428.76,-10473.52,-10538.52,-10569.52,-10732.52,12663.240000000002,70.92280128319797,
14435.0,3021573.62,1083252.81,-10587.31,-10262.84,-10428.7,-10473.46,-10538.46,-10569.46,-10732.46,12663.3,73.12342011733976,
14436.0,3021573.08,1083253.66,-10587.31,-10262.78,-10428.64,-10473.4,-10538.4,-10569.4,-10732.4,12663.36,77.51417864831788,
14437.0,3021572.55,1083254.5,-10587.3,-10262.72,-10428.58,-10473.34,-10538.34,-10569.34,-10732.34,12663.42,80.80462776222512,
14438.0,3021572.01,1083255.35,-10587.3,-10262.65,-10428.51,-10473.27,-10538.27,-10569.27,-10732.27,12663.47,,
14439.0,3021571.48,1083256.19,-10587.29,-10262.59,-10428.45,-10473.21,-10538.21,-10569.21,-10732.21,12663.53,80.1444421119826,
14440.0,3021570.94,1083257.04,-10587.28,-10262.53,-10428.39,-10473.15,-10538.15,-10569.15,-10732.15,12663.59,77.51417864831788,
14441.0,3021570.41,1083257.88,-10587.28,-10262.46,-10428.32,-10473.08,-10538.08,-10569.08,-10732.08,12663.64,76.85399299807536,
14442.0,3021569.87,1083258.73,-10587.27,-10262.4,-10428.26,-10473.02,-10538.02,-10569.02,-10732.02,12663.7,78.83454994880296,
14443.0,3021569.34,1083259.57,-10587.27,-10262.34,-10428.2,-10472.96,-10537.96,-10568.96,-10731.96,12663.76,82.28218612229175,
14444.0,3021568.8,1083260.41,-10587.26,-10262.28,-10428.14,-10472.9,-10537.9,-10568.9,-10731.9,12663.820000000002,80.80462776222512,
14445.0,3021568.26,1083261.26,-10587.26,-10262.21,-10428.07,-10472.83,-10537.83,-10568.83,-10731.83,12663.87,79.65192265862706,
14446.0,3021567.73,1083262.1,-10587.25,-10262.15,-10428.01,-10472.77,-10537.77,-10568.77,-10731.77,12663.93,78.17436429856042,
14447.0,3021567.19,1083262.95,-10587.25,-10262.09,-10427.95,-10472.71,-10537.71,-10568.71,-10731.71,12663.990000000002,,
14448.0,3021566.66,1083263.79,-10587.24,-10262.03,-10427.89,-10472.65,-10537.65,-10568.65,-10731.65,12664.05,76.85399299807536,
14449.0,3021566.12,1083264.64,-10587.24,-10261.96,-10427.82,-10472.58,-10537.58,-10568.58,-10731.58,12664.11,78.83454994880296,
14450.0,3021565.59,1083265.48,-10587.23,-10261.9,-10427.76,-10472.52,-10537.52,-10568.52,-10731.52,12664.16,82.28218612229175,
14451.0,3021565.05,1083266.32,-10587.23,-10261.84,-10427.7,-10472.46,-10537.46,-10568.46,-10731.46,12664.22,80.80462776222512,
14452.0,3021564.51,1083267.17,-10587.22,-10261.77,-10427.63,-10472.39,-10537.39,-10568.39,-10731.39,12664.28,78.33155135814198,
14453.0,3021563.98,1083268.01,-10587.22,-10261.71,-10427.57,-10472.33,-10537.33,-10568.33,-10731.33,12664.34,77.51417864831788,
14454.0,3021563.44,1083268.86,-10587.21,-10261.65,-10427.51,-10472.27,-10537.27,-10568.27,-10731.27,12664.4,,
14455.0,3021562.9,1083269.7,-10587.21,-10261.59,-10427.45,-10472.21,-10537.21,-10568.21,-10731.21,12664.45,91.94395071790473,
14456.0,3021562.37,1083270.54,-10587.2,-10261.54,-10427.4,-10472.16,-10537.16,-10568.16,-10731.16,12664.490000000002,96.71195819187858,
14457.0,3021561.83,1083271.39,-10587.2,-10261.5,-10427.36,-10472.12,-10537.12,-10568.12,-10731.12,12664.53,97.81226760894948,
14458.0,3021561.29,1083272.23,-10587.2,-10261.45,-10427.31,-10472.07,-10537.07,-10568.07,-10731.07,12664.570000000002,,
14459.0,3021560.76,1083273.08,-10587.19,-10261.41,-10427.27,-10472.03,-10537.03,-10568.03,-10731.03,12664.62,106.58330553360028,
14460.0,3021560.22,1083273.92,-10587.19,-10261.36,-10427.22,-10471.98,-10536.98,-10567.98,-10730.98,12664.66,107.67313581336572,
14461.0,3021559.68,1083274.76,-10587.18,-10261.32,-10427.18,-10471.94,-10536.94,-10567.94,-10730.94,12664.7,105.70305799994355,
14462.0,3021559.15,1083275.61,-10587.18,-10261.27,-10427.13,-10471.89,-10536.89,-10567.89,-10730.89,12664.740000000002,103.07279453627886,
14463.0,3021558.61,1083276.45,-10587.18,-10261.23,-10427.09,-10471.85,-10536.85,-10567.85,-10730.85,12664.78,101.09223758555126,
14464.0,3021558.07,1083277.29,-10587.17,-10261.18,-10427.04,-10471.8,-10536.8,-10567.8,-10730.8,12664.820000000002,101.7524232357938,
14465.0,3021557.53,1083278.14,-10587.17,-10261.14,-10427.0,-10471.76,-10536.76,-10567.76,-10730.76,12664.86,104.38268669945847,
14466.0,3021557.0,1083278.98,-10587.17,-10261.1,-10426.96,-10471.72,-10536.72,-10567.72,-10730.72,12664.89,103.7329801865214,
14467.0,3021556.46,1083279.82,-10587.16,-10261.07,-10426.93,-10471.69,-10536.69,-10567.69,-10730.69,12664.92,101.1027167228567,
14468.0,3021555.92,1083280.67,-10587.16,-10261.03,-10426.89,-10471.65,-10536.65,-10567.65,-10730.65,12664.96,102.19254700262216,
14469.0,3021555.38,1083281.51,-10587.15,-10261.0,-10426.86,-10471.62,-10536.62,-10567.62,-10730.62,12664.990000000002,106.58330553360028,
14470.0,3021554.85,1083282.35,-10587.15,-10260.96,-10426.82,-10471.58,-10536.58,-10567.58,-10730.58,12665.02,107.0129501631232,
14471.0,3021554.31,1083283.2,-10587.15,-10260.93,-10426.79,-10471.55,-10536.55,-10567.55,-10730.55,12665.05,,
14472.0,3021553.77,1083284.04,-10587.14,-10260.89,-10426.75,-10471.51,-10536.51,-10567.51,-10730.51,12665.08,101.7524232357938,
14473.0,3021553.23,1083284.88,-10587.14,-10260.86,-10426.72,-10471.48,-10536.48,-10567.48,-10730.48,12665.12,100.66259295602836,
14474.0,3021552.7,1083285.73,-10587.14,-10260.82,-10426.68,-10471.44,-10536.44,-10567.44,-10730.44,12665.15,,
14475.0,3021552.16,1083286.57,-10587.14,-10260.78,-10426.64,-10471.4,-10536.4,-10567.4,-10730.4,12665.18,97.15208195870692,
14476.0,3021551.62,1083287.41,-10587.13,-10260.75,-10426.61,-10471.37,-10536.37,-10567.37,-10730.37,12665.21,96.71195819187858,
14477.0,3021551.08,1083288.25,-10587.13,-10260.71,-10426.57,-10471.33,-10536.33,-10567.33,-10730.33,12665.25,,
14478.0,3021550.54,1083289.1,-10587.13,-10260.68,-10426.54,-10471.3,-10536.3,-10567.3,-10730.3,12665.28,,
14479.0,3021550.0,1083289.94,-10587.12,-10260.64,-10426.5,-10471.26,-10536.26,-10567.26,-10730.26,12665.31,95.3915868913935,
14480.0,3021549.47,1083290.78,-10587.12,-10260.61,-10426.47,-10471.23,-10536.23,-10567.23,-10730.23,12665.35,93.63109182408007,
14481.0,3021548.93,1083291.62,-10587.12,-10260.57,-10426.43,-10471.19,-10536.19,-10567.19,-10730.19,12665.38,,
14482.0,3021548.39,1083292.47,-10587.12,-10260.53,-10426.39,-10471.15,-10536.15,-10567.15,-10730.15,12665.41,95.3915868913935,
14483.0,3021547.85,1083293.31,-10587.12,-10260.5,-10426.36,-10471.12,-10536.12,-10567.12,-10730.12,12665.45,,
14484.0,3021547.31,1083294.15,-10587.11,-10260.46,-10426.32,-10471.08,-10536.08,-10567.08,-10730.08,12665.48,98.03232949236364,
14485.0,3021546.77,1083294.99,-10587.11,-10260.43,-10426.29,-10471.05,-10536.05,-10567.05,-10730.05,12665.51,99.78234542237163,
14486.0,3021546.23,1083295.84,-10587.11,-10260.39,-10426.25,-10471.01,-10536.01,-10567.01,-10730.01,12665.55,99.56228353895746,
14487.0,3021545.69,1083296.68,-10587.11,-10260.36,-10426.22,-10470.98,-10535.98,-10566.98,-10729.98,12665.58,,
14488.0,3021545.16,1083297.52,-10587.1,-10260.32,-10426.18,-10470.94,-10535.94,-10566.94,-10729.94,12665.61,87.27025547967979,
14489.0,3021544.62,1083298.36,-10587.1,-10260.29,-10426.15,-10470.91,-10535.91,-10566.91,-10729.91,12665.65,84.5875963294879,
14490.0,3021544.08,1083299.21,-10587.1,-10260.25,-10426.11,-10470.87,-10535.87,-10566.87,-10729.87,12665.68,,
14491.0,3021543.54,1083300.05,-10587.1,-10260.21,-10426.07,-10470.83,-10535.83,-10566.83,-10729.83,12665.71,75.37643463800872,
14492.0,3021543.0,1083300.89,-10587.1,-10260.18,-10426.04,-10470.8,-10535.8,-10566.8,-10729.8,12665.75,74.22372953441065,
14493.0,3021542.46,1083301.73,-10587.09,-10260.14,-10426.0,-10470.76,-10535.76,-10566.76,-10729.76,12665.78,73.78360576758229,
14494.0,3021541.92,1083302.57,-10587.09,-10260.11,-10425.97,-10470.73,-10535.73,-10566.73,-10729.73,12665.820000000002,,
14495.0,3021541.38,1083303.42,-10587.09,-10260.07,-10425.93,-10470.69,-10535.69,-10566.69,-10729.69,12665.85,70.26261563295544,
14496.0,3021540.84,1083304.26,-10587.09,-10260.05,-10425.91,-10470.67,-10535.67,-10566.67,-10729.67,12665.87,69.82249186612708,
14497.0,3021540.3,1083305.1,-10587.09,-10260.03,-10425.89,-10470.65,-10535.65,-10566.65,-10729.65,12665.88,69.60242998271292,
14498.0,3021539.76,1083305.94,-10587.09,-10260.01,-10425.87,-10470.63,-10535.63,-10566.63,-10729.63,12665.9,,
14499.0,3021539.22,1083306.79,-10587.08,-10259.99,-10425.85,-10470.61,-10535.61,-10566.61,-10729.61,12665.92,67.86289319001037,
14500.0,3021538.69,1083307.63,-10587.08,-10259.97,-10425.83,-10470.59,-10535.59,-10566.59,-10729.59,12665.94,68.3030169568387,
14501.0,3021538.15,1083308.47,-10587.08,-10259.95,-10425.81,-10470.57,-10535.57,-10566.57,-10729.57,12665.96,,
14502.0,3021537.61,1083309.31,-10587.08,-10259.93,-10425.79,-10470.55,-10535.55,-10566.55,-10729.55,12665.97,73.56354388416813,
14503.0,3021537.07,1083310.15,-10587.08,-10259.91,-10425.77,-10470.53,-10535.53,-10566.53,-10729.53,12665.990000000002,74.22372953441065,
14504.0,3021536.53,1083311.0,-10587.08,-10259.9,-10425.76,-10470.52,-10535.52,-10566.52,-10729.52,12666.01,,
14505.0,3021535.99,1083311.84,-10587.07,-10259.88,-10425.74,-10470.5,-10535.5,-10566.5,-10729.5,12666.03,,
14506.0,3021535.45,1083312.68,-10587.07,-10259.86,-10425.72,-10470.48,-10535.48,-10566.48,-10729.48,12666.05,75.37643463800872,
14507.0,3021534.91,1083313.52,-10587.07,-10259.84,-10425.7,-10470.46,-10535.46,-10566.46,-10729.46,12666.06,79.48425646174005,
14508.0,3021534.37,1083314.36,-10587.07,-10259.82,-10425.68,-10470.44,-10535.44,-10566.44,-10729.44,12666.08,82.11451992540475,
14509.0,3021533.83,1083315.21,-10587.07,-10259.8,-10425.66,-10470.42,-10535.42,-10566.42,-10729.42,12666.1,81.7896666689362,
14510.0,3021533.29,1083316.05,-10587.07,-10259.78,-10425.64,-10470.4,-10535.4,-10566.4,-10729.4,12666.12,83.26722502900284,
14511.0,3021532.75,1083316.89,-10587.07,-10259.76,-10425.62,-10470.38,-10535.38,-10566.38,-10729.38,12666.14,85.237302842425,
14512.0,3021532.21,1083317.73,-10587.07,-10259.74,-10425.6,-10470.36,-10535.36,-10566.36,-10729.36,12666.16,89.03075054699322,
14513.0,3021531.67,1083318.57,-10587.06,-10259.72,-10425.58,-10470.34,-10535.34,-10566.34,-10729.34,12666.17,93.42150907797134,
14514.0,3021531.13,1083319.41,-10587.06,-10259.7,-10425.56,-10470.32,-10535.32,-10566.32,-10729.32,12666.19,,
14515.0,3021530.59,1083320.26,-10587.06,-10259.68,-10425.54,-10470.3,-10535.3,-10566.3,-10729.3,12666.21,87.87804544339514,
14516.0,3021530.05,1083321.1,-10587.06,-10259.66,-10425.52,-10470.28,-10535.28,-10566.28,-10729.28,12666.23,79.9767759150956,
14517.0,3021529.51,1083321.94,-10587.06,-10259.64,-10425.5,-10470.26,-10535.26,-10566.26,-10729.26,12666.25,75.37643463800872,
14518.0,3021528.97,1083322.78,-10587.06,-10259.62,-10425.48,-10470.24,-10535.24,-10566.24,-10729.24,12666.26,79.65192265862706,
14519.0,3021528.43,1083323.62,-10587.06,-10259.61,-10425.47,-10470.23,-10535.23,-10566.23,-10729.23,12666.28,86.89300653668406,
14520.0,3021527.89,1083324.46,-10587.06,-10259.59,-10425.45,-10470.21,-10535.21,-10566.21,-10729.21,12666.3,92.310720523595,
14521.0,3021527.35,1083325.31,-10587.06,-10259.57,-10425.43,-10470.19,-10535.19,-10566.19,-10729.19,12666.320000000002,94.95146312456517,
14522.0,3021526.81,1083326.15,-10587.06,-10259.55,-10425.41,-10470.17,-10535.17,-10566.17,-10729.17,12666.34,98.46197412188656,
14523.0,3021526.27,1083326.99,-10587.05,-10259.53,-10425.39,-10470.15,-10535.15,-10566.15,-10729.15,12666.36,96.4918963084644,
14524.0,3021525.73,1083327.83,-10587.05,-10259.51,-10425.37,-10470.13,-10535.13,-10566.13,-10729.13,12666.37,91.00082836041538,
14525.0,3021525.19,1083328.67,-10587.05,-10259.49,-10425.35,-10470.11,-10535.11,-10566.11,-10729.11,12666.39,89.02027140968778,
14526.0,3021524.65,1083329.51,-10587.05,-10259.47,-10425.33,-10470.09,-10535.09,-10566.09,-10729.09,12666.41,92.53078240700918,
14527.0,3021524.11,1083330.36,-10587.05,-10259.45,-10425.31,-10470.07,-10535.07,-10566.07,-10729.07,12666.43,96.70147905457314,
14528.0,3021523.57,1083331.2,-10587.05,-10259.43,-10425.29,-10470.05,-10535.05,-10566.05,-10729.05,12666.45,100.22246918919998,
14529.0,3021523.03,1083332.04,-10587.05,-10259.41,-10425.27,-10470.03,-10535.03,-10566.03,-10729.03,12666.47,,
14530.0,3021522.49,1083332.88,-10587.05,-10259.39,-10425.25,-10470.01,-10535.01,-10566.01,-10729.01,12666.490000000002,,
14531.0,3021521.95,1083333.72,-10587.05,-10259.37,-10425.23,-10469.99,-10534.99,-10565.99,-10728.99,12666.51,103.07279453627886,
14532.0,3021521.41,1083334.56,-10587.05,-10259.35,-10425.21,-10469.97,-10534.97,-10565.97,-10728.97,12666.52,104.16262481604431,
14533.0,3021520.87,1083335.4,-10587.05,-10259.34,-10425.2,-10469.96,-10534.96,-10565.96,-10728.96,12666.54,99.99192816848036,
14534.0,3021520.33,1083336.25,-10587.05,-10259.32,-10425.18,-10469.94,-10534.94,-10565.94,-10728.94,12666.56,93.85115370749426,
14535.0,3021519.79,1083337.09,-10587.05,-10259.3,-10425.16,-10469.92,-10534.92,-10565.92,-10728.92,12666.58,92.310720523595,
14536.0,3021519.25,1083337.93,-10587.05,-10259.28,-10425.14,-10469.9,-10534.9,-10565.9,-10728.9,12666.6,,
14537.0,3021518.71,1083338.77,-10587.05,-10259.26,-10425.12,-10469.88,-10534.88,-10565.88,-10728.88,12666.62,94.95146312456517,
14538.0,3021518.17,1083339.61,-10587.05,-10259.24,-10425.1,-10469.86,-10534.86,-10565.86,-10728.86,12666.64,98.46197412188656,
14539.0,3021517.62,1083340.45,-10587.05,-10259.22,-10425.08,-10469.84,-10534.84,-10565.84,-10728.84,12666.66,101.09223758555126,
14540.0,3021517.08,1083341.29,-10587.05,-10259.2,-10425.06,-10469.82,-10534.82,-10565.82,-10728.82,12666.68,100.22246918919998,
14541.0,3021516.54,1083342.13,-10587.05,-10259.18,-10425.04,-10469.8,-10534.8,-10565.8,-10728.8,12666.7,96.70147905457314,
14542.0,3021516.0,1083342.98,-10587.05,-10259.16,-10425.02,-10469.78,-10534.78,-10565.78,-10728.78,12666.71,92.03826295365364,
14543.0,3021515.46,1083343.82,-10587.05,-10259.14,-10425.0,-10469.76,-10534.76,-10565.76,-10728.76,12666.73,86.55767414291007,
14544.0,3021514.92,1083344.66,-10587.05,-10259.12,-10424.98,-10469.74,-10534.74,-10565.74,-10728.74,12666.75,81.9573328658232,
14545.0,3021514.38,1083345.5,-10587.05,-10259.1,-10424.96,-10469.72,-10534.72,-10565.72,-10728.72,12666.77,85.58311437350442,
14546.0,3021513.84,1083346.34,-10587.05,-10259.08,-10424.94,-10469.7,-10534.7,-10565.7,-10728.7,12666.79,,
14547.0,3021513.3,1083347.18,-10587.05,-10259.06,-10424.92,-10469.68,-10534.68,-10565.68,-10728.68,12666.81,98.03232949236364,
14548.0,3021512.76,1083348.02,-10587.05,-10259.05,-10424.91,-10469.67,-10534.67,-10565.67,-10728.67,12666.83,99.78234542237163,
14549.0,3021512.22,1083348.86,-10587.05,-10259.03,-10424.89,-10469.65,-10534.65,-10565.65,-10728.65,12666.85,101.09223758555126,
14550.0,3021511.67,1083349.7,-10587.05,-10259.01,-10424.87,-10469.63,-10534.63,-10565.63,-10728.63,12666.87,,
14551.0,3021511.13,1083350.55,-10587.05,-10258.99,-10424.85,-10469.61,-10534.61,-10565.61,-10728.61,12666.89,99.78234542237163,
14552.0,3021510.59,1083351.39,-10587.05,-10258.97,-10424.83,-10469.59,-10534.59,-10565.59,-10728.59,12666.91,98.03232949236364,
14553.0,3021510.05,1083352.23,-10587.05,-10258.95,-10424.81,-10469.57,-10534.57,-10565.57,-10728.57,12666.93,95.61164877480768,
14554.0,3021509.51,1083353.07,-10587.05,-10258.93,-10424.79,-10469.55,-10534.55,-10565.55,-10728.55,12666.95,100.0024073057858,
14555.0,3021508.97,1083353.91,-10587.05,-10258.91,-10424.77,-10469.53,-10534.53,-10565.53,-10728.53,12666.97,105.48299611652938,
14556.0,3021508.43,1083354.75,-10587.05,-10258.89,-10424.75,-10469.51,-10534.51,-10565.51,-10728.51,12666.990000000002,107.67313581336572,
14557.0,3021507.89,1083355.59,-10587.05,-10258.87,-10424.73,-10469.49,-10534.49,-10565.49,-10728.49,12667.01,106.58330553360028,
14558.0,3021507.35,1083356.43,-10587.05,-10258.85,-10424.71,-10469.47,-10534.47,-10565.47,-10728.47,12667.03,102.19254700262216,
14559.0,3021506.8,1083357.27,-10587.05,-10258.83,-10424.69,-10469.45,-10534.45,-10565.45,-10728.45,12667.05,96.4918963084644,
14560.0,3021506.26,1083358.11,-10587.05,-10258.81,-10424.67,-10469.43,-10534.43,-10565.43,-10728.43,12667.070000000002,94.07121559090842,
14561.0,3021505.72,1083358.95,-10587.05,-10258.79,-10424.65,-10469.41,-10534.41,-10565.41,-10728.41,12667.09,94.5113393577368,
14562.0,3021505.18,1083359.79,-10587.05,-10258.78,-10424.64,-10469.4,-10534.4,-10565.4,-10728.4,12667.11,96.27183442505022,
14563.0,3021504.64,1083360.63,-10587.05,-10258.76,-10424.62,-10469.38,-10534.38,-10565.38,-10728.38,12667.13,96.71195819187858,
14564.0,3021504.1,1083361.48,-10587.05,-10258.74,-10424.6,-10469.36,-10534.36,-10565.36,-10728.36,12667.15,100.0024073057858,
14565.0,3021503.55,1083362.32,-10587.05,-10258.72,-10424.58,-10469.34,-10534.34,-10565.34,-10728.34,12667.17,104.38268669945847,
14566.0,3021503.01,1083363.16,-10587.05,-10258.7,-10424.56,-10469.32,-10534.32,-10565.32,-10728.32,12667.19,107.67313581336572,
14567.0,3021502.47,1083364.0,-10587.06,-10258.68,-10424.54,-10469.3,-10534.3,-10565.3,-10728.3,12667.21,,
14568.0,3021501.93,1083364.84,-10587.06,-10258.66,-10424.52,-10469.28,-10534.28,-10565.28,-10728.28,12667.23,105.70305799994355,
14569.0,3021501.39,1083365.68,-10587.06,-10258.64,-10424.5,-10469.26,-10534.26,-10565.26,-10728.26,12667.25,103.07279453627886,
14570.0,3021500.85,1083366.52,-10587.06,-10258.62,-10424.48,-10469.24,-10534.24,-10565.24,-10728.24,12667.27,101.09223758555126,
14571.0,3021500.3,1083367.36,-10587.06,-10258.6,-10424.46,-10469.22,-10534.22,-10565.22,-10728.22,12667.29,,
14572.0,3021499.76,1083368.2,-10587.06,-10258.58,-10424.44,-10469.2,-10534.2,-10565.2,-10728.2,12667.31,99.56228353895746,
14573.0,3021499.22,1083369.04,-10587.06,-10258.56,-10424.42,-10469.18,-10534.18,-10565.18,-10728.18,12667.33,93.4110299406659,
14574.0,3021498.68,1083369.88,-10587.06,-10258.54,-10424.4,-10469.16,-10534.16,-10565.16,-10728.16,12667.35,88.37056489675068,
14575.0,3021498.14,1083370.72,-10587.06,-10258.52,-10424.38,-10469.14,-10534.14,-10565.14,-10728.14,12667.37,91.22089024382956,
14576.0,3021497.6,1083371.56,-10587.06,-10258.51,-10424.37,-10469.13,-10534.13,-10565.13,-10728.13,12667.39,95.62212791211311,
14577.0,3021497.05,1083372.4,-10587.07,-10258.49,-10424.35,-10469.11,-10534.11,-10565.11,-10728.11,12667.41,96.71195819187858,
14578.0,3021496.51,1083373.24,-10587.07,-10258.47,-10424.33,-10469.09,-10534.09,-10565.09,-10728.09,12667.43,,
14579.0,3021495.97,1083374.08,-10587.07,-10258.45,-10424.31,-10469.07,-10534.07,-10565.07,-10728.07,12667.45,,
14580.0,3021495.43,1083374.92,-10587.07,-10258.43,-10424.29,-10469.05,-10534.05,-10565.05,-10728.05,12667.47,,
14581.0,3021494.89,1083375.76,-10587.07,-10258.41,-10424.27,-10469.03,-10534.03,-10565.03,-10728.03,12667.490000000002,,
14582.0,3021494.34,1083376.6,-10587.07,-10258.39,-10424.25,-10469.01,-10534.01,-10565.01,-10728.01,12667.51,,
14583.0,3021493.8,1083377.45,-10587.07,-10258.37,-10424.23,-10468.99,-10533.99,-10564.99,-10727.99,12667.53,97.15208195870692,
14584.0,3021493.26,1083378.29,-10587.07,-10258.35,-10424.21,-10468.97,-10533.97,-10564.97,-10727.97,12667.55,100.0024073057858,
14585.0,3021492.72,1083379.13,-10587.07,-10258.33,-10424.19,-10468.95,-10533.95,-10564.95,-10727.95,12667.570000000002,106.14318176677192,
14586.0,3021492.18,1083379.97,-10587.07,-10258.31,-10424.17,-10468.93,-10533.93,-10564.93,-10727.93,12667.59,109.44411001798458,
14587.0,3021491.64,1083380.81,-10587.07,-10258.29,-10424.15,-10468.91,-10533.91,-10564.91,-10727.91,12667.61,104.39316583676394,
14588.0,3021491.1,1083381.65,-10587.07,-10258.27,-10424.13,-10468.89,-10533.89,-10564.89,-10727.89,12667.63,101.54284048968506,
14589.0,3021490.56,1083382.49,-10587.07,-10258.25,-10424.11,-10468.87,-10533.87,-10564.87,-10727.87,12667.65,104.38268669945847,
14590.0,3021490.02,1083383.33,-10587.07,-10258.24,-10424.1,-10468.86,-10533.86,-10564.86,-10727.86,12667.67,107.67313581336572,
14591.0,3021489.47,1083384.17,-10587.07,-10258.22,-10424.08,-10468.84,-10533.84,-10564.84,-10727.84,12667.68,108.9935071138508,
14592.0,3021488.93,1083385.01,-10587.07,-10258.2,-10424.06,-10468.82,-10533.82,-10564.82,-10727.82,12667.7,106.14318176677192,
14593.0,3021488.39,1083385.86,-10587.07,-10258.18,-10424.04,-10468.8,-10533.8,-10564.8,-10727.8,12667.72,102.86321179017013,
14594.0,3021487.85,1083386.7,-10587.07,-10258.16,-10424.02,-10468.78,-10533.78,-10564.78,-10727.78,12667.740000000002,104.39316583676394,
14595.0,3021487.31,1083387.54,-10587.07,-10258.14,-10424.0,-10468.76,-10533.76,-10564.76,-10727.76,12667.76,110.10429566822714,
14596.0,3021486.77,1083388.38,-10587.07,-10258.12,-10423.98,-10468.74,-10533.74,-10564.74,-10727.74,12667.78,109.87375464750752,
14597.0,3021486.23,1083389.22,-10587.07,-10258.1,-10423.96,-10468.72,-10533.72,-10564.72,-10727.72,12667.8,108.11325958019408,
14598.0,3021485.69,1083390.06,-10587.07,-10258.08,-10423.94,-10468.7,-10533.7,-10564.7,-10727.7,12667.81,106.58330553360028,
14599.0,3021485.15,1083390.91,-10587.07,-10258.06,-10423.92,-10468.68,-10533.68,-10564.68,-10727.68,12667.83,102.19254700262216,
14600.0,3021484.61,1083391.75,-10587.06,-10258.04,-10423.9,-10468.66,-10533.66,-10564.66,-10727.66,12667.85,99.1221597721291,
14601.0,3021484.07,1083392.59,-10587.06,-10258.02,-10423.88,-10468.64,-10533.64,-10564.64,-10727.64,12667.87,99.34222165554328,
14602.0,3021483.53,1083393.43,-10587.06,-10258.0,-10423.86,-10468.62,-10533.62,-10564.62,-10727.62,12667.89,98.90209788871492,
14603.0,3021482.99,1083394.27,-10587.06,-10257.98,-10423.84,-10468.6,-10533.6,-10564.6,-10727.6,12667.9,95.83171065822188,
14604.0,3021482.45,1083395.11,-10587.06,-10257.96,-10423.82,-10468.58,-10533.58,-10564.58,-10727.58,12667.92,94.07121559090842,
14605.0,3021481.91,1083395.96,-10587.06,-10257.95,-10423.81,-10468.57,-10533.57,-10564.57,-10727.57,12667.94,94.5113393577368,
14606.0,3021481.38,1083396.8,-10587.05,-10257.93,-10423.79,-10468.55,-10533.55,-10564.55,-10727.55,12667.96,96.27183442505022,
14607.0,3021480.84,1083397.64,-10587.05,-10257.91,-10423.77,-10468.53,-10533.53,-10564.53,-10727.53,12667.97,97.15208195870692,
14608.0,3021480.3,1083398.48,-10587.05,-10257.89,-10423.75,-10468.51,-10533.51,-10564.51,-10727.51,12667.990000000002,98.90209788871492,
14609.0,3021479.76,1083399.33,-10587.05,-10257.87,-10423.73,-10468.49,-10533.49,-10564.49,-10727.49,12668.01,100.22246918919998,
14610.0,3021479.22,1083400.17,-10587.04,-10257.85,-10423.71,-10468.47,-10533.47,-10564.47,-10727.47,12668.02,98.90209788871492,
14611.0,3021478.68,1083401.01,-10587.04,-10257.83,-10423.69,-10468.45,-10533.45,-10564.45,-10727.45,12668.04,97.15208195870692,
14612.0,3021478.14,1083401.85,-10587.04,-10257.81,-10423.67,-10468.43,-10533.43,-10564.43,-10727.43,12668.06,95.62212791211311,
14613.0,3021477.6,1083402.7,-10587.04,-10257.79,-10423.65,-10468.41,-10533.41,-10564.41,-10727.41,12668.070000000002,91.22089024382956,
14614.0,3021477.06,1083403.54,-10587.03,-10257.77,-10423.63,-10468.39,-10533.39,-10564.39,-10727.39,12668.09,88.81068866357903,
14615.0,3021476.53,1083404.38,-10587.03,-10257.75,-10423.61,-10468.37,-10533.37,-10564.37,-10727.37,12668.11,89.6804570599303,
14616.0,3021475.99,1083405.22,-10587.03,-10257.73,-10423.59,-10468.35,-10533.35,-10564.35,-10727.35,12668.12,89.02027140968778,
14617.0,3021475.45,1083406.07,-10587.02,-10257.71,-10423.57,-10468.33,-10533.33,-10564.33,-10727.33,12668.14,87.05019359626561,
14618.0,3021474.91,1083406.91,-10587.02,-10257.69,-10423.55,-10468.31,-10533.31,-10564.31,-10727.31,12668.15,89.02027140968778,
14619.0,3021474.37,1083407.75,-10587.02,-10257.68,-10423.54,-10468.3,-10533.3,-10564.3,-10727.3,12668.17,91.66101401065792,
14620.0,3021473.83,1083408.59,-10587.01,-10257.66,-10423.52,-10468.28,-10533.28,-10564.28,-10727.28,12668.19,92.310720523595,
14621.0,3021473.3,1083409.44,-10587.01,-10257.64,-10423.5,-10468.26,-10533.26,-10564.26,-10727.26,12668.2,,
14622.0,3021472.76,1083410.28,-10587.01,-10257.62,-10423.48,-10468.24,-10533.24,-10564.24,-10727.24,12668.22,97.58172658822986,
14623.0,3021472.22,1083411.12,-10587.0,-10257.6,-10423.46,-10468.22,-10533.22,-10564.22,-10727.22,12668.23,96.70147905457314,
14624.0,3021471.68,1083411.97,-10587.0,-10257.58,-10423.44,-10468.2,-10533.2,-10564.2,-10727.2,12668.25,93.19096805725172,
14625.0,3021471.15,1083412.81,-10586.99,-10257.56,-10423.42,-10468.18,-10533.18,-10564.18,-10727.18,12668.26,93.63109182408007,
14626.0,3021470.61,1083413.65,-10586.99,-10257.54,-10423.4,-10468.16,-10533.16,-10564.16,-10727.16,12668.28,95.3915868913935,
14627.0,3021470.07,1083414.5,-10586.98,-10257.52,-10423.38,-10468.14,-10533.14,-10564.14,-10727.14,12668.29,,
14628.0,3021469.53,1083415.34,-10586.98,-10257.5,-10423.36,-10468.12,-10533.12,-10564.12,-10727.12,12668.31,92.981385311143,
14629.0,3021469.0,1083416.18,-10586.97,-10257.48,-10423.34,-10468.1,-10533.1,-10564.1,-10727.1,12668.320000000002,89.02027140968778,
14630.0,3021468.46,1083417.03,-10586.97,-10257.46,-10423.32,-10468.08,-10533.08,-10564.08,-10727.08,12668.34,87.05019359626561,
14631.0,3021467.92,1083417.87,-10586.97,-10257.44,-10423.3,-10468.06,-10533.06,-10564.06,-10727.06,12668.35,89.02027140968778,
14632.0,3021467.39,1083418.71,-10586.96,-10257.42,-10423.28,-10468.04,-10533.04,-10564.04,-10727.04,12668.36,91.66101401065792,
14633.0,3021466.85,1083419.56,-10586.95,-10257.41,-10423.27,-10468.03,-10533.03,-10564.03,-10727.03,12668.38,,
14634.0,3021466.31,1083420.4,-10586.95,-10257.39,-10423.25,-10468.01,-10533.01,-10564.01,-10727.01,12668.39,89.02027140968778,
14635.0,3021465.78,1083421.25,-10586.94,-10257.37,-10423.23,-10467.99,-10532.99,-10563.99,-10726.99,12668.41,86.39000794602308,
14636.0,3021465.24,1083422.09,-10586.94,-10257.35,-10423.21,-10467.97,-10532.97,-10563.97,-10726.97,12668.42,,
14637.0,3021464.7,1083422.93,-10586.93,-10257.33,-10423.19,-10467.95,-10532.95,-10563.95,-10726.95,12668.43,82.28218612229175,
14638.0,3021464.17,1083423.78,-10586.93,-10257.31,-10423.17,-10467.93,-10532.93,-10563.93,-10726.93,12668.45,80.80462776222512,
14639.0,3021463.63,1083424.62,-10586.92,-10257.29,-10423.15,-10467.91,-10532.91,-10563.91,-10726.91,12668.46,,
14640.0,3021463.1,1083425.47,-10586.92,-10257.27,-10423.13,-10467.89,-10532.89,-10563.89,-10726.89,12668.47,80.1444421119826,
14641.0,3021462.56,1083426.31,-10586.91,-10257.25,-10423.11,-10467.87,-10532.87,-10563.87,-10726.87,12668.490000000002,,
14642.0,3021462.02,1083427.15,-10586.9,-10257.23,-10423.09,-10467.85,-10532.85,-10563.85,-10726.85,12668.5,74.88391518465318,
14643.0,3021461.49,1083428.0,-10586.9,-10257.21,-10423.07,-10467.83,-10532.83,-10563.83,-10726.83,12668.51,76.03662028825127,
14644.0,3021460.95,1083428.84,-10586.89,-10257.19,-10423.05,-10467.81,-10532.81,-10563.81,-10726.81,12668.53,83.26722502900284,
14645.0,3021460.42,1083429.69,-10586.88,-10257.17,-10423.03,-10467.79,-10532.79,-10563.79,-10726.79,12668.54,88.69541815321922,
14646.0,3021459.88,1083430.53,-10586.88,-10257.15,-10423.01,-10467.77,-10532.77,-10563.77,-10726.77,12668.55,83.26722502900284,
14647.0,3021459.35,1083431.38,-10586.87,-10257.14,-10423.0,-10467.76,-10532.76,-10563.76,-10726.76,12668.570000000002,76.03662028825127,
14648.0,3021458.81,1083432.22,-10586.86,-10257.12,-10422.98,-10467.74,-10532.74,-10563.74,-10726.74,12668.58,74.22372953441065,
14649.0,3021458.28,1083433.07,-10586.86,-10257.1,-10422.96,-10467.72,-10532.72,-10563.72,-10726.72,12668.59,,
14650.0,3021457.74,1083433.91,-10586.85,-10257.08,-10422.94,-10467.7,-10532.7,-10563.7,-10726.7,12668.6,72.90335823392557,
14651.0,3021457.21,1083434.76,-10586.84,-10257.06,-10422.92,-10467.68,-10532.68,-10563.68,-10726.68,12668.61,,
14652.0,3021456.67,1083435.6,-10586.84,-10257.04,-10422.9,-10467.66,-10532.66,-10563.66,-10726.66,12668.63,68.73266158636164,
14653.0,3021456.14,1083436.45,-10586.83,-10257.02,-10422.88,-10467.64,-10532.64,-10563.64,-10726.64,12668.64,69.18326449049543,
14654.0,3021455.6,1083437.29,-10586.82,-10257.0,-10422.86,-10467.62,-10532.62,-10563.62,-10726.62,12668.65,74.22372953441065,
14655.0,3021455.07,1083438.14,-10586.81,-10256.98,-10422.84,-10467.6,-10532.6,-10563.6,-10726.6,12668.66,77.51417864831788,
14656.0,3021454.53,1083438.98,-10586.81,-10256.96,-10422.82,-10467.58,-10532.58,-10563.58,-10726.58,12668.67,76.20428648513825,
14657.0,3021454.0,1083439.83,-10586.8,-10256.94,-10422.8,-10467.56,-10532.56,-10563.56,-10726.56,12668.68,,
14658.0,3021453.46,1083440.67,-10586.79,-10256.92,-10422.78,-10467.54,-10532.54,-10563.54,-10726.54,12668.7,77.51417864831788,
14659.0,3021452.93,1083441.52,-10586.78,-10256.9,-10422.76,-10467.52,-10532.52,-10563.52,-10726.52,12668.71,74.22372953441065,
14660.0,3021452.39,1083442.36,-10586.77,-10256.88,-10422.74,-10467.5,-10532.5,-10563.5,-10726.5,12668.72,69.61290912001834,
14661.0,3021451.86,1083443.21,-10586.76,-10256.86,-10422.72,-10467.48,-10532.48,-10563.48,-10726.48,12668.73,70.49315665367506,
14662.0,3021451.33,1083444.05,-10586.76,-10256.85,-10422.71,-10467.47,-10532.47,-10563.47,-10726.47,12668.740000000002,72.90335823392557,
14663.0,3021450.79,1083444.9,-10586.75,-10256.83,-10422.69,-10467.45,-10532.45,-10563.45,-10726.45,12668.75,,
14664.0,3021450.26,1083445.74,-10586.74,-10256.81,-10422.67,-10467.43,-10532.43,-10563.43,-10726.43,12668.76,71.14286316661216,
14665.0,3021449.72,1083446.59,-10586.73,-10256.79,-10422.65,-10467.41,-10532.41,-10563.41,-10726.41,12668.77,69.82249186612708,
14666.0,3021449.19,1083447.44,-10586.72,-10256.77,-10422.63,-10467.39,-10532.39,-10563.39,-10726.39,12668.78,,
14667.0,3021448.66,1083448.28,-10586.71,-10256.75,-10422.61,-10467.37,-10532.37,-10563.37,-10726.37,12668.79,69.60242998271292,
14668.0,3021448.12,1083449.13,-10586.7,-10256.73,-10422.59,-10467.35,-10532.35,-10563.35,-10726.35,12668.8,68.73266158636164,
14669.0,3021447.59,1083449.97,-10586.69,-10256.71,-10422.57,-10467.33,-10532.33,-10563.33,-10726.33,12668.81,68.08295507342454,
14670.0,3021447.06,1083450.82,-10586.68,-10256.69,-10422.55,-10467.31,-10532.31,-10563.31,-10726.31,12668.820000000002,68.73266158636164,
14671.0,3021446.52,1083451.66,-10586.68,-10256.67,-10422.53,-10467.29,-10532.29,-10563.29,-10726.29,12668.83,69.60242998271292,
14672.0,3021445.99,1083452.51,-10586.67,-10256.65,-10422.51,-10467.27,-10532.27,-10563.27,-10726.27,12668.84,69.82249186612708,
14673.0,3021445.46,1083453.36,-10586.66,-10256.63,-10422.49,-10467.25,-10532.25,-10563.25,-10726.25,12668.85,69.60242998271292,
14674.0,3021444.93,1083454.2,-10586.65,-10256.61,-10422.47,-10467.23,-10532.23,-10563.23,-10726.23,12668.86,69.93776237648689,
14675.0,3021444.39,1083455.05,-10586.64,-10256.59,-10422.45,-10467.21,-10532.21,-10563.21,-10726.21,12668.87,73.88839714063667,
14676.0,3021443.86,1083455.9,-10586.63,-10256.58,-10422.44,-10467.2,-10532.2,-10563.2,-10726.2,12668.88,78.49921755502896,
14677.0,3021443.33,1083456.74,-10586.62,-10256.56,-10422.42,-10467.18,-10532.18,-10563.18,-10726.18,12668.89,79.70431834515423,
14678.0,3021442.79,1083457.59,-10586.61,-10256.54,-10422.4,-10467.16,-10532.16,-10563.16,-10726.16,12668.9,,
14679.0,3021442.26,1083458.43,-10586.6,-10256.52,-10422.38,-10467.14,-10532.14,-10563.14,-10726.14,12668.91,,
14680.0,3021441.73,1083459.28,-10586.59,-10256.5,-10422.36,-10467.12,-10532.12,-10563.12,-10726.12,12668.92,,
14681.0,3021441.2,1083460.13,-10586.58,-10256.48,-10422.34,-10467.1,-10532.1,-10563.1,-10726.1,12668.93,76.73872248771555,
14682.0,3021440.66,1083460.97,-10586.57,-10256.46,-10422.32,-10467.08,-10532.08,-10563.08,-10726.08,12668.94,73.22821149039413,
14683.0,3021440.13,1083461.82,-10586.56,-10256.44,-10422.3,-10467.06,-10532.06,-10563.06,-10726.06,12668.95,72.02311070026887,
14684.0,3021439.6,1083462.66,-10586.55,-10256.42,-10422.28,-10467.04,-10532.04,-10563.04,-10726.04,12668.96,72.46323446709724,
14685.0,3021439.06,1083463.51,-10586.54,-10256.4,-10422.26,-10467.02,-10532.02,-10563.02,-10726.02,12668.96,72.24317258368305,
14686.0,3021438.53,1083464.36,-10586.53,-10256.38,-10422.24,-10467.0,-10532.0,-10563.0,-10726.0,12668.97,75.31355981417612,
14687.0,3021438.0,1083465.2,-10586.52,-10256.36,-10422.22,-10466.98,-10531.98,-10562.98,-10725.98,12668.98,77.73424053173206,
14688.0,3021437.47,1083466.05,-10586.51,-10256.34,-10422.2,-10466.96,-10531.96,-10562.96,-10725.96,12668.990000000002,78.17436429856042,
14689.0,3021436.93,1083466.9,-10586.49,-10256.32,-10422.18,-10466.94,-10531.94,-10562.94,-10725.94,12669.0,78.83454994880296,
14690.0,3021436.4,1083467.74,-10586.48,-10256.31,-10422.17,-10466.93,-10531.93,-10562.93,-10725.93,12669.01,77.51417864831788,
14691.0,3021435.87,1083468.59,-10586.47,-10256.29,-10422.15,-10466.91,-10531.91,-10562.91,-10725.91,12669.02,73.12342011733976,
14692.0,3021435.34,1083469.43,-10586.46,-10256.27,-10422.13,-10466.89,-10531.89,-10562.89,-10725.89,12669.03,69.82249186612708,
14693.0,3021434.8,1083470.28,-10586.45,-10256.25,-10422.11,-10466.87,-10531.87,-10562.87,-10725.87,12669.03,73.12342011733976,
14694.0,3021434.27,1083471.13,-10586.44,-10256.23,-10422.09,-10466.85,-10531.85,-10562.85,-10725.85,12669.04,77.51417864831788,
14695.0,3021433.74,1083471.97,-10586.43,-10256.21,-10422.07,-10466.83,-10531.83,-10562.83,-10725.83,12669.05,81.29714721558067,
14696.0,3021433.21,1083472.82,-10586.42,-10256.19,-10422.05,-10466.81,-10531.81,-10562.81,-10725.81,12669.06,83.26722502900284,
14697.0,3021432.67,1083473.67,-10586.41,-10256.17,-10422.03,-10466.79,-10531.79,-10562.79,-10725.79,12669.070000000002,84.09507687613235,
14698.0,3021432.14,1083474.51,-10586.4,-10256.15,-10422.01,-10466.77,-10531.77,-10562.77,-10725.77,12669.08,79.9767759150956,
14699.0,3021431.61,1083475.36,-10586.39,-10256.13,-10421.99,-10466.75,-10531.75,-10562.75,-10725.75,12669.08,75.37643463800872,
14700.0,3021431.08,1083476.21,-10586.37,-10256.11,-10421.97,-10466.73,-10531.73,-10562.73,-10725.73,12669.09,74.22372953441065,
14701.0,3021430.54,1083477.05,-10586.36,-10256.09,-10421.95,-10466.71,-10531.71,-10562.71,-10725.71,12669.1,,
14702.0,3021430.01,1083477.9,-10586.35,-10256.07,-10421.93,-10466.69,-10531.69,-10562.69,-10725.69,12669.11,76.20428648513825,
14703.0,3021429.48,1083478.75,-10586.34,-10256.05,-10421.91,-10466.67,-10531.67,-10562.67,-10725.67,12669.12,,
14704.0,3021428.95,1083479.59,-10586.33,-10256.04,-10421.9,-10466.66,-10531.66,-10562.66,-10725.66,12669.12,81.29714721558067,
14705.0,3021428.42,1083480.44,-10586.32,-10256.02,-10421.88,-10466.64,-10531.64,-10562.64,-10725.64,12669.13,83.26722502900284,
14706.0,3021427.88,1083481.29,-10586.31,-10256.0,-10421.86,-10466.62,-10531.62,-10562.62,-10725.62,12669.14,85.237302842425,
14707.0,3021427.35,1083482.13,-10586.29,-10255.98,-10421.84,-10466.6,-10531.6,-10562.6,-10725.6,12669.15,89.03075054699322,
14708.0,3021426.82,1083482.98,-10586.28,-10255.96,-10421.82,-10466.58,-10531.58,-10562.58,-10725.58,12669.15,91.82868020754492,
14709.0,3021426.29,1083483.83,-10586.27,-10255.94,-10421.8,-10466.56,-10531.56,-10562.56,-10725.56,12669.16,89.2508124304074,
14710.0,3021425.76,1083484.67,-10586.26,-10255.92,-10421.78,-10466.54,-10531.54,-10562.54,-10725.54,12669.17,84.86005389942926,
14711.0,3021425.22,1083485.52,-10586.25,-10255.9,-10421.76,-10466.52,-10531.52,-10562.52,-10725.52,12669.18,87.2178597931526,
14712.0,3021424.69,1083486.37,-10586.23,-10255.88,-10421.74,-10466.5,-10531.5,-10562.5,-10725.5,12669.18,90.34064271017284,
14713.0,3021424.16,1083487.21,-10586.22,-10255.86,-10421.72,-10466.48,-10531.48,-10562.48,-10725.48,12669.19,92.310720523595,
14714.0,3021423.63,1083488.06,-10586.21,-10255.84,-10421.7,-10466.46,-10531.46,-10562.46,-10725.46,12669.2,91.66101401065792,
14715.0,3021423.1,1083488.91,-10586.2,-10255.82,-10421.68,-10466.44,-10531.44,-10562.44,-10725.44,12669.21,,
14716.0,3021422.57,1083489.75,-10586.19,-10255.8,-10421.66,-10466.42,-10531.42,-10562.42,-10725.42,12669.21,86.39000794602308,
14717.0,3021422.03,1083490.6,-10586.17,-10255.78,-10421.64,-10466.4,-10531.4,-10562.4,-10725.4,12669.22,,
14718.0,3021421.5,1083491.45,-10586.16,-10255.76,-10421.62,-10466.38,-10531.38,-10562.38,-10725.38,12669.23,89.02027140968778,
14719.0,3021420.97,1083492.29,-10586.15,-10255.75,-10421.61,-10466.37,-10531.37,-10562.37,-10725.37,12669.23,90.50830890705984,
14720.0,3021420.44,1083493.14,-10586.14,-10255.73,-10421.59,-10466.35,-10531.35,-10562.35,-10725.35,12669.240000000002,87.71037924650814,
14721.0,3021419.91,1083493.99,-10586.12,-10255.71,-10421.57,-10466.33,-10531.33,-10562.33,-10725.33,12669.25,,
14722.0,3021419.38,1083494.83,-10586.11,-10255.69,-10421.55,-10466.31,-10531.31,-10562.31,-10725.31,12669.25,92.03826295365364,
14723.0,3021418.84,1083495.68,-10586.1,-10255.67,-10421.53,-10466.29,-10531.29,-10562.29,-10725.29,12669.26,96.70147905457314,
14724.0,3021418.31,1083496.53,-10586.09,-10255.65,-10421.51,-10466.27,-10531.27,-10562.27,-10725.27,12669.27,99.78234542237163,
14725.0,3021417.78,1083497.37,-10586.07,-10255.63,-10421.49,-10466.25,-10531.25,-10562.25,-10725.25,12669.27,97.31974815559391,
14726.0,3021417.25,1083498.22,-10586.06,-10255.61,-10421.47,-10466.23,-10531.23,-10562.23,-10725.23,12669.28,90.35112184747828,
14727.0,3021416.72,1083499.07,-10586.05,-10255.59,-10421.45,-10466.21,-10531.21,-10562.21,-10725.21,12669.29,88.1505030133365,
14728.0,3021416.19,1083499.92,-10586.03,-10255.57,-10421.43,-10466.19,-10531.19,-10562.19,-10725.19,12669.29,89.18793760657476,
14729.0,3021415.65,1083500.76,-10586.02,-10255.55,-10421.41,-10466.17,-10531.17,-10562.17,-10725.17,12669.3,87.71037924650814,
14730.0,3021415.12,1083501.61,-10586.01,-10255.53,-10421.39,-10466.15,-10531.15,-10562.15,-10725.15,12669.3,87.27025547967979,
14731.0,3021414.59,1083502.46,-10586.0,-10255.51,-10421.37,-10466.13,-10531.13,-10562.13,-10725.13,12669.31,,
14732.0,3021414.06,1083503.3,-10585.98,-10255.49,-10421.35,-10466.11,-10531.11,-10562.11,-10725.11,12669.320000000002,99.56228353895746,
14733.0,3021413.53,1083504.15,-10585.97,-10255.48,-10421.34,-10466.1,-10531.1,-10562.1,-10725.1,12669.320000000002,100.66259295602836,
14734.0,3021413.0,1083505.0,-10585.96,-10255.46,-10421.32,-10466.08,-10531.08,-10562.08,-10725.08,12669.33,99.34222165554328,
14735.0,3021412.47,1083505.85,-10585.94,-10255.44,-10421.3,-10466.06,-10531.06,-10562.06,-10725.06,12669.34,,
14736.0,3021411.94,1083506.69,-10585.93,-10255.42,-10421.28,-10466.04,-10531.04,-10562.04,-10725.04,12669.34,98.472453259192,
14737.0,3021411.4,1083507.54,-10585.92,-10255.4,-10421.26,-10466.02,-10531.02,-10562.02,-10725.02,12669.35,97.5922057255353,
14738.0,3021410.87,1083508.39,-10585.9,-10255.38,-10421.24,-10466.0,-10531.0,-10562.0,-10725.0,12669.35,98.90209788871492,
14739.0,3021410.34,1083509.23,-10585.89,-10255.36,-10421.22,-10465.98,-10530.98,-10561.98,-10724.98,12669.36,96.05177254163604,
14740.0,3021409.81,1083510.08,-10585.87,-10255.34,-10421.2,-10465.96,-10530.96,-10561.96,-10724.96,12669.36,91.44095212724372,
14741.0,3021409.28,1083510.93,-10585.86,-10255.32,-10421.18,-10465.94,-10530.94,-10561.94,-10724.94,12669.37,91.22089024382956,
14742.0,3021408.75,1083511.78,-10585.85,-10255.3,-10421.16,-10465.92,-10530.92,-10561.92,-10724.92,12669.37,96.93202007529275,
14743.0,3021408.22,1083512.62,-10585.83,-10255.28,-10421.14,-10465.9,-10530.9,-10561.9,-10724.9,12669.38,99.34222165554328,
14744.0,3021407.69,1083513.47,-10585.82,-10255.26,-10421.12,-10465.88,-10530.88,-10561.88,-10724.88,12669.39,,
14745.0,3021407.16,1083514.32,-10585.81,-10255.24,-10421.1,-10465.86,-10530.86,-10561.86,-10724.86,12669.39,98.472453259192,
14746.0,3021406.63,1083515.17,-10585.79,-10255.22,-10421.08,-10465.84,-10530.84,-10561.84,-10724.84,12669.4,99.78234542237163,
14747.0,3021406.1,1083516.01,-10585.78,-10255.21,-10421.07,-10465.83,-10530.83,-10561.83,-10724.83,12669.4,,
14748.0,3021405.56,1083516.86,-10585.76,-10255.19,-10421.05,-10465.81,-10530.81,-10561.81,-10724.81,12669.41,96.71195819187858,
14749.0,3021405.03,1083517.71,-10585.75,-10255.17,-10421.03,-10465.79,-10530.79,-10561.79,-10724.79,12669.41,94.07121559090842,
14750.0,3021404.5,1083518.55,-10585.73,-10255.15,-10421.01,-10465.77,-10530.77,-10561.77,-10724.77,12669.42,94.5113393577368,
14751.0,3021403.97,1083519.4,-10585.72,-10255.13,-10420.99,-10465.75,-10530.75,-10561.75,-10724.75,12669.42,96.27183442505022,
14752.0,3021403.44,1083520.25,-10585.71,-10255.11,-10420.97,-10465.73,-10530.73,-10561.73,-10724.73,12669.43,,
14753.0,3021402.91,1083521.1,-10585.69,-10255.09,-10420.95,-10465.71,-10530.71,-10561.71,-10724.71,12669.43,,
14754.0,3021402.38,1083521.94,-10585.68,-10255.07,-10420.93,-10465.69,-10530.69,-10561.69,-10724.69,12669.44,,
14755.0,3021401.85,1083522.79,-10585.66,-10255.05,-10420.91,-10465.67,-10530.67,-10561.67,-10724.67,12669.44,98.03232949236364,
14756.0,3021401.32,1083523.64,-10585.65,-10255.03,-10420.89,-10465.65,-10530.65,-10561.65,-10724.65,12669.45,99.78234542237163,
14757.0,3021400.79,1083524.49,-10585.63,-10255.01,-10420.87,-10465.63,-10530.63,-10561.63,-10724.63,12669.45,98.46197412188656,
14758.0,3021400.26,1083525.33,-10585.62,-10254.99,-10420.85,-10465.61,-10530.61,-10561.61,-10724.61,12669.45,94.95146312456517,
14759.0,3021399.73,1083526.18,-10585.6,-10254.97,-10420.83,-10465.59,-10530.59,-10561.59,-10724.59,12669.46,,
14760.0,3021399.2,1083527.03,-10585.59,-10254.95,-10420.81,-10465.57,-10530.57,-10561.57,-10724.57,12669.46,100.43205193530872,
14761.0,3021398.67,1083527.88,-10585.57,-10252.66,-10418.52,-10463.28,-10528.28,-10559.28,-10722.28,12671.75,104.16262481604431,
14762.0,3021398.14,1083528.73,-10585.56,-10252.52,-10418.38,-10463.14,-10528.14,-10559.14,-10722.14,12671.87,99.99192816848036,
14763.0,3021397.61,1083529.57,-10585.54,-10252.37,-10418.23,-10462.99,-10527.99,-10558.99,-10721.99,12672.0,94.2912774743226,
14764.0,3021397.08,1083530.42,-10585.53,-10252.23,-10418.09,-10462.85,-10527.85,-10558.85,-10721.85,12672.13,94.5113393577368,
14765.0,3021396.55,1083531.27,-10585.51,-10252.09,-10417.95,-10462.71,-10527.71,-10558.71,-10721.71,12672.25,96.27183442505022,
14766.0,3021396.02,1083532.12,-10585.5,-10251.95,-10417.81,-10462.57,-10527.57,-10558.57,-10721.57,12672.38,96.71195819187858,
14767.0,3021395.48,1083532.96,-10585.48,-10251.8,-10417.66,-10462.42,-10527.42,-10558.42,-10721.42,12672.51,98.03232949236364,
14768.0,3021394.95,1083533.81,-10585.47,-10251.66,-10417.52,-10462.28,-10527.28,-10558.28,-10721.28,12672.64,,
14769.0,3021394.42,1083534.66,-10585.45,-10251.52,-10417.38,-10462.14,-10527.14,-10558.14,-10721.14,12672.76,92.32119966090046,
14770.0,3021393.89,1083535.51,-10585.44,-10251.38,-10417.24,-10462.0,-10527.0,-10558.0,-10721.0,12672.89,85.31065680356305,
14771.0,3021393.36,1083536.35,-10585.42,-10251.24,-10417.1,-10461.86,-10526.86,-10557.86,-10720.86,12673.02,83.56064087355507,
14772.0,3021392.83,1083537.2,-10585.41,-10251.09,-10416.95,-10461.71,-10526.71,-10557.71,-10720.71,12673.15,,
14773.0,3021392.3,1083538.05,-10585.39,-10250.95,-10416.81,-10461.57,-10526.57,-10557.57,-10720.57,12673.27,,
14774.0,3021391.77,1083538.9,-10585.38,-10250.81,-10416.67,-10461.43,-10526.43,-10557.43,-10720.43,12673.4,,
14775.0,3021391.24,1083539.75,-10585.37,-10250.67,-10416.53,-10461.29,-10526.29,-10557.29,-10720.29,12673.53,,
14776.0,3021390.71,1083540.59,-10585.35,-10250.52,-10416.38,-10461.14,-10526.14,-10557.14,-10720.14,12673.66,,
14777.0,3021390.18,1083541.44,-10585.34,-10250.38,-10416.24,-10461.0,-10526.0,-10557.0,-10720.0,12673.79,,
14778.0,3021389.65,1083542.29,-10585.32,-10250.24,-10416.1,-10460.86,-10525.86,-10556.86,-10719.86,12673.91,82.62799765337118,
14779.0,3021389.12,1083543.14,-10585.31,-10250.1,-10415.96,-10460.72,-10525.72,-10556.72,-10719.72,12674.04,78.88694563533015,
14780.0,3021388.59,1083543.99,-10585.29,-10249.95,-10415.81,-10460.57,-10525.57,-10556.57,-10719.57,12674.17,76.30907785819262,
14781.0,3021388.06,1083544.83,-10585.28,-10249.81,-10415.67,-10460.43,-10525.43,-10556.43,-10719.43,12674.3,79.9767759150956,
14782.0,3021387.54,1083545.68,-10585.27,-10249.67,-10415.53,-10460.29,-10525.29,-10556.29,-10719.29,12674.43,86.11755037608172,
14783.0,3021387.01,1083546.53,-10585.25,-10249.53,-10415.39,-10460.15,-10525.15,-10556.15,-10719.15,12674.56,93.4110299406659,
14784.0,3021386.48,1083547.38,-10585.24,-10249.39,-10415.25,-10460.01,-10525.01,-10556.01,-10719.01,12674.68,98.0218503550582,
14785.0,3021385.95,1083548.23,-10585.22,-10249.24,-10415.1,-10459.86,-10524.86,-10555.86,-10718.86,12674.81,93.4110299406659,
14786.0,3021385.42,1083549.07,-10585.21,-10249.1,-10414.96,-10459.72,-10524.72,-10555.72,-10718.72,12674.94,87.93044112992231,
14787.0,3021384.89,1083549.92,-10585.2,-10248.96,-10414.82,-10459.58,-10524.58,-10555.58,-10718.58,12675.070000000002,89.02027140968778,
14788.0,3021384.36,1083550.77,-10585.18,-10248.82,-10414.68,-10459.44,-10524.44,-10555.44,-10718.44,12675.2,91.66101401065792,
14789.0,3021383.83,1083551.62,-10585.17,-10248.67,-10414.53,-10459.29,-10524.29,-10555.29,-10718.29,12675.33,92.310720523595,
14790.0,3021383.3,1083552.47,-10585.16,-10248.53,-10414.39,-10459.15,-10524.15,-10555.15,-10718.15,12675.46,91.66101401065792,
14791.0,3021382.77,1083553.32,-10585.14,-10248.39,-10414.25,-10459.01,-10524.01,-10555.01,-10718.01,12675.58,89.02027140968778,
14792.0,3021382.24,1083554.16,-10585.13,-10248.25,-10414.11,-10458.87,-10523.87,-10554.87,-10717.87,12675.71,91.00082836041538,
14793.0,3021381.71,1083555.01,-10585.12,-10248.11,-10413.97,-10458.73,-10523.73,-10554.73,-10717.73,12675.84,96.05177254163604,
14794.0,3021381.18,1083555.86,-10585.1,-10247.96,-10413.82,-10458.58,-10523.58,-10554.58,-10717.58,12675.97,98.90209788871492,
14795.0,3021380.65,1083556.71,-10585.09,-10247.82,-10413.68,-10458.44,-10523.44,-10554.44,-10717.44,12676.1,97.15208195870692,
14796.0,3021380.12,1083557.56,-10585.08,-10247.68,-10413.54,-10458.3,-10523.3,-10554.3,-10717.3,12676.23,96.71195819187858,
14797.0,3021379.59,1083558.4,-10585.07,-10247.54,-10413.4,-10458.16,-10523.16,-10554.16,-10717.16,12676.36,97.81226760894948,
14798.0,3021379.06,1083559.25,-10585.05,-10247.39,-10413.25,-10458.01,-10523.01,-10554.01,-10717.01,12676.490000000002,102.19254700262216,
14799.0,3021378.53,1083560.1,-10585.04,-10247.25,-10413.11,-10457.87,-10522.87,-10553.87,-10716.87,12676.62,101.97248511920796,
14800.0,3021378.0,1083560.95,-10585.03,-10247.11,-10412.97,-10457.73,-10522.73,-10553.73,-10716.73,12676.75,97.36166470481568,
14801.0,3021377.48,1083561.8,-10585.01,-10246.97,-10412.83,-10457.59,-10522.59,-10553.59,-10716.59,12676.88,94.5113393577368,
14802.0,3021376.95,1083562.65,-10585.0,-10246.82,-10412.68,-10457.44,-10522.44,-10553.44,-10716.44,12677.01,94.95146312456517,
14803.0,3021376.42,1083563.5,-10584.99,-10246.68,-10412.54,-10457.3,-10522.3,-10553.3,-10716.3,12677.14,,
14804.0,3021375.89,1083564.34,-10584.98,-10246.54,-10412.4,-10457.16,-10522.16,-10553.16,-10716.16,12677.27,85.404969039312,
14805.0,3021375.36,1083565.19,-10584.96,-10246.4,-10412.26,-10457.02,-10522.02,-10553.02,-10716.02,12677.4,86.55767414291007,
14806.0,3021374.83,1083566.04,-10584.95,-10246.26,-10412.12,-10456.88,-10521.88,-10552.88,-10715.88,12677.53,91.16849455730237,
14807.0,3021374.3,1083566.89,-10584.94,-10246.11,-10411.97,-10456.73,-10521.73,-10552.73,-10715.73,12677.66,93.19096805725172,
14808.0,3021373.77,1083567.74,-10584.93,-10245.97,-10411.83,-10456.59,-10521.59,-10552.59,-10715.59,12677.79,97.36166470481568,
14809.0,3021373.24,1083568.59,-10584.92,-10245.83,-10411.69,-10456.45,-10521.45,-10552.45,-10715.45,12677.92,103.50243916580176,
14810.0,3021372.71,1083569.44,-10584.9,-10245.69,-10411.55,-10456.31,-10521.31,-10552.31,-10715.31,12678.05,108.33332146360829,
14811.0,3021372.19,1083570.28,-10584.89,-10245.54,-10411.4,-10456.16,-10521.16,-10552.16,-10715.16,12678.18,111.85431159823511,
14812.0,3021371.66,1083571.13,-10584.88,-10245.4,-10411.26,-10456.02,-10521.02,-10552.02,-10715.02,12678.31,117.55496229239289,
14813.0,3021371.13,1083571.98,-10584.87,-10245.26,-10411.12,-10455.88,-10520.88,-10551.88,-10714.88,12678.44,120.62534952288593,
14814.0,3021370.6,1083572.83,-10584.86,-10245.12,-10410.98,-10455.74,-10520.74,-10551.74,-10714.74,12678.570000000002,119.9651638726434,
14815.0,3021370.07,1083573.68,-10584.85,-10247.16,-10413.02,-10457.78,-10522.78,-10553.78,-10716.78,12676.52,116.90525577945576,
14816.0,3021369.54,1083574.53,-10584.83,-10247.08,-10412.94,-10457.7,-10522.7,-10553.7,-10716.7,12676.58,,
14817.0,3021369.01,1083575.38,-10584.82,-10247.01,-10412.87,-10457.63,-10522.63,-10553.63,-10716.63,12676.65,102.85273265286467,
14818.0,3021368.48,1083576.22,-10584.81,-10246.93,-10412.79,-10457.55,-10522.55,-10553.55,-10716.55,12676.71,101.09223758555126,
14819.0,3021367.96,1083577.07,-10584.8,-10246.86,-10412.72,-10457.48,-10522.48,-10553.48,-10716.48,12676.77,99.78234542237163,
14820.0,3021367.43,1083577.92,-10584.79,-10246.78,-10412.64,-10457.4,-10522.4,-10553.4,-10716.4,12676.84,98.03232949236364,
14821.0,3021366.9,1083578.77,-10584.78,-10246.71,-10412.57,-10457.33,-10522.33,-10553.33,-10716.33,12676.9,,
14822.0,3021366.37,1083579.62,-10584.77,-10246.63,-10412.49,-10457.25,-10522.25,-10553.25,-10716.25,12676.97,89.03075054699322,
14823.0,3021365.84,1083580.47,-10584.75,-10246.56,-10412.42,-10457.18,-10522.18,-10553.18,-10716.18,12677.03,85.74030143308599,
14824.0,3021365.31,1083581.32,-10584.74,-10246.48,-10412.34,-10457.1,-10522.1,-10553.1,-10716.1,12677.09,,
14825.0,3021364.78,1083582.17,-10584.73,-10246.4,-10412.26,-10457.02,-10522.02,-10553.02,-10716.02,12677.16,87.71037924650814,
14826.0,3021364.26,1083583.02,-10584.72,-10246.33,-10412.19,-10456.95,-10521.95,-10552.95,-10715.95,12677.22,90.34064271017284,
14827.0,3021363.73,1083583.86,-10584.71,-10246.25,-10412.11,-10456.87,-10521.87,-10552.87,-10715.87,12677.29,92.310720523595,
14828.0,3021363.2,1083584.71,-10584.7,-10246.18,-10412.04,-10456.8,-10521.8,-10552.8,-10715.8,12677.35,90.34064271017284,
14829.0,3021362.67,1083585.56,-10584.69,-10246.1,-10411.96,-10456.72,-10521.72,-10552.72,-10715.72,12677.42,87.71037924650814,
14830.0,3021362.14,1083586.41,-10584.68,-10246.03,-10411.89,-10456.65,-10521.65,-10552.65,-10715.65,12677.48,86.39000794602308,
14831.0,3021361.61,1083587.26,-10584.67,-10245.95,-10411.81,-10456.57,-10521.57,-10552.57,-10715.57,12677.55,89.02027140968778,
14832.0,3021361.09,1083588.11,-10584.66,-10245.88,-10411.74,-10456.5,-10521.5,-10552.5,-10715.5,12677.61,92.53078240700918,
14833.0,3021360.56,1083588.96,-10584.65,-10245.8,-10411.66,-10456.42,-10521.42,-10552.42,-10715.42,12677.68,96.70147905457314,
14834.0,3021360.03,1083589.81,-10584.64,-10245.73,-10411.59,-10456.35,-10521.35,-10552.35,-10715.35,12677.740000000002,99.78234542237163,
14835.0,3021359.5,1083590.66,-10584.63,-10245.65,-10411.51,-10456.27,-10521.27,-10552.27,-10715.27,12677.81,98.90209788871492,
14836.0,3021358.97,1083591.51,-10584.62,-10245.58,-10411.44,-10456.2,-10521.2,-10552.2,-10715.2,12677.87,98.69251514260618,
14837.0,3021358.45,1083592.36,-10584.61,-10245.5,-10411.36,-10456.12,-10521.12,-10552.12,-10715.12,12677.94,,
14838.0,3021357.92,1083593.2,-10584.6,-10245.43,-10411.29,-10456.05,-10521.05,-10552.05,-10715.05,12678.0,110.54441943505547,
14839.0,3021357.39,1083594.05,-10584.59,-10245.35,-10411.21,-10455.97,-10520.97,-10551.97,-10714.97,12678.070000000002,114.0549304323769,
14840.0,3021356.86,1083594.9,-10584.58,-10245.28,-10411.14,-10455.9,-10520.9,-10551.9,-10714.9,12678.13,116.6851938960416,
14841.0,3021356.33,1083595.75,-10584.57,-10245.2,-10411.06,-10455.82,-10520.82,-10551.82,-10714.82,12678.2,,
14842.0,3021355.81,1083596.6,-10584.56,-10245.13,-10410.99,-10455.75,-10520.75,-10551.75,-10714.75,12678.26,114.0549304323769,
14843.0,3021355.28,1083597.45,-10584.55,-10245.05,-10410.91,-10455.67,-10520.67,-10551.67,-10714.67,12678.33,112.07437348164927,
14844.0,3021354.75,1083598.3,-10584.54,-10244.98,-10410.84,-10455.6,-10520.6,-10551.6,-10714.6,12678.39,,
14845.0,3021354.22,1083599.15,-10584.53,-10244.9,-10410.76,-10455.52,-10520.52,-10551.52,-10714.52,12678.46,,
14846.0,3021353.7,1083600.0,-10584.52,-10244.83,-10410.69,-10455.45,-10520.45,-10551.45,-10714.45,12678.52,110.75400218116422,
14847.0,3021353.17,1083600.85,-10584.51,-10244.75,-10410.61,-10455.37,-10520.37,-10551.37,-10714.37,12678.59,108.9935071138508,
14848.0,3021352.64,1083601.7,-10584.5,-10244.68,-10410.54,-10455.3,-10520.3,-10551.3,-10714.3,12678.66,107.67313581336572,
14849.0,3021352.11,1083602.55,-10584.49,-10244.6,-10410.46,-10455.22,-10520.22,-10551.22,-10714.22,12678.72,107.0129501631232,
14850.0,3021351.58,1083603.4,-10584.48,-10244.52,-10410.38,-10455.14,-10520.14,-10551.14,-10714.14,12678.79,104.38268669945847,
14851.0,3021351.06,1083604.25,-10584.47,-10244.45,-10410.31,-10455.07,-10520.07,-10551.07,-10714.07,12678.86,100.22246918919998,
14852.0,3021350.53,1083605.09,-10584.47,-10244.37,-10410.23,-10454.99,-10519.99,-10550.99,-10713.99,12678.92,,
14853.0,3021350.0,1083605.94,-10584.46,-10244.3,-10410.16,-10454.92,-10519.92,-10550.92,-10713.92,12678.990000000002,86.77773602632425,
14854.0,3021349.47,1083606.79,-10584.45,-10244.22,-10410.08,-10454.84,-10519.84,-10550.84,-10713.84,12679.05,83.26722502900284,
14855.0,3021348.95,1083607.64,-10584.44,-10244.15,-10410.01,-10454.77,-10519.77,-10550.77,-10713.77,12679.12,81.29714721558067,
14856.0,3021348.42,1083608.49,-10584.43,-10244.07,-10409.93,-10454.69,-10519.69,-10550.69,-10713.69,12679.19,80.80462776222512,
14857.0,3021347.89,1083609.34,-10584.42,-10244.0,-10409.86,-10454.62,-10519.62,-10550.62,-10713.62,12679.25,79.70431834515423,
14858.0,3021347.36,1083610.19,-10584.41,-10243.92,-10409.78,-10454.54,-10519.54,-10550.54,-10713.54,12679.320000000002,,
14859.0,3021346.84,1083611.04,-10584.4,-10243.85,-10409.71,-10454.47,-10519.47,-10550.47,-10713.47,12679.38,70.92280128319797,
14860.0,3021346.31,1083611.89,-10584.39,-10243.77,-10409.63,-10454.39,-10519.39,-10550.39,-10713.39,12679.45,69.60242998271292,
14861.0,3021345.78,1083612.74,-10584.39,-10243.7,-10409.56,-10454.32,-10519.32,-10550.32,-10713.32,12679.52,,
14862.0,3021345.25,1083613.59,-10584.38,-10243.62,-10409.48,-10454.24,-10519.24,-10550.24,-10713.24,12679.58,67.86289319001037,
14863.0,3021344.73,1083614.44,-10584.37,-10243.55,-10409.41,-10454.17,-10519.17,-10550.17,-10713.17,12679.65,67.64283130659618,
14864.0,3021344.2,1083615.29,-10584.36,-10243.47,-10409.33,-10454.09,-10519.09,-10550.09,-10713.09,12679.71,,
14865.0,3021343.67,1083616.14,-10584.35,-10243.4,-10409.26,-10454.02,-10519.02,-10550.02,-10713.02,12679.78,,
14866.0,3021343.14,1083616.99,-10584.33,-10243.32,-10409.18,-10453.94,-10518.94,-10549.94,-10712.94,12679.84,,
14867.0,3021342.62,1083617.84,-10584.32,-10243.25,-10409.11,-10453.87,-10518.87,-10549.87,-10712.87,12679.9,,
14868.0,3021342.09,1083618.69,-10584.31,-10243.17,-10409.03,-10453.79,-10518.79,-10549.79,-10712.79,12679.97,,
14869.0,3021341.56,1083619.54,-10584.3,-10243.1,-10408.96,-10453.72,-10518.72,-10549.72,-10712.72,12680.03,,
14870.0,3021341.03,1083620.39,-10584.29,-10243.02,-10408.88,-10453.64,-10518.64,-10549.64,-10712.64,12680.09,69.62338825732378,
14871.0,3021340.51,1083621.23,-10584.28,-10242.95,-10408.81,-10453.57,-10518.57,-10549.57,-10712.57,12680.16,72.25365172098849,
14872.0,3021339.98,1083622.08,-10584.26,-10242.87,-10408.73,-10453.49,-10518.49,-10549.49,-10712.49,12680.22,77.68184484520488,
14873.0,3021339.45,1083622.93,-10584.25,-10242.8,-10408.66,-10453.42,-10518.42,-10549.42,-10712.42,12680.28,82.28218612229175,
14874.0,3021338.92,1083623.78,-10584.24,-10242.72,-10408.58,-10453.34,-10518.34,-10549.34,-10712.34,12680.35,84.25226393571393,
14875.0,3021338.39,1083624.63,-10584.22,-10242.64,-10408.5,-10453.26,-10518.26,-10549.26,-10712.26,12680.41,82.28218612229175,
14876.0,3021337.87,1083625.48,-10584.21,-10242.57,-10408.43,-10453.19,-10518.19,-10549.19,-10712.19,12680.47,82.39745663265157,
14877.0,3021337.34,1083626.33,-10584.2,-10242.49,-10408.35,-10453.11,-10518.11,-10549.11,-10712.11,12680.53,89.1984167438802,
14878.0,3021336.81,1083627.18,-10584.18,-10242.42,-10408.28,-10453.04,-10518.04,-10549.04,-10712.04,12680.59,97.31974815559391,
14879.0,3021336.28,1083628.03,-10584.17,-10242.34,-10408.2,-10452.96,-10517.96,-10548.96,-10711.96,12680.65,100.66259295602836,
14880.0,3021335.75,1083628.88,-10584.15,-10242.27,-10408.13,-10452.89,-10517.89,-10548.89,-10711.89,12680.71,,
14881.0,3021335.23,1083629.73,-10584.14,-10242.19,-10408.05,-10452.81,-10517.81,-10548.81,-10711.81,12680.77,,
14882.0,3021334.7,1083630.57,-10584.12,-10242.12,-10407.98,-10452.74,-10517.74,-10548.74,-10711.74,12680.83,,
14883.0,3021334.17,1083631.42,-10584.11,-10242.04,-10407.9,-10452.66,-10517.66,-10548.66,-10711.66,12680.89,,
14884.0,3021333.64,1083632.27,-10584.09,-10241.97,-10407.83,-10452.59,-10517.59,-10548.59,-10711.59,12680.95,,
14885.0,3021333.11,1083633.12,-10584.07,-10241.89,-10407.75,-10452.51,-10517.51,-10548.51,-10711.51,12681.01,,
14886.0,3021332.58,1083633.97,-10584.06,-10241.82,-10407.68,-10452.44,-10517.44,-10548.44,-10711.44,12681.070000000002,103.95304206993558,
14887.0,3021332.06,1083634.82,-10584.04,-10241.74,-10407.6,-10452.36,-10517.36,-10548.36,-10711.36,12681.13,106.80336741701446,
14888.0,3021331.53,1083635.67,-10584.02,-10241.67,-10407.53,-10452.29,-10517.29,-10548.29,-10711.29,12681.19,107.46355306725698,
14889.0,3021331.0,1083636.52,-10584.01,-10241.59,-10407.45,-10452.21,-10517.21,-10548.21,-10711.21,12681.240000000002,108.56386248432788,
14890.0,3021330.47,1083637.37,-10583.99,-10241.52,-10407.38,-10452.14,-10517.14,-10548.14,-10711.14,12681.3,107.90367683408536,
14891.0,3021329.94,1083638.21,-10583.97,-10241.48,-10407.34,-10452.1,-10517.1,-10548.1,-10711.1,12681.320000000002,104.60274858287268,
14892.0,3021329.41,1083639.06,-10583.95,-10241.44,-10407.3,-10452.06,-10517.06,-10548.06,-10711.06,12681.34,104.38268669945847,
14893.0,3021328.88,1083639.91,-10583.93,-10241.41,-10407.27,-10452.03,-10517.03,-10548.03,-10711.03,12681.36,107.02342930042865,
14894.0,3021328.36,1083640.76,-10583.91,-10241.37,-10407.23,-10451.99,-10516.99,-10547.99,-10710.99,12681.37,108.12373871749952,
14895.0,3021327.83,1083641.61,-10583.9,-10241.33,-10407.19,-10451.95,-10516.95,-10547.95,-10710.95,12681.39,103.95304206993558,
14896.0,3021327.3,1083642.46,-10583.88,-10241.3,-10407.16,-10451.92,-10516.92,-10547.92,-10710.92,12681.41,104.17310395334977,
14897.0,3021326.77,1083643.31,-10583.86,-10241.26,-10407.12,-10451.88,-10516.88,-10547.88,-10710.88,12681.42,106.58330553360028,
14898.0,3021326.24,1083644.15,-10583.84,-10241.22,-10407.08,-10451.84,-10516.84,-10547.84,-10710.84,12681.44,107.67313581336572,
14899.0,3021325.71,1083645.0,-10583.82,-10241.18,-10407.04,-10451.8,-10516.8,-10547.8,-10710.8,12681.46,103.29285641969304,
14900.0,3021325.18,1083645.85,-10583.79,-10241.15,-10407.01,-10451.77,-10516.77,-10547.77,-10710.77,12681.47,103.7329801865214,
14901.0,3021324.66,1083646.7,-10583.77,-10241.11,-10406.97,-10451.73,-10516.73,-10547.73,-10710.73,12681.490000000002,110.75400218116422,
14902.0,3021324.13,1083647.55,-10583.75,-10241.07,-10406.93,-10451.69,-10516.69,-10547.69,-10710.69,12681.51,115.14476071214236,
14903.0,3021323.6,1083648.4,-10583.73,-10241.04,-10406.9,-10451.66,-10516.66,-10547.66,-10710.66,12681.52,113.16420376141475,
14904.0,3021323.07,1083649.25,-10583.71,-10241.0,-10406.86,-10451.62,-10516.62,-10547.62,-10710.62,12681.54,106.80336741701446,
14905.0,3021322.54,1083650.09,-10583.69,-10240.96,-10406.82,-10451.58,-10516.58,-10547.58,-10710.58,12681.55,103.07279453627886,
14906.0,3021322.01,1083650.94,-10583.66,-10240.93,-10406.79,-10451.55,-10516.55,-10547.55,-10710.55,12681.570000000002,101.09223758555126,
14907.0,3021321.48,1083651.79,-10583.64,-10240.89,-10406.75,-10451.51,-10516.51,-10547.51,-10710.51,12681.58,,
14908.0,3021320.95,1083652.64,-10583.62,-10240.85,-10406.71,-10451.47,-10516.47,-10547.47,-10710.47,12681.59,100.22246918919998,
14909.0,3021320.42,1083653.49,-10583.59,-10240.81,-10406.67,-10451.43,-10516.43,-10547.43,-10710.43,12681.61,96.70147905457314,
14910.0,3021319.89,1083654.34,-10583.57,-10240.78,-10406.64,-10451.4,-10516.4,-10547.4,-10710.4,12681.62,93.63109182408007,
14911.0,3021319.37,1083655.18,-10583.55,-10240.74,-10406.6,-10451.36,-10516.36,-10547.36,-10710.36,12681.63,94.5113393577368,
14912.0,3021318.84,1083656.03,-10583.52,-10240.7,-10406.56,-10451.32,-10516.32,-10547.32,-10710.32,12681.65,97.3721438421211,
14913.0,3021318.31,1083656.88,-10583.5,-10240.67,-10406.53,-10451.29,-10516.29,-10547.29,-10710.29,12681.66,102.19254700262216,
14914.0,3021317.78,1083657.73,-10583.47,-10240.63,-10406.49,-10451.25,-10516.25,-10547.25,-10710.25,12681.67,107.90367683408536,
14915.0,3021317.25,1083658.58,-10583.45,-10240.59,-10406.45,-10451.21,-10516.21,-10547.21,-10710.21,12681.69,110.75400218116422,
14916.0,3021316.72,1083659.42,-10583.42,-10240.55,-10406.41,-10451.17,-10516.17,-10547.17,-10710.17,12681.7,114.0549304323769,
14917.0,3021316.19,1083660.27,-10583.4,-10240.51,-10406.37,-10451.13,-10516.13,-10547.13,-10710.13,12681.71,116.6851938960416,
14918.0,3021315.66,1083661.12,-10583.37,-10240.48,-10406.34,-10451.1,-10516.1,-10547.1,-10710.1,12681.72,115.36482259555652,
14919.0,3021315.13,1083661.97,-10583.35,-10240.44,-10406.3,-10451.06,-10516.06,-10547.06,-10710.06,12681.73,114.26451317848564,
14920.0,3021314.6,1083662.82,-10583.32,-10240.4,-10406.26,-10451.02,-10516.02,-10547.02,-10710.02,12681.75,113.38426564482891,
14921.0,3021314.07,1083663.66,-10583.29,-10240.36,-10406.22,-10450.98,-10515.98,-10546.98,-10709.98,12681.76,112.95462101530602,
14922.0,3021313.54,1083664.51,-10583.26,-10240.32,-10406.18,-10450.94,-10515.94,-10546.94,-10709.94,12681.77,106.58330553360028,
14923.0,3021313.01,1083665.36,-10583.24,-10240.28,-10406.14,-10450.9,-10515.9,-10546.9,-10709.9,12681.78,104.16262481604431,
14924.0,3021312.48,1083666.21,-10583.21,-10240.24,-10406.1,-10450.86,-10515.86,-10546.86,-10709.86,12681.79,106.14318176677192,
14925.0,3021311.95,1083667.06,-10583.18,-10240.21,-10406.07,-10450.83,-10515.83,-10546.83,-10709.83,12681.81,,
14926.0,3021311.42,1083667.9,-10583.15,-10240.16,-10406.02,-10450.78,-10515.78,-10546.78,-10709.78,12681.820000000002,113.61480666554854,
14927.0,3021310.89,1083668.75,-10583.12,-10240.12,-10405.98,-10450.74,-10515.74,-10546.74,-10709.74,12681.83,116.6851938960416,
14928.0,3021310.36,1083669.6,-10583.1,-10240.08,-10405.94,-10450.7,-10515.7,-10546.7,-10709.7,12681.84,116.90525577945576,
14929.0,3021309.83,1083670.45,-10583.07,-10240.04,-10405.9,-10450.66,-10515.66,-10546.66,-10709.66,12681.85,109.87375464750752,
14930.0,3021309.31,1083671.29,-10583.04,-10240.0,-10405.86,-10450.62,-10515.62,-10546.62,-10709.62,12681.87,105.04287234970104,
14931.0,3021308.78,1083672.14,-10583.01,-10239.96,-10405.82,-10450.58,-10515.58,-10546.58,-10709.58,12681.88,,
14932.0,3021308.25,1083672.99,-10582.98,-10239.91,-10405.77,-10450.53,-10515.53,-10546.53,-10709.53,12681.89,119.30497822240086,
14933.0,3021307.72,1083673.84,-10582.95,-10239.87,-10405.73,-10450.49,-10515.49,-10546.49,-10709.49,12681.9,115.3543434582511,
14934.0,3021307.19,1083674.68,-10582.92,-10239.83,-10405.69,-10450.45,-10515.45,-10546.45,-10709.45,12681.91,109.65369276409334,
14935.0,3021306.66,1083675.53,-10582.88,-10239.79,-10405.65,-10450.41,-10515.41,-10546.41,-10709.41,12681.93,109.87375464750752,
14936.0,3021306.13,1083676.38,-10582.85,-10239.75,-10405.61,-10450.37,-10515.37,-10546.37,-10709.37,12681.94,111.19412594799256,
14937.0,3021305.6,1083677.23,-10582.82,-10239.7,-10405.56,-10450.32,-10515.32,-10546.32,-10709.32,12681.94,109.87375464750752,
14938.0,3021305.07,1083678.07,-10582.79,-10239.66,-10405.52,-10450.28,-10515.28,-10546.28,-10709.28,12681.95,111.41418783140676,
14939.0,3021304.54,1083678.92,-10582.76,-10239.62,-10405.48,-10450.24,-10515.24,-10546.24,-10709.24,12681.96,115.36482259555652,
14940.0,3021304.01,1083679.77,-10582.73,-10239.58,-10405.44,-10450.2,-10515.2,-10546.2,-10709.2,12681.97,118.65527170946376,
14941.0,3021303.48,1083680.62,-10582.69,-10239.54,-10405.4,-10450.16,-10515.16,-10546.16,-10709.16,12681.98,,
14942.0,3021302.95,1083681.46,-10582.66,-10239.5,-10405.36,-10450.12,-10515.12,-10546.12,-10709.12,12681.990000000002,117.99508605922124,
14943.0,3021302.42,1083682.31,-10582.63,-10239.45,-10405.31,-10450.07,-10515.07,-10546.07,-10709.07,12682.0,,
14944.0,3021301.89,1083683.16,-10582.59,-10239.41,-10405.27,-10450.03,-10515.03,-10546.03,-10709.03,12682.01,112.73455913189184,
14945.0,3021301.35,1083684.0,-10582.56,-10239.37,-10405.23,-10449.99,-10514.99,-10545.99,-10708.99,12682.02,111.63424971482094,
14946.0,3021300.82,1083684.85,-10582.52,-10239.33,-10405.19,-10449.95,-10514.95,-10545.95,-10708.95,12682.02,,
14947.0,3021300.29,1083685.7,-10582.49,-10239.29,-10405.15,-10449.91,-10514.91,-10545.91,-10708.91,12682.03,108.11325958019408,
14948.0,3021299.76,1083686.55,-10582.45,-10239.25,-10405.11,-10449.87,-10514.87,-10545.87,-10708.87,12682.04,107.67313581336572,
14949.0,3021299.23,1083687.39,-10582.42,-10239.2,-10405.06,-10449.82,-10514.82,-10545.82,-10708.82,12682.04,,
14950.0,3021298.7,1083688.24,-10582.38,-10239.16,-10405.02,-10449.78,-10514.78,-10545.78,-10708.78,12682.05,103.72250104921596,
14951.0,3021298.17,1083689.09,-10582.35,-10239.12,-10404.98,-10449.74,-10514.74,-10545.74,-10708.74,12682.06,104.38268669945847,
14952.0,3021297.64,1083689.93,-10582.31,-10239.08,-10404.94,-10449.7,-10514.7,-10545.7,-10708.7,12682.06,,
14953.0,3021297.11,1083690.78,-10582.28,-10239.04,-10404.9,-10449.66,-10514.66,-10545.66,-10708.66,12682.070000000002,119.9651638726434,
14954.0,3021296.58,1083691.63,-10582.24,-10239.0,-10404.86,-10449.62,-10514.62,-10545.62,-10708.62,12682.070000000002,123.26609212385608,
14955.0,3021296.05,1083692.48,-10582.2,-10238.95,-10404.81,-10449.57,-10514.57,-10545.57,-10708.57,12682.08,120.62534952288593,
14956.0,3021295.52,1083693.32,-10582.17,-10238.91,-10404.77,-10449.53,-10514.53,-10545.53,-10708.53,12682.09,114.872303142201,
14957.0,3021294.99,1083694.17,-10582.13,-10238.87,-10404.73,-10449.49,-10514.49,-10545.49,-10708.49,12682.09,,
14958.0,3021294.46,1083695.02,-10582.1,-10238.83,-10404.69,-10449.45,-10514.45,-10545.45,-10708.45,12682.1,95.77931497169467,
14959.0,3021293.93,1083695.86,-10582.06,-10238.79,-10404.65,-10449.41,-10514.41,-10545.41,-10708.41,12682.1,93.96642421785408,
14960.0,3021293.4,1083696.71,-10582.02,-10238.74,-10404.6,-10449.36,-10514.36,-10545.36,-10708.36,12682.11,,
14961.0,3021292.88,1083697.56,-10581.99,-10238.7,-10404.56,-10449.32,-10514.32,-10545.32,-10708.32,12682.11,,
14962.0,3021292.35,1083698.41,-10581.95,-10238.66,-10404.52,-10449.28,-10514.28,-10545.28,-10708.28,12682.12,,
14963.0,3021291.82,1083699.26,-10581.92,-10238.62,-10404.48,-10449.24,-10514.24,-10545.24,-10708.24,12682.13,,
14964.0,3021291.29,1083700.1,-10581.88,-10238.58,-10404.44,-10449.2,-10514.2,-10545.2,-10708.2,12682.13,,
14965.0,3021290.76,1083700.95,-10581.84,-10238.54,-10404.4,-10449.16,-10514.16,-10545.16,-10708.16,12682.14,98.0742460415854,
14966.0,3021290.23,1083701.8,-10581.81,-10238.49,-10404.35,-10449.11,-10514.11,-10545.11,-10708.11,12682.14,,
14967.0,3021289.71,1083702.65,-10581.77,-10238.45,-10404.31,-10449.07,-10514.07,-10545.07,-10708.07,12682.15,109.87375464750752,
14968.0,3021289.18,1083703.5,-10581.73,-10238.41,-10404.27,-10449.03,-10514.03,-10545.03,-10708.03,12682.15,112.29443536506346,
14969.0,3021288.65,1083704.35,-10581.7,-10238.37,-10404.23,-10448.99,-10513.99,-10544.99,-10707.99,12682.16,115.36482259555652,
14970.0,3021288.12,1083705.2,-10581.66,-10238.33,-10404.19,-10448.95,-10513.95,-10544.95,-10707.95,12682.17,116.90525577945576,
14971.0,3021287.6,1083706.05,-10581.63,-10238.29,-10404.15,-10448.91,-10513.91,-10544.91,-10707.91,12682.17,113.16420376141475,
14972.0,3021287.07,1083706.89,-10581.59,-10238.24,-10404.1,-10448.86,-10513.86,-10544.86,-10707.86,12682.18,112.06389434434384,
14973.0,3021286.54,1083707.74,-10581.55,-10238.2,-10404.06,-10448.82,-10513.82,-10544.82,-10707.82,12682.18,114.26451317848564,
14974.0,3021286.02,1083708.59,-10581.52,-10238.16,-10404.02,-10448.78,-10513.78,-10544.78,-10707.78,12682.19,113.16420376141475,
14975.0,3021285.49,1083709.44,-10581.48,-10238.12,-10403.98,-10448.74,-10513.74,-10544.74,-10707.74,12682.19,108.11325958019408,
14976.0,3021284.96,1083710.29,-10581.45,-10238.08,-10403.94,-10448.7,-10513.7,-10544.7,-10707.7,12682.2,104.38268669945847,
14977.0,3021284.44,1083711.14,-10581.41,-10238.04,-10403.9,-10448.66,-10513.66,-10544.66,-10707.66,12682.2,102.85273265286467,
14978.0,3021283.91,1083711.99,-10581.37,-10237.99,-10403.85,-10448.61,-10513.61,-10544.61,-10707.61,12682.21,106.58330553360028,
14979.0,3021283.38,1083712.84,-10581.34,-10237.95,-10403.81,-10448.57,-10513.57,-10544.57,-10707.57,12682.22,109.65369276409334,
14980.0,3021282.86,1083713.69,-10581.3,-10237.91,-10403.77,-10448.53,-10513.53,-10544.53,-10707.53,12682.22,108.9935071138508,
14981.0,3021282.33,1083714.54,-10581.27,-10237.87,-10403.73,-10448.49,-10513.49,-10544.49,-10707.49,12682.23,105.70305799994355,
14982.0,3021281.81,1083715.39,-10581.23,-10237.83,-10403.69,-10448.45,-10513.45,-10544.45,-10707.45,12682.23,103.07279453627886,
14983.0,3021281.28,1083716.24,-10581.19,-10237.78,-10403.64,-10448.4,-10513.4,-10544.4,-10707.4,12682.240000000002,101.09223758555126,
14984.0,3021280.76,1083717.09,-10581.16,-10237.74,-10403.6,-10448.36,-10513.36,-10544.36,-10707.36,12682.240000000002,102.19254700262216,
14985.0,3021280.23,1083717.94,-10581.12,-10237.7,-10403.56,-10448.32,-10513.32,-10544.32,-10707.32,12682.25,,
14986.0,3021279.71,1083718.79,-10581.08,-10237.66,-10403.52,-10448.28,-10513.28,-10544.28,-10707.28,12682.26,110.53394029775004,
14987.0,3021279.18,1083719.64,-10581.05,-10237.62,-10403.48,-10448.24,-10513.24,-10544.24,-10707.24,12682.26,109.87375464750752,
14988.0,3021278.66,1083720.49,-10581.01,-10237.58,-10403.44,-10448.2,-10513.2,-10544.2,-10707.2,12682.27,109.65369276409334,
14989.0,3021278.14,1083721.35,-10580.98,-10237.53,-10403.39,-10448.15,-10513.15,-10544.15,-10707.15,12682.27,115.3543434582511,
14990.0,3021277.61,1083722.2,-10580.94,-10237.49,-10403.35,-10448.11,-10513.11,-10544.11,-10707.11,12682.28,119.30497822240086,
14991.0,3021277.09,1083723.05,-10580.9,-10237.45,-10403.31,-10448.07,-10513.07,-10544.07,-10707.07,12682.28,,
14992.0,3021276.57,1083723.9,-10580.87,-10237.41,-10403.27,-10448.03,-10513.03,-10544.03,-10707.03,12682.29,105.04287234970104,
14993.0,3021276.04,1083724.75,-10580.83,-10237.37,-10403.23,-10447.99,-10512.99,-10543.99,-10706.99,12682.29,109.87375464750752,
14994.0,3021275.52,1083725.6,-10580.8,-10237.33,-10403.19,-10447.95,-10512.95,-10543.95,-10706.95,12682.3,116.90525577945576,
14995.0,3021275.0,1083726.45,-10580.76,-10237.28,-10403.14,-10447.9,-10512.9,-10543.9,-10706.9,12682.31,116.6851938960416,
14996.0,3021274.47,1083727.31,-10580.72,-10237.24,-10403.1,-10447.86,-10512.86,-10543.86,-10706.86,12682.31,114.0549304323769,
14997.0,3021273.95,1083728.16,-10580.69,-10237.2,-10403.06,-10447.82,-10512.82,-10543.82,-10706.82,12682.320000000002,112.07437348164927,
14998.0,3021273.43,1083729.01,-10580.65,-10237.16,-10403.02,-10447.78,-10512.78,-10543.78,-10706.78,12682.320000000002,110.54441943505547,
14999.0,3021272.91,1083729.86,-10580.61,-10237.12,-10402.98,-10447.74,-10512.74,-10543.74,-10706.74,12682.33,104.39316583676394,
15000.0,3021272.38,1083730.71,-10580.58,-10237.08,-10402.94,-10447.7,-10512.7,-10543.7,-10706.7,12682.33,104.83328960359228,
15001.0,3021271.86,1083731.57,-10580.54,-10237.03,-10402.89,-10447.65,-10512.65,-10543.65,-10706.65,12682.34,112.07437348164927,
15002.0,3021271.34,1083732.42,-10580.51,-10236.99,-10402.85,-10447.61,-10512.61,-10543.61,-10706.61,12682.35,115.36482259555652,
15003.0,3021270.82,1083733.27,-10580.47,-10236.95,-10402.81,-10447.57,-10512.57,-10543.57,-10706.57,12682.35,,
15004.0,3021270.3,1083734.12,-10580.43,-10236.91,-10402.77,-10447.53,-10512.53,-10543.53,-10706.53,12682.36,107.0129501631232,
15005.0,3021269.78,1083734.98,-10580.4,-10236.87,-10402.73,-10447.49,-10512.49,-10543.49,-10706.49,12682.36,104.38268669945847,
15006.0,3021269.26,1083735.83,-10580.36,-10236.82,-10402.68,-10447.44,-10512.44,-10543.44,-10706.44,12682.37,101.7524232357938,
15007.0,3021268.73,1083736.68,-10580.33,-10236.78,-10402.64,-10447.4,-10512.4,-10543.4,-10706.4,12682.37,101.09223758555126,
15008.0,3021268.21,1083737.53,-10580.29,-10236.74,-10402.6,-10447.36,-10512.36,-10543.36,-10706.36,12682.38,106.36324365018608,
15009.0,3021267.69,1083738.39,-10580.25,-10236.7,-10402.56,-10447.32,-10512.32,-10543.32,-10706.32,12682.38,113.38426564482891,
15010.0,3021267.17,1083739.24,-10580.22,-10236.66,-10402.52,-10447.28,-10512.28,-10543.28,-10706.28,12682.39,118.65527170946376,
15011.0,3021266.65,1083740.09,-10580.18,-10236.62,-10402.48,-10447.24,-10512.24,-10543.24,-10706.24,12682.4,,
15012.0,3021266.13,1083740.95,-10580.15,-10236.57,-10402.43,-10447.19,-10512.19,-10543.19,-10706.19,12682.4,116.6851938960416,
15013.0,3021265.61,1083741.8,-10580.11,-10236.53,-10402.39,-10447.15,-10512.15,-10543.15,-10706.15,12682.41,114.0549304323769,
15014.0,3021265.09,1083742.65,-10580.07,-10236.49,-10402.35,-10447.11,-10512.11,-10543.11,-10706.11,12682.41,112.07437348164927,
15015.0,3021264.57,1083743.51,-10580.04,-10236.45,-10402.31,-10447.07,-10512.07,-10543.07,-10706.07,12682.42,,
15016.0,3021264.05,1083744.36,-10580.0,-10236.41,-10402.27,-10447.03,-10512.03,-10543.03,-10706.03,12682.42,115.36482259555652,
15017.0,3021263.54,1083745.22,-10579.96,-10236.37,-10402.23,-10446.99,-10511.99,-10542.99,-10705.99,12682.43,119.7451019892292,
15018.0,3021263.02,1083746.07,-10579.93,-10236.32,-10402.18,-10446.94,-10511.94,-10542.94,-10705.94,12682.43,,
15019.0,3021262.5,1083746.92,-10579.89,-10236.28,-10402.14,-10446.9,-10511.9,-10542.9,-10705.9,12682.44,114.92469882872815,
15020.0,3021261.98,1083747.78,-10579.86,-10236.24,-10402.1,-10446.86,-10511.86,-10542.86,-10705.86,12682.45,109.87375464750752,
15021.0,3021261.46,1083748.63,-10579.82,-10236.2,-10402.06,-10446.82,-10511.82,-10542.82,-10705.82,12682.45,107.45307392995156,
15022.0,3021260.94,1083749.49,-10579.78,-10236.16,-10402.02,-10446.78,-10511.78,-10542.78,-10705.78,12682.46,104.38268669945847,
15023.0,3021260.43,1083750.34,-10579.75,-10236.11,-10401.97,-10446.73,-10511.73,-10542.73,-10705.73,12682.46,102.41260888603634,
15024.0,3021259.91,1083751.2,-10579.71,-10236.07,-10401.93,-10446.69,-10511.69,-10542.69,-10705.69,12682.47,104.38268669945847,
15025.0,3021259.39,1083752.05,-10579.68,-10236.03,-10401.89,-10446.65,-10511.65,-10542.65,-10705.65,12682.47,107.0129501631232,
15026.0,3021258.87,1083752.91,-10579.64,-10235.99,-10401.85,-10446.61,-10511.61,-10542.61,-10705.61,12682.48,107.67313581336572,
15027.0,3021258.35,1083753.76,-10579.6,-10235.95,-10401.81,-10446.57,-10511.57,-10542.57,-10705.57,12682.490000000002,107.0129501631232,
15028.0,3021257.84,1083754.62,-10579.57,-10235.91,-10401.77,-10446.53,-10511.53,-10542.53,-10705.53,12682.490000000002,104.38268669945847,
15029.0,3021257.32,1083755.47,-10579.53,-10235.86,-10401.72,-10446.48,-10511.48,-10542.48,-10705.48,12682.5,103.72250104921596,
15030.0,3021256.8,1083756.33,-10579.5,-10235.82,-10401.68,-10446.44,-10511.44,-10542.44,-10705.44,12682.5,105.70305799994355,
15031.0,3021256.29,1083757.18,-10579.46,-10235.78,-10401.64,-10446.4,-10511.4,-10542.4,-10705.4,12682.51,,
15032.0,3021255.77,1083758.04,-10579.42,-10235.74,-10401.6,-10446.36,-10511.36,-10542.36,-10705.36,12682.51,103.07279453627886,
15033.0,3021255.25,1083758.89,-10579.39,-10235.7,-10401.56,-10446.32,-10511.32,-10542.32,-10705.32,12682.52,104.39316583676394,
15034.0,3021254.74,1083759.75,-10579.35,-10235.66,-10401.52,-10446.28,-10511.28,-10542.28,-10705.28,12682.52,105.48299611652938,
15035.0,3021254.22,1083760.61,-10579.31,-10235.61,-10401.47,-10446.23,-10511.23,-10542.23,-10705.23,12682.53,104.39316583676394,
15036.0,3021253.71,1083761.46,-10579.28,-10235.57,-10401.43,-10446.19,-10511.19,-10542.19,-10705.19,12682.54,103.07279453627886,
15037.0,3021253.19,1083762.32,-10579.24,-10235.53,-10401.39,-10446.15,-10511.15,-10542.15,-10705.15,12682.54,105.70305799994355,
15038.0,3021252.68,1083763.17,-10579.21,-10235.49,-10401.35,-10446.11,-10511.11,-10542.11,-10705.11,12682.55,,
15039.0,3021252.16,1083764.03,-10579.17,-10235.45,-10401.31,-10446.07,-10511.07,-10542.07,-10705.07,12682.55,104.16262481604431,
15040.0,3021251.65,1083764.89,-10579.13,-10235.41,-10401.27,-10446.03,-10511.03,-10542.03,-10705.03,12682.56,106.58330553360028,
15041.0,3021251.13,1083765.74,-10579.1,-10235.36,-10401.22,-10445.98,-10510.98,-10541.98,-10704.98,12682.56,107.68361495067116,
15042.0,3021250.62,1083766.6,-10579.06,-10235.32,-10401.18,-10445.94,-10510.94,-10541.94,-10704.94,12682.570000000002,104.39316583676394,
15043.0,3021250.1,1083767.46,-10579.03,-10235.28,-10401.14,-10445.9,-10510.9,-10541.9,-10704.9,12682.58,103.07279453627886,
15044.0,3021249.59,1083768.31,-10578.99,-10235.24,-10401.1,-10445.86,-10510.86,-10541.86,-10704.86,12682.58,105.70305799994355,
15045.0,3021249.07,1083769.17,-10578.95,-10235.2,-10401.06,-10445.82,-10510.82,-10541.82,-10704.82,12682.59,104.38268669945847,
15046.0,3021248.56,1083770.03,-10578.92,-10235.15,-10401.01,-10445.77,-10510.77,-10541.77,-10704.77,12682.59,101.1027167228567,
15047.0,3021248.05,1083770.89,-10578.88,-10235.11,-10400.97,-10445.73,-10510.73,-10541.73,-10704.73,12682.6,102.19254700262216,
15048.0,3021247.53,1083771.74,-10578.85,-10235.07,-10400.93,-10445.69,-10510.69,-10541.69,-10704.69,12682.6,104.60274858287268,
15049.0,3021247.02,1083772.6,-10578.81,-10235.03,-10400.89,-10445.65,-10510.65,-10541.65,-10704.65,12682.61,103.07279453627886,
15050.0,3021246.51,1083773.46,-10578.77,-10234.99,-10400.85,-10445.61,-10510.61,-10541.61,-10704.61,12682.62,106.36324365018608,
15051.0,3021245.99,1083774.31,-10578.74,-10234.95,-10400.81,-10445.57,-10510.57,-10541.57,-10704.57,12682.62,111.41418783140676,
15052.0,3021245.48,1083775.17,-10578.7,-10234.9,-10400.76,-10445.52,-10510.52,-10541.52,-10704.52,12682.63,114.0549304323769,
15053.0,3021244.96,1083776.03,-10578.67,-10234.86,-10400.72,-10445.48,-10510.48,-10541.48,-10704.48,12682.63,112.07437348164927,
15054.0,3021244.45,1083776.89,-10578.63,-10234.82,-10400.68,-10445.44,-10510.44,-10541.44,-10704.44,12682.64,,
15055.0,3021243.94,1083777.74,-10578.59,-10234.78,-10400.64,-10445.4,-10510.4,-10541.4,-10704.4,12682.65,,
15056.0,3021243.42,1083778.6,-10578.56,-10234.74,-10400.6,-10445.36,-10510.36,-10541.36,-10704.36,12682.65,,
15057.0,3021242.91,1083779.46,-10578.52,-10234.7,-10400.56,-10445.32,-10510.32,-10541.32,-10704.32,12682.66,,
15058.0,3021242.4,1083780.31,-10578.49,-10234.65,-10400.51,-10445.27,-10510.27,-10541.27,-10704.27,12682.66,,
15059.0,3021241.88,1083781.17,-10578.45,-10234.61,-10400.47,-10445.23,-10510.23,-10541.23,-10704.23,12682.67,,
15060.0,3021241.37,1083782.03,-10578.42,-10234.57,-10400.43,-10445.19,-10510.19,-10541.19,-10704.19,12682.68,,
15061.0,3021240.85,1083782.89,-10578.38,-10234.53,-10400.39,-10445.15,-10510.15,-10541.15,-10704.15,12682.68,110.75400218116422,
15062.0,3021240.34,1083783.74,-10578.35,-10234.49,-10400.35,-10445.11,-10510.11,-10541.11,-10704.11,12682.69,108.9935071138508,
15063.0,3021239.83,1083784.6,-10578.31,-10234.45,-10400.31,-10445.07,-10510.07,-10541.07,-10704.07,12682.7,107.67313581336572,
15064.0,3021239.31,1083785.46,-10578.28,-10234.4,-10400.26,-10445.02,-10510.02,-10541.02,-10704.02,12682.7,,
15065.0,3021238.8,1083786.31,-10578.24,-10234.36,-10400.22,-10444.98,-10509.98,-10540.98,-10703.98,12682.71,,
15066.0,3021238.29,1083787.17,-10578.21,-10234.32,-10400.18,-10444.94,-10509.94,-10540.94,-10703.94,12682.72,,
15067.0,3021237.77,1083788.03,-10578.17,-10234.28,-10400.14,-10444.9,-10509.9,-10540.9,-10703.9,12682.72,108.11325958019408,
15068.0,3021237.26,1083788.89,-10578.14,-10234.24,-10400.1,-10444.86,-10509.86,-10540.86,-10703.86,12682.73,109.87375464750752,
15069.0,3021236.74,1083789.74,-10578.1,-10234.19,-10400.05,-10444.81,-10509.81,-10540.81,-10703.81,12682.740000000002,110.31387841433586,
15070.0,3021236.23,1083790.6,-10578.07,-10234.15,-10400.01,-10444.77,-10509.77,-10540.77,-10703.77,12682.740000000002,107.02342930042865,
15071.0,3021235.72,1083791.46,-10578.03,-10234.11,-10399.97,-10444.73,-10509.73,-10540.73,-10703.73,12682.75,103.07279453627886,
15072.0,3021235.2,1083792.32,-10578.0,-10234.07,-10399.93,-10444.69,-10509.69,-10540.69,-10703.69,12682.76,101.09223758555126,
15073.0,3021234.69,1083793.17,-10577.96,-10234.03,-10399.89,-10444.65,-10509.65,-10540.65,-10703.65,12682.77,,
15074.0,3021234.18,1083794.03,-10577.93,-10233.99,-10399.85,-10444.61,-10509.61,-10540.61,-10703.61,12682.77,,
15075.0,3021233.66,1083794.89,-10577.89,-10233.94,-10399.8,-10444.56,-10509.56,-10540.56,-10703.56,12682.78,103.29285641969304,
15076.0,3021233.15,1083795.74,-10577.86,-10233.9,-10399.76,-10444.52,-10509.52,-10540.52,-10703.52,12682.79,112.06389434434384,
15077.0,3021232.63,1083796.6,-10577.82,-10233.86,-10399.72,-10444.48,-10509.48,-10540.48,-10703.48,12682.79,119.30497822240086,
15078.0,3021232.12,1083797.46,-10577.79,-10233.82,-10399.68,-10444.44,-10509.44,-10540.44,-10703.44,12682.8,115.3543434582511,
15079.0,3021231.61,1083798.32,-10577.76,-10233.78,-10399.64,-10444.4,-10509.4,-10540.4,-10703.4,12682.81,108.55338334702245,
15080.0,3021231.09,1083799.17,-10577.72,-10233.74,-10399.6,-10444.36,-10509.36,-10540.36,-10703.36,12682.820000000002,104.38268669945847,
15081.0,3021230.58,1083800.03,-10577.69,-10233.69,-10399.55,-10444.31,-10509.31,-10540.31,-10703.31,12682.820000000002,105.04287234970104,
15082.0,3021230.07,1083800.89,-10577.65,-10233.65,-10399.51,-10444.27,-10509.27,-10540.27,-10703.27,12682.83,108.78392436774206,
15083.0,3021229.55,1083801.75,-10577.62,-10233.61,-10399.47,-10444.23,-10509.23,-10540.23,-10703.23,12682.84,,
15084.0,3021229.04,1083802.6,-10577.59,-10233.57,-10399.43,-10444.19,-10509.19,-10540.19,-10703.19,12682.85,103.95304206993558,
15085.0,3021228.52,1083803.46,-10577.55,-10233.53,-10399.39,-10444.15,-10509.15,-10540.15,-10703.15,12682.85,98.90209788871492,
15086.0,3021228.01,1083804.32,-10577.52,-10233.49,-10399.35,-10444.11,-10509.11,-10540.11,-10703.11,12682.86,97.15208195870692,
15087.0,3021227.5,1083805.18,-10577.48,-10233.45,-10399.31,-10444.07,-10509.07,-10540.07,-10703.07,12682.86,96.71195819187858,
15088.0,3021226.98,1083806.03,-10577.45,-10233.41,-10399.27,-10444.03,-10509.03,-10540.03,-10703.03,12682.87,101.32277860627087,
15089.0,3021226.47,1083806.89,-10577.42,-10233.38,-10399.24,-10444.0,-10509.0,-10540.0,-10703.0,12682.87,107.46355306725698,
15090.0,3021225.96,1083807.75,-10577.38,-10233.34,-10399.2,-10443.96,-10508.96,-10539.96,-10702.96,12682.88,112.07437348164927,
15091.0,3021225.44,1083808.6,-10577.35,-10233.3,-10399.16,-10443.92,-10508.92,-10539.92,-10702.92,12682.88,107.46355306725698,
15092.0,3021224.93,1083809.46,-10577.32,-10233.26,-10399.12,-10443.88,-10508.88,-10539.88,-10702.88,12682.88,101.32277860627087,
15093.0,3021224.42,1083810.32,-10577.28,-10233.22,-10399.08,-10443.84,-10508.84,-10539.84,-10702.84,12682.89,100.0024073057858,
15094.0,3021223.9,1083811.18,-10577.25,-10233.19,-10399.05,-10443.81,-10508.81,-10539.81,-10702.81,12682.89,105.70305799994355,
15095.0,3021223.39,1083812.03,-10577.22,-10233.15,-10399.01,-10443.77,-10508.77,-10539.77,-10702.77,12682.9,110.75400218116422,
15096.0,3021222.87,1083812.89,-10577.18,-10233.11,-10398.97,-10443.73,-10508.73,-10539.73,-10702.73,12682.9,112.07437348164927,
15097.0,3021222.36,1083813.75,-10577.15,-10233.08,-10398.94,-10443.7,-10508.7,-10539.7,-10702.7,12682.9,111.63424971482094,
15098.0,3021221.85,1083814.61,-10577.12,-10233.04,-10398.9,-10443.66,-10508.66,-10539.66,-10702.66,12682.91,,
15099.0,3021221.33,1083815.46,-10577.08,-10233.01,-10398.87,-10443.63,-10508.63,-10539.63,-10702.63,12682.91,108.11325958019408,
15100.0,3021220.82,1083816.32,-10577.05,-10232.97,-10398.83,-10443.59,-10508.59,-10539.59,-10702.59,12682.91,107.67313581336572,
15101.0,3021220.31,1083817.18,-10577.02,-10232.93,-10398.79,-10443.55,-10508.55,-10539.55,-10702.55,12682.91,,
15102.0,3021219.79,1083818.04,-10576.98,-10232.9,-10398.76,-10443.52,-10508.52,-10539.52,-10702.52,12682.92,104.38268669945847,
15103.0,3021219.28,1083818.89,-10576.95,-10232.86,-10398.72,-10443.48,-10508.48,-10539.48,-10702.48,12682.92,100.0024073057858,
15104.0,3021218.77,1083819.75,-10576.92,-10232.83,-10398.69,-10443.45,-10508.45,-10539.45,-10702.45,12682.92,,
15105.0,3021218.25,1083820.61,-10576.89,-10232.79,-10398.65,-10443.41,-10508.41,-10539.41,-10702.41,12682.92,104.38268669945847,
15106.0,3021217.74,1083821.47,-10576.85,-10232.76,-10398.62,-10443.38,-10508.38,-10539.38,-10702.38,12682.93,107.67313581336572,
15107.0,3021217.23,1083822.32,-10576.82,-10232.72,-10398.58,-10443.34,-10508.34,-10539.34,-10702.34,12682.93,107.0129501631232,
15108.0,3021216.71,1083823.18,-10576.79,-10232.69,-10398.55,-10443.31,-10508.31,-10539.31,-10702.31,12682.93,106.14318176677192,
15109.0,3021216.2,1083824.04,-10576.75,-10232.65,-10398.51,-10443.27,-10508.27,-10539.27,-10702.27,12682.94,110.53394029775004,
15110.0,3021215.68,1083824.89,-10576.72,-10232.61,-10398.47,-10443.23,-10508.23,-10539.23,-10702.23,12682.94,115.80494636238488,
15111.0,3021215.17,1083825.75,-10576.69,-10232.58,-10398.44,-10443.2,-10508.2,-10539.2,-10702.2,12682.94,113.16420376141475,
15112.0,3021214.66,1083826.61,-10576.66,-10232.54,-10398.4,-10443.16,-10508.16,-10539.16,-10702.16,12682.94,,
15113.0,3021214.14,1083827.47,-10576.62,-10232.51,-10398.37,-10443.13,-10508.13,-10539.13,-10702.13,12682.95,102.19254700262216,
15114.0,3021213.63,1083828.32,-10576.59,-10232.47,-10398.33,-10443.09,-10508.09,-10539.09,-10702.09,12682.95,99.1221597721291,
15115.0,3021213.12,1083829.18,-10576.56,-10232.44,-10398.3,-10443.06,-10508.06,-10539.06,-10702.06,12682.95,99.78234542237163,
15116.0,3021212.6,1083830.04,-10576.53,-10232.4,-10398.26,-10443.02,-10508.02,-10539.02,-10702.02,12682.96,,
15117.0,3021212.09,1083830.9,-10576.5,-10232.37,-10398.23,-10442.99,-10507.99,-10538.99,-10701.99,12682.96,98.03232949236364,
15118.0,3021211.58,1083831.75,-10576.46,-10232.33,-10398.19,-10442.95,-10507.95,-10538.95,-10701.95,12682.96,,
15119.0,3021211.06,1083832.61,-10576.43,-10232.29,-10398.15,-10442.91,-10507.91,-10538.91,-10701.91,12682.97,94.5113393577368,
15120.0,3021210.55,1083833.47,-10576.4,-10232.26,-10398.12,-10442.88,-10507.88,-10538.88,-10701.88,12682.97,94.2912774743226,
15121.0,3021210.04,1083834.33,-10576.37,-10232.22,-10398.08,-10442.84,-10507.84,-10538.84,-10701.84,12682.98,,
15122.0,3021209.52,1083835.18,-10576.34,-10232.19,-10398.05,-10442.81,-10507.81,-10538.81,-10701.81,12682.98,106.14318176677192,
15123.0,3021209.01,1083836.04,-10576.3,-10232.15,-10398.01,-10442.77,-10507.77,-10538.77,-10701.77,12682.98,104.38268669945847,
15124.0,3021208.49,1083836.9,-10576.27,-10232.12,-10397.98,-10442.74,-10507.74,-10538.74,-10701.74,12682.990000000002,100.0024073057858,
15125.0,3021207.98,1083837.76,-10576.24,-10232.08,-10397.94,-10442.7,-10507.7,-10538.7,-10701.7,12682.990000000002,96.71195819187858,
15126.0,3021207.47,1083838.61,-10576.21,-10232.05,-10397.91,-10442.67,-10507.67,-10538.67,-10701.67,12682.990000000002,95.62212791211311,
15127.0,3021206.95,1083839.47,-10576.18,-10232.01,-10397.87,-10442.63,-10507.63,-10538.63,-10701.63,12683.0,,
15128.0,3021206.44,1083840.33,-10576.15,-10231.97,-10397.83,-10442.59,-10507.59,-10538.59,-10701.59,12683.0,86.83013171285143,
15129.0,3021205.93,1083841.19,-10576.12,-10231.94,-10397.8,-10442.56,-10507.56,-10538.56,-10701.56,12683.01,,
15130.0,3021205.41,1083842.04,-10576.08,-10231.9,-10397.76,-10442.52,-10507.52,-10538.52,-10701.52,12683.01,,
15131.0,3021204.9,1083842.9,-10576.05,-10231.87,-10397.73,-10442.49,-10507.49,-10538.49,-10701.49,12683.02,,
15132.0,3021204.39,1083843.76,-10576.02,-10231.83,-10397.69,-10442.45,-10507.45,-10538.45,-10701.45,12683.02,,
15133.0,3021203.87,1083844.62,-10575.99,-10231.8,-10397.66,-10442.42,-10507.42,-10538.42,-10701.42,12683.02,,
15134.0,3021203.36,1083845.47,-10575.96,-10231.76,-10397.62,-10442.38,-10507.38,-10538.38,-10701.38,12683.03,,
15135.0,3021202.85,1083846.33,-10575.93,-10231.73,-10397.59,-10442.35,-10507.35,-10538.35,-10701.35,12683.03,,
15136.0,3021202.33,1083847.19,-10575.9,-10231.69,-10397.55,-10442.31,-10507.31,-10538.31,-10701.31,12683.04,,
15137.0,3021201.82,1083848.05,-10575.87,-10231.65,-10397.51,-10442.27,-10507.27,-10538.27,-10701.27,12683.04,,
15138.0,3021201.31,1083848.9,-10575.84,-10231.62,-10397.48,-10442.24,-10507.24,-10538.24,-10701.24,12683.05,,
15139.0,3021200.79,1083849.76,-10575.8,-10231.58,-10397.44,-10442.2,-10507.2,-10538.2,-10701.2,12683.05,,
15140.0,3021200.28,1083850.62,-10575.77,-10231.55,-10397.41,-10442.17,-10507.17,-10538.17,-10701.17,12683.06,,
15141.0,3021199.77,1083851.48,-10575.74,-10231.51,-10397.37,-10442.13,-10507.13,-10538.13,-10701.13,12683.06,,
15142.0,3021199.25,1083852.34,-10575.71,-10231.48,-10397.34,-10442.1,-10507.1,-10538.1,-10701.1,12683.070000000002,,
15143.0,3021198.74,1083853.19,-10575.68,-10231.44,-10397.3,-10442.06,-10507.06,-10538.06,-10701.06,12683.070000000002,,
15144.0,3021198.23,1083854.05,-10575.65,-10231.41,-10397.27,-10442.03,-10507.03,-10538.03,-10701.03,12683.08,,
15145.0,3021197.71,1083854.91,-10575.62,-10231.37,-10397.23,-10441.99,-10506.99,-10537.99,-10700.99,12683.08,,
15146.0,3021197.2,1083855.77,-10575.59,-10231.33,-10397.19,-10441.95,-10506.95,-10537.95,-10700.95,12683.08,,
15147.0,3021196.69,1083856.62,-10575.56,-10231.3,-10397.16,-10441.92,-10506.92,-10537.92,-10700.92,12683.09,,
15148.0,3021196.18,1083857.48,-10575.53,-10231.26,-10397.12,-10441.88,-10506.88,-10537.88,-10700.88,12683.09,,
15149.0,3021195.66,1083858.34,-10575.5,-10231.23,-10397.09,-10441.85,-10506.85,-10537.85,-10700.85,12683.1,,
15150.0,3021195.15,1083859.2,-10575.47,-10231.19,-10397.05,-10441.81,-10506.81,-10537.81,-10700.81,12683.1,,
15151.0,3021194.64,1083860.06,-10575.43,-10231.16,-10397.02,-10441.78,-10506.78,-10537.78,-10700.78,12683.11,,
15152.0,3021194.13,1083860.92,-10575.4,-10231.12,-10396.98,-10441.74,-10506.74,-10537.74,-10700.74,12683.11,,
15153.0,3021193.61,1083861.77,-10575.37,-10231.08,-10396.94,-10441.7,-10506.7,-10537.7,-10700.7,12683.12,85.74030143308599,
15154.0,3021193.1,1083862.63,-10575.34,-10231.05,-10396.91,-10441.67,-10506.67,-10537.67,-10700.67,12683.12,86.83013171285143,
15155.0,3021192.59,1083863.49,-10575.31,-10231.01,-10396.87,-10441.63,-10506.63,-10537.63,-10700.63,12683.13,,
15156.0,3021192.08,1083864.35,-10575.28,-10230.98,-10396.84,-10441.6,-10506.6,-10537.6,-10700.6,12683.13,95.18200414528476,
15157.0,3021191.57,1083865.21,-10575.25,-10230.94,-10396.8,-10441.56,-10506.56,-10537.56,-10700.56,12683.14,94.5113393577368,
15158.0,3021191.06,1083866.07,-10575.22,-10230.91,-10396.77,-10441.53,-10506.53,-10537.53,-10700.53,12683.14,92.75084429042336,
15159.0,3021190.55,1083866.93,-10575.19,-10230.87,-10396.73,-10441.49,-10506.49,-10537.49,-10700.49,12683.15,92.310720523595,
15160.0,3021190.04,1083867.79,-10575.16,-10230.84,-10396.7,-10441.46,-10506.46,-10537.46,-10700.46,12683.15,,
15161.0,3021189.53,1083868.65,-10575.13,-10230.8,-10396.66,-10441.42,-10506.42,-10537.42,-10700.42,12683.15,91.16849455730237,
15162.0,3021189.02,1083869.51,-10575.09,-10230.76,-10396.62,-10441.38,-10506.38,-10537.38,-10700.38,12683.16,87.05019359626561,
15163.0,3021188.5,1083870.36,-10575.06,-10230.73,-10396.59,-10441.35,-10506.35,-10537.35,-10700.35,12683.16,84.41993013260091,
15164.0,3021187.99,1083871.22,-10575.03,-10230.69,-10396.55,-10441.31,-10506.31,-10537.31,-10700.31,12683.17,85.237302842425,
15165.0,3021187.48,1083872.08,-10575.0,-10230.66,-10396.52,-10441.28,-10506.28,-10537.28,-10700.28,12683.17,84.25226393571393,
15166.0,3021186.97,1083872.94,-10574.97,-10230.62,-10396.48,-10441.24,-10506.24,-10537.24,-10700.24,12683.18,82.28218612229175,
15167.0,3021186.46,1083873.8,-10574.94,-10230.59,-10396.45,-10441.21,-10506.21,-10537.21,-10700.21,12683.18,,
15168.0,3021185.96,1083874.66,-10574.91,-10230.55,-10396.41,-10441.17,-10506.17,-10537.17,-10700.17,12683.19,73.12342011733976,
15169.0,3021185.45,1083875.52,-10574.88,-10230.52,-10396.38,-10441.14,-10506.14,-10537.14,-10700.14,12683.19,,
15170.0,3021184.94,1083876.38,-10574.85,-10230.48,-10396.34,-10441.1,-10506.1,-10537.1,-10700.1,12683.2,77.51417864831788,
15171.0,3021184.43,1083877.24,-10574.81,-10230.44,-10396.3,-10441.06,-10506.06,-10537.06,-10700.06,12683.2,76.85399299807536,
15172.0,3021183.92,1083878.1,-10574.78,-10230.41,-10396.27,-10441.03,-10506.03,-10537.03,-10700.03,12683.2,72.91383737123103,
15173.0,3021183.41,1083878.96,-10574.75,-10230.37,-10396.23,-10440.99,-10505.99,-10536.99,-10699.99,12683.21,74.22372953441065,
15174.0,3021182.9,1083879.82,-10574.72,-10230.34,-10396.2,-10440.96,-10505.96,-10536.96,-10699.96,12683.21,79.4947355990455,
15175.0,3021182.39,1083880.68,-10574.69,-10230.3,-10396.16,-10440.92,-10505.92,-10536.92,-10699.92,12683.22,,
15176.0,3021181.88,1083881.54,-10574.66,-10230.27,-10396.13,-10440.89,-10505.89,-10536.89,-10699.89,12683.22,83.26722502900284,
15177.0,3021181.37,1083882.41,-10574.63,-10230.23,-10396.09,-10440.85,-10505.85,-10536.85,-10699.85,12683.23,84.09507687613235,
15178.0,3021180.87,1083883.27,-10574.6,-10230.2,-10396.06,-10440.82,-10505.82,-10536.82,-10699.82,12683.23,,
15179.0,3021180.36,1083884.13,-10574.56,-10230.16,-10396.02,-10440.78,-10505.78,-10536.78,-10699.78,12683.23,76.03662028825127,
15180.0,3021179.85,1083884.99,-10574.53,-10230.12,-10395.98,-10440.74,-10505.74,-10536.74,-10699.74,12683.240000000002,77.51417864831788,
15181.0,3021179.34,1083885.85,-10574.5,-10230.09,-10395.95,-10440.71,-10505.71,-10536.71,-10699.71,12683.240000000002,80.1444421119826,
15182.0,3021178.84,1083886.71,-10574.47,-10230.05,-10395.91,-10440.67,-10505.67,-10536.67,-10699.67,12683.25,80.80462776222512,
15183.0,3021178.33,1083887.57,-10574.44,-10230.02,-10395.88,-10440.64,-10505.64,-10536.64,-10699.64,12683.25,,
15184.0,3021177.82,1083888.43,-10574.41,-10229.98,-10395.84,-10440.6,-10505.6,-10536.6,-10699.6,12683.26,78.83454994880296,
15185.0,3021177.31,1083889.29,-10574.38,-10229.95,-10395.81,-10440.57,-10505.57,-10536.57,-10699.57,12683.26,,
15186.0,3021176.81,1083890.15,-10574.35,-10229.91,-10395.77,-10440.53,-10505.53,-10536.53,-10699.53,12683.26,71.14286316661216,
15187.0,3021176.3,1083891.02,-10574.31,-10229.88,-10395.74,-10440.5,-10505.5,-10536.5,-10699.5,12683.27,69.82249186612708,
15188.0,3021175.79,1083891.88,-10574.28,-10229.84,-10395.7,-10440.46,-10505.46,-10536.46,-10699.46,12683.27,70.26261563295544,
15189.0,3021175.29,1083892.74,-10574.25,-10229.8,-10395.66,-10440.42,-10505.42,-10536.42,-10699.42,12683.28,72.02311070026887,
15190.0,3021174.78,1083893.6,-10574.22,-10229.77,-10395.63,-10440.39,-10505.39,-10536.39,-10699.39,12683.28,72.46323446709724,
15191.0,3021174.27,1083894.46,-10574.19,-10229.73,-10395.59,-10440.35,-10505.35,-10536.35,-10699.35,12683.29,,
15192.0,3021173.77,1083895.32,-10574.16,-10229.7,-10395.56,-10440.32,-10505.32,-10536.32,-10699.32,12683.29,69.82249186612708,
15193.0,3021173.26,1083896.19,-10574.13,-10229.66,-10395.52,-10440.28,-10505.28,-10536.28,-10699.28,12683.29,70.26261563295544,
15194.0,3021172.75,1083897.05,-10574.09,-10229.63,-10395.49,-10440.25,-10505.25,-10536.25,-10699.25,12683.3,,
15195.0,3021172.25,1083897.91,-10574.06,-10229.59,-10395.45,-10440.21,-10505.21,-10536.21,-10699.21,12683.3,73.78360576758229,
15196.0,3021171.74,1083898.77,-10574.03,-10229.56,-10395.42,-10440.18,-10505.18,-10536.18,-10699.18,12683.31,76.20428648513825,
15197.0,3021171.24,1083899.63,-10574.0,-10229.52,-10395.38,-10440.14,-10505.14,-10536.14,-10699.14,12683.31,78.17436429856042,
15198.0,3021170.73,1083900.5,-10573.97,-10229.48,-10395.34,-10440.1,-10505.1,-10536.1,-10699.1,12683.31,77.51417864831788,
15199.0,3021170.23,1083901.36,-10573.94,-10229.45,-10395.31,-10440.07,-10505.07,-10536.07,-10699.07,12683.320000000002,73.56354388416813,
15200.0,3021169.72,1083902.22,-10573.9,-10229.41,-10395.27,-10440.03,-10505.03,-10536.03,-10699.03,12683.320000000002,71.14286316661216,
15201.0,3021169.22,1083903.08,-10573.87,-10229.38,-10395.24,-10440.0,-10505.0,-10536.0,-10699.0,12683.33,69.82249186612708,
15202.0,3021168.71,1083903.95,-10573.84,-10229.34,-10395.2,-10439.96,-10504.96,-10535.96,-10698.96,12683.33,71.14286316661216,
15203.0,3021168.21,1083904.81,-10573.81,-10229.31,-10395.17,-10439.93,-10504.93,-10535.93,-10698.93,12683.33,73.56354388416813,
15204.0,3021167.7,1083905.67,-10573.78,-10229.27,-10395.13,-10439.89,-10504.89,-10535.89,-10698.89,12683.34,77.51417864831788,
15205.0,3021167.2,1083906.54,-10573.75,-10229.24,-10395.1,-10439.86,-10504.86,-10535.86,-10698.86,12683.34,79.4947355990455,
15206.0,3021166.7,1083907.4,-10573.71,-10229.2,-10395.06,-10439.82,-10504.82,-10535.82,-10698.82,12683.35,,
15207.0,3021166.19,1083908.26,-10573.68,-10229.16,-10395.02,-10439.78,-10504.78,-10535.78,-10698.78,12683.35,75.54410083489573,
15208.0,3021165.69,1083909.13,-10573.65,-10229.13,-10394.99,-10439.75,-10504.75,-10535.75,-10698.75,12683.35,77.51417864831788,
15209.0,3021165.18,1083909.99,-10573.62,-10229.09,-10394.95,-10439.71,-10504.71,-10535.71,-10698.71,12683.36,79.05461183221713,
15210.0,3021164.68,1083910.85,-10573.59,-10229.06,-10394.92,-10439.68,-10504.68,-10535.68,-10698.68,12683.36,75.31355981417612,
15211.0,3021164.18,1083911.72,-10573.56,-10229.02,-10394.88,-10439.64,-10504.64,-10535.64,-10698.64,12683.36,70.92280128319797,
15212.0,3021163.67,1083912.58,-10573.52,-10228.99,-10394.85,-10439.61,-10504.61,-10535.61,-10698.61,12683.37,69.82249186612708,
15213.0,3021163.17,1083913.44,-10573.49,-10228.95,-10394.81,-10439.57,-10504.57,-10535.57,-10698.57,12683.37,,
15214.0,3021162.67,1083914.31,-10573.46,-10228.91,-10394.77,-10439.53,-10504.53,-10535.53,-10698.53,12683.38,,
15215.0,3021162.16,1083915.17,-10573.43,-10228.88,-10394.74,-10439.5,-10504.5,-10535.5,-10698.5,12683.38,,
15216.0,3021161.66,1083916.03,-10573.4,-10228.84,-10394.7,-10439.46,-10504.46,-10535.46,-10698.46,12683.38,,
15217.0,3021161.16,1083916.9,-10573.37,-10228.81,-10394.67,-10439.43,-10504.43,-10535.43,-10698.43,12683.39,71.41532073655353,
15218.0,3021160.66,1083917.76,-10573.33,-10228.77,-10394.63,-10439.39,-10504.39,-10535.39,-10698.39,12683.39,77.77615708095381,
15219.0,3021160.15,1083918.63,-10573.3,-10228.74,-10394.6,-10439.36,-10504.36,-10535.36,-10698.36,12683.39,82.66991420259292,
15220.0,3021159.65,1083919.49,-10573.27,-10228.7,-10394.56,-10439.32,-10504.32,-10535.32,-10698.32,12683.4,82.28218612229175,
15221.0,3021159.15,1083920.35,-10573.24,-10228.67,-10394.53,-10439.29,-10504.29,-10535.29,-10698.29,12683.4,,
15222.0,3021158.65,1083921.22,-10573.21,-10228.63,-10394.49,-10439.25,-10504.25,-10535.25,-10698.25,12683.41,73.12342011733976,
15223.0,3021158.15,1083922.08,-10573.17,-10228.59,-10394.45,-10439.21,-10504.21,-10535.21,-10698.21,12683.41,71.14286316661216,
15224.0,3021157.65,1083922.95,-10573.14,-10228.56,-10394.42,-10439.18,-10504.18,-10535.18,-10698.18,12683.41,72.90335823392557,
15225.0,3021157.14,1083923.81,-10573.11,-10228.52,-10394.38,-10439.14,-10504.14,-10535.14,-10698.14,12683.42,74.22372953441065,
15226.0,3021156.64,1083924.68,-10573.08,-10228.49,-10394.35,-10439.11,-10504.11,-10535.11,-10698.11,12683.42,,
15227.0,3021156.14,1083925.54,-10573.05,-10228.45,-10394.31,-10439.07,-10504.07,-10535.07,-10698.07,12683.42,72.25365172098849,
15228.0,3021155.64,1083926.41,-10573.01,-10228.42,-10394.28,-10439.04,-10504.04,-10535.04,-10698.04,12683.43,70.27309477026088,
15229.0,3021155.14,1083927.27,-10572.98,-10228.38,-10394.24,-10439.0,-10504.0,-10535.0,-10698.0,12683.43,70.93328042050342,
15230.0,3021154.64,1083928.14,-10572.95,-10228.35,-10394.21,-10438.97,-10503.97,-10534.97,-10697.97,12683.43,72.25365172098849,
15231.0,3021154.14,1083929.0,-10572.92,-10228.31,-10394.17,-10438.93,-10503.93,-10534.93,-10697.93,12683.44,,
15232.0,3021153.64,1083929.87,-10572.89,-10228.27,-10394.13,-10438.89,-10503.89,-10534.89,-10697.89,12683.44,63.04249002950932,
15233.0,3021153.14,1083930.73,-10572.85,-10228.24,-10394.1,-10438.86,-10503.86,-10534.86,-10697.86,12683.44,64.35238219268895,
15234.0,3021152.64,1083931.6,-10572.82,-10228.2,-10394.06,-10438.82,-10503.82,-10534.82,-10697.82,12683.45,,
15235.0,3021152.14,1083932.46,-10572.79,-10228.17,-10394.03,-10438.79,-10503.79,-10534.79,-10697.79,12683.45,70.93328042050342,
15236.0,3021151.64,1083933.33,-10572.76,-10228.13,-10393.99,-10438.75,-10503.75,-10534.75,-10697.75,12683.45,73.56354388416813,
15237.0,3021151.14,1083934.19,-10572.73,-10228.1,-10393.96,-10438.72,-10503.72,-10534.72,-10697.72,12683.46,74.22372953441065,
15238.0,3021150.64,1083935.06,-10572.69,-10228.06,-10393.92,-10438.68,-10503.68,-10534.68,-10697.68,12683.46,73.01862874428538,
15239.0,3021150.14,1083935.92,-10572.66,-10228.03,-10393.89,-10438.65,-10503.65,-10534.65,-10697.65,12683.46,,
15240.0,3021149.64,1083936.79,-10572.63,-10227.99,-10393.85,-10438.61,-10503.61,-10534.61,-10697.61,12683.47,63.35686414867242,
15241.0,3021149.14,1083937.66,-10572.59,-10227.95,-10393.81,-10438.57,-10503.57,-10534.57,-10697.57,12683.47,62.141284221241726,
15242.0,3021148.64,1083938.52,-10572.56,-10227.92,-10393.78,-10438.54,-10503.54,-10534.54,-10697.54,12683.47,,
15243.0,3021148.14,1083939.39,-10572.53,-10227.88,-10393.74,-10438.5,-10503.5,-10534.5,-10697.5,12683.47,,
15244.0,3021147.64,1083940.25,-10572.49,-10227.85,-10393.71,-10438.47,-10503.47,-10534.47,-10697.47,12683.48,,
15245.0,3021147.13,1083941.12,-10572.46,-10227.81,-10393.67,-10438.43,-10503.43,-10534.43,-10697.43,12683.48,,
15246.0,3021146.63,1083941.98,-10572.43,-10227.78,-10393.64,-10438.4,-10503.4,-10534.4,-10697.4,12683.48,,
15247.0,3021146.13,1083942.85,-10572.39,-10227.74,-10393.6,-10438.36,-10503.36,-10534.36,-10697.36,12683.48,,
15248.0,3021145.63,1083943.71,-10572.36,-10227.71,-10393.57,-10438.33,-10503.33,-10534.33,-10697.33,12683.48,,
15249.0,3021145.13,1083944.58,-10572.33,-10227.67,-10393.53,-10438.29,-10503.29,-10534.29,-10697.29,12683.48,64.44669442843788,
15250.0,3021144.63,1083945.44,-10572.29,-10227.63,-10393.49,-10438.25,-10503.25,-10534.25,-10697.25,12683.48,67.95720542575928,
15251.0,3021144.13,1083946.3,-10572.26,-10227.6,-10393.46,-10438.22,-10503.22,-10534.22,-10697.22,12683.490000000002,72.02311070026887,
15252.0,3021143.63,1083947.17,-10572.22,-10227.56,-10393.42,-10438.18,-10503.18,-10534.18,-10697.18,12683.490000000002,73.78360576758229,
15253.0,3021143.13,1083948.03,-10572.19,-10227.53,-10393.39,-10438.15,-10503.15,-10534.15,-10697.15,12683.490000000002,,
15254.0,3021142.63,1083948.9,-10572.15,-10227.49,-10393.35,-10438.11,-10503.11,-10534.11,-10697.11,12683.490000000002,,
15255.0,3021142.12,1083949.76,-10572.12,-10227.46,-10393.32,-10438.08,-10503.08,-10534.08,-10697.08,12683.490000000002,71.80304881685468,
15256.0,3021141.62,1083950.63,-10572.08,-10227.42,-10393.28,-10438.04,-10503.04,-10534.04,-10697.04,12683.490000000002,70.49315665367506,
15257.0,3021141.12,1083951.49,-10572.05,-10227.38,-10393.24,-10438.0,-10503.0,-10534.0,-10697.0,12683.490000000002,68.95272346977582,
15258.0,3021140.62,1083952.36,-10572.01,-10227.35,-10393.21,-10437.97,-10502.97,-10533.97,-10696.97,12683.490000000002,68.29253781953328,
15259.0,3021140.12,1083953.22,-10571.97,-10227.31,-10393.17,-10437.93,-10502.93,-10533.93,-10696.93,12683.490000000002,65.4422124724544,
15260.0,3021139.62,1083954.08,-10571.94,-10227.28,-10393.14,-10437.9,-10502.9,-10533.9,-10696.9,12683.490000000002,64.57244407610312,
15261.0,3021139.11,1083954.95,-10571.9,-10227.24,-10393.1,-10437.86,-10502.86,-10533.86,-10696.86,12683.490000000002,67.63235216929075,
15262.0,3021138.61,1083955.81,-10571.87,-10227.2,-10393.06,-10437.82,-10502.82,-10533.82,-10696.82,12683.490000000002,72.02311070026887,
15263.0,3021138.11,1083956.68,-10571.83,-10227.17,-10393.03,-10437.79,-10502.79,-10533.79,-10696.79,12683.490000000002,71.81352795416014,
15264.0,3021137.61,1083957.54,-10571.79,-10227.13,-10392.99,-10437.75,-10502.75,-10533.75,-10696.75,12683.490000000002,69.62338825732378,
15265.0,3021137.11,1083958.4,-10571.76,-10227.09,-10392.95,-10437.71,-10502.71,-10533.71,-10696.71,12683.490000000002,,
15266.0,3021136.6,1083959.27,-10571.72,-10227.05,-10392.91,-10437.67,-10502.67,-10533.67,-10696.67,12683.5,70.93328042050342,
15267.0,3021136.1,1083960.13,-10571.68,-10227.02,-10392.88,-10437.64,-10502.64,-10533.64,-10696.64,12683.5,70.71321853708925,
15268.0,3021135.6,1083961.0,-10571.65,-10226.98,-10392.84,-10437.6,-10502.6,-10533.6,-10696.6,12683.5,69.17278535319,
15269.0,3021135.1,1083961.86,-10571.61,-10226.94,-10392.8,-10437.56,-10502.56,-10533.56,-10696.56,12683.5,67.86289319001037,
15270.0,3021134.59,1083962.72,-10571.57,-10226.9,-10392.76,-10437.52,-10502.52,-10533.52,-10696.52,12683.5,67.20270753976783,
15271.0,3021134.09,1083963.59,-10571.53,-10226.86,-10392.72,-10437.48,-10502.48,-10533.48,-10696.48,12683.5,68.73266158636164,
15272.0,3021133.59,1083964.45,-10571.5,-10226.82,-10392.68,-10437.44,-10502.44,-10533.44,-10696.44,12683.51,70.70273939978381,
15273.0,3021133.09,1083965.31,-10571.46,-10226.78,-10392.64,-10437.4,-10502.4,-10533.4,-10696.4,12683.51,71.14286316661216,
15274.0,3021132.58,1083966.18,-10571.42,-10226.74,-10392.6,-10437.36,-10502.36,-10533.36,-10696.36,12683.51,,
15275.0,3021132.08,1083967.04,-10571.38,-10226.7,-10392.56,-10437.32,-10502.32,-10533.32,-10696.32,12683.51,72.46323446709724,
15276.0,3021131.58,1083967.91,-10571.34,-10226.66,-10392.52,-10437.28,-10502.28,-10533.28,-10696.28,12683.51,72.90335823392557,
15277.0,3021131.07,1083968.77,-10571.31,-10226.62,-10392.48,-10437.24,-10502.24,-10533.24,-10696.24,12683.51,70.70273939978381,
15278.0,3021130.57,1083969.63,-10571.27,-10226.58,-10392.44,-10437.2,-10502.2,-10533.2,-10696.2,12683.51,71.58298693344052,
15279.0,3021130.07,1083970.49,-10571.23,-10226.54,-10392.4,-10437.16,-10502.16,-10533.16,-10696.16,12683.51,72.90335823392557,
15280.0,3021129.56,1083971.36,-10571.19,-10226.5,-10392.36,-10437.12,-10502.12,-10533.12,-10696.12,12683.51,,
15281.0,3021129.06,1083972.22,-10571.15,-10226.46,-10392.32,-10437.08,-10502.08,-10533.08,-10696.08,12683.51,71.14286316661216,
15282.0,3021128.56,1083973.08,-10571.11,-10226.42,-10392.28,-10437.04,-10502.04,-10533.04,-10696.04,12683.51,69.82249186612708,
15283.0,3021128.05,1083973.95,-10571.07,-10226.38,-10392.24,-10437.0,-10502.0,-10533.0,-10696.0,12683.52,,
15284.0,3021127.55,1083974.81,-10571.03,-10226.35,-10392.21,-10436.97,-10501.97,-10532.97,-10695.97,12683.52,,
15285.0,3021127.05,1083975.67,-10570.99,-10226.31,-10392.17,-10436.93,-10501.93,-10532.93,-10695.93,12683.52,,
15286.0,3021126.54,1083976.54,-10570.95,-10226.27,-10392.13,-10436.89,-10501.89,-10532.89,-10695.89,12683.51,69.17278535319,
15287.0,3021126.04,1083977.4,-10570.91,-10226.23,-10392.09,-10436.85,-10501.85,-10532.85,-10695.85,12683.51,68.3030169568387,
15288.0,3021125.53,1083978.26,-10570.87,-10226.19,-10392.05,-10436.81,-10501.81,-10532.81,-10695.81,12683.51,67.64283130659618,
15289.0,3021125.03,1083979.12,-10570.83,-10226.15,-10392.01,-10436.77,-10501.77,-10532.77,-10695.77,12683.51,,
15290.0,3021124.53,1083979.99,-10570.79,-10226.11,-10391.97,-10436.73,-10501.73,-10532.73,-10695.73,12683.51,,
15291.0,3021124.02,1083980.85,-10570.75,-10226.07,-10391.93,-10436.69,-10501.69,-10532.69,-10695.69,12683.51,67.86289319001037,
15292.0,3021123.52,1083981.71,-10570.71,-10226.03,-10391.89,-10436.65,-10501.65,-10532.65,-10695.65,12683.51,,
15293.0,3021123.01,1083982.57,-10570.67,-10225.99,-10391.85,-10436.61,-10501.61,-10532.61,-10695.61,12683.51,69.60242998271292,
15294.0,3021122.51,1083983.44,-10570.63,-10225.95,-10391.81,-10436.57,-10501.57,-10532.57,-10695.57,12683.51,69.82249186612708,
15295.0,3021122.0,1083984.3,-10570.59,-10225.91,-10391.77,-10436.53,-10501.53,-10532.53,-10695.53,12683.5,69.60242998271292,
15296.0,3021121.5,1083985.16,-10570.54,-10225.87,-10391.73,-10436.49,-10501.49,-10532.49,-10695.49,12683.5,68.73266158636164,
15297.0,3021120.99,1083986.02,-10570.5,-10225.83,-10391.69,-10436.45,-10501.45,-10532.45,-10695.45,12683.5,68.08295507342454,
15298.0,3021120.49,1083986.89,-10570.46,-10225.79,-10391.65,-10436.41,-10501.41,-10532.41,-10695.41,12683.5,68.73266158636164,
15299.0,3021119.98,1083987.75,-10570.42,-10225.75,-10391.61,-10436.37,-10501.37,-10532.37,-10695.37,12683.490000000002,70.04255374954127,
15300.0,3021119.48,1083988.61,-10570.38,-10225.71,-10391.57,-10436.33,-10501.33,-10532.33,-10695.33,12683.490000000002,72.02311070026887,
15301.0,3021118.97,1083989.47,-10570.33,-10225.67,-10391.53,-10436.29,-10501.29,-10532.29,-10695.29,12683.490000000002,74.44379141782484,
15302.0,3021118.47,1083990.33,-10570.29,-10225.64,-10391.5,-10436.26,-10501.26,-10532.26,-10695.26,12683.490000000002,77.51417864831788,
15303.0,3021117.96,1083991.2,-10570.25,-10225.6,-10391.46,-10436.22,-10501.22,-10532.22,-10695.22,12683.48,80.1444421119826,
15304.0,3021117.46,1083992.06,-10570.21,-10225.56,-10391.42,-10436.18,-10501.18,-10532.18,-10695.18,12683.48,76.85399299807536,
15305.0,3021116.95,1083992.92,-10570.16,-10225.52,-10391.38,-10436.14,-10501.14,-10532.14,-10695.14,12683.48,66.49012620299811,
15306.0,3021116.45,1083993.78,-10570.12,-10225.48,-10391.34,-10436.1,-10501.1,-10532.1,-10695.1,12683.47,57.436151571100496,
15307.0,3021115.94,1083994.64,-10570.08,-10225.44,-10391.3,-10436.06,-10501.06,-10532.06,-10695.06,12683.47,59.14425095188673,
15308.0,3021115.44,1083995.51,-10570.04,-10225.4,-10391.26,-10436.02,-10501.02,-10532.02,-10695.02,12683.46,66.60539671335792,
15309.0,3021114.93,1083996.37,-10569.99,-10225.36,-10391.22,-10435.98,-10500.98,-10531.98,-10694.98,12683.46,70.93328042050342,
15310.0,3021114.43,1083997.23,-10569.95,-10225.32,-10391.18,-10435.94,-10500.94,-10531.94,-10694.94,12683.46,72.24317258368305,
15311.0,3021113.92,1083998.09,-10569.9,-10225.28,-10391.14,-10435.9,-10500.9,-10531.9,-10694.9,12683.45,71.14286316661216,
15312.0,3021113.41,1083998.95,-10569.86,-10225.24,-10391.1,-10435.86,-10500.86,-10531.86,-10694.86,12683.45,69.82249186612708,
15313.0,3021112.91,1083999.81,-10569.82,-10225.2,-10391.06,-10435.82,-10500.82,-10531.82,-10694.82,12683.44,,
15314.0,3021112.4,1084000.68,-10569.77,-10225.16,-10391.02,-10435.78,-10500.78,-10531.78,-10694.78,12683.44,,
15315.0,3021111.9,1084001.54,-10569.73,-10225.12,-10390.98,-10435.74,-10500.74,-10531.74,-10694.74,12683.43,,
15316.0,3021111.39,1084002.4,-10569.68,-10225.08,-10390.94,-10435.7,-10500.7,-10531.7,-10694.7,12683.43,,
15317.0,3021110.88,1084003.26,-10569.64,-10225.04,-10390.9,-10435.66,-10500.66,-10531.66,-10694.66,12683.42,69.60242998271292,
15318.0,3021110.38,1084004.12,-10569.59,-10225.0,-10390.86,-10435.62,-10500.62,-10531.62,-10694.62,12683.42,,
15319.0,3021109.87,1084004.98,-10569.55,-10224.97,-10390.83,-10435.59,-10500.59,-10531.59,-10694.59,12683.41,67.86289319001037,
15320.0,3021109.36,1084005.84,-10569.5,-10224.93,-10390.79,-10435.55,-10500.55,-10531.55,-10694.55,12683.41,69.62338825732378,
15321.0,3021108.86,1084006.7,-10569.46,-10224.89,-10390.75,-10435.51,-10500.51,-10531.51,-10694.51,12683.4,72.25365172098849,
15322.0,3021108.35,1084007.56,-10569.41,-10224.85,-10390.71,-10435.47,-10500.47,-10531.47,-10694.47,12683.39,74.22372953441065,
15323.0,3021107.84,1084008.43,-10569.37,-10224.81,-10390.67,-10435.43,-10500.43,-10531.43,-10694.43,12683.39,,
15324.0,3021107.34,1084009.29,-10569.32,-10224.77,-10390.63,-10435.39,-10500.39,-10531.39,-10694.39,12683.38,,
15325.0,3021106.83,1084010.15,-10569.28,-10224.73,-10390.59,-10435.35,-10500.35,-10531.35,-10694.35,12683.38,,
15326.0,3021106.32,1084011.01,-10569.23,-10224.69,-10390.55,-10435.31,-10500.31,-10531.31,-10694.31,12683.37,,
15327.0,3021105.82,1084011.87,-10569.18,-10224.65,-10390.51,-10435.27,-10500.27,-10531.27,-10694.27,12683.36,72.25365172098849,
15328.0,3021105.31,1084012.73,-10569.14,-10224.61,-10390.47,-10435.23,-10500.23,-10531.23,-10694.23,12683.36,69.62338825732378,
15329.0,3021104.8,1084013.59,-10569.09,-10224.57,-10390.43,-10435.19,-10500.19,-10531.19,-10694.19,12683.35,67.64283130659618,
15330.0,3021104.3,1084014.45,-10569.04,-10224.53,-10390.39,-10435.15,-10500.15,-10531.15,-10694.15,12683.34,71.59346607074595,
15331.0,3021103.79,1084015.31,-10569.0,-10224.49,-10390.35,-10435.11,-10500.11,-10531.11,-10694.11,12683.33,76.85399299807536,
15332.0,3021103.28,1084016.17,-10568.95,-10224.45,-10390.31,-10435.07,-10500.07,-10531.07,-10694.07,12683.33,79.70431834515423,
15333.0,3021102.77,1084017.03,-10568.9,-10224.41,-10390.27,-10435.03,-10500.03,-10531.03,-10694.03,12683.320000000002,,
15334.0,3021102.26,1084017.89,-10568.86,-10224.37,-10390.23,-10434.99,-10499.99,-10530.99,-10693.99,12683.31,70.92280128319797,
15335.0,3021101.75,1084018.75,-10568.81,-10224.33,-10390.19,-10434.95,-10499.95,-10530.95,-10693.95,12683.31,69.17278535319,
15336.0,3021101.24,1084019.61,-10568.76,-10224.3,-10390.16,-10434.92,-10499.92,-10530.92,-10693.92,12683.3,68.51259970294745,
15337.0,3021100.73,1084020.47,-10568.72,-10224.26,-10390.12,-10434.88,-10499.88,-10530.88,-10693.88,12683.29,68.73266158636164,
15338.0,3021100.22,1084021.32,-10568.67,-10224.22,-10390.08,-10434.84,-10499.84,-10530.84,-10693.84,12683.29,69.39284723660417,
15339.0,3021099.71,1084022.18,-10568.63,-10224.18,-10390.04,-10434.8,-10499.8,-10530.8,-10693.8,12683.28,68.73266158636164,
15340.0,3021099.2,1084023.04,-10568.58,-10224.14,-10390.0,-10434.76,-10499.76,-10530.76,-10693.76,12683.27,68.51259970294745,
15341.0,3021098.68,1084023.9,-10568.53,-10224.1,-10389.96,-10434.72,-10499.72,-10530.72,-10693.72,12683.27,68.95272346977582,
15342.0,3021098.17,1084024.75,-10568.49,-10224.06,-10389.92,-10434.68,-10499.68,-10530.68,-10693.68,12683.26,,
15343.0,3021097.66,1084025.61,-10568.44,-10224.02,-10389.88,-10434.64,-10499.64,-10530.64,-10693.64,12683.25,68.5230788402529,
15344.0,3021097.14,1084026.47,-10568.4,-10223.98,-10389.84,-10434.6,-10499.6,-10530.6,-10693.6,12683.25,69.61290912001834,
15345.0,3021096.63,1084027.32,-10568.35,-10223.94,-10389.8,-10434.56,-10499.56,-10530.56,-10693.56,12683.240000000002,71.80304881685468,
15346.0,3021096.11,1084028.18,-10568.31,-10223.9,-10389.76,-10434.52,-10499.52,-10530.52,-10693.52,12683.23,72.90335823392557,
15347.0,3021095.6,1084029.03,-10568.26,-10223.86,-10389.72,-10434.48,-10499.48,-10530.48,-10693.48,12683.23,74.22372953441065,
15348.0,3021095.08,1084029.89,-10568.21,-10223.82,-10389.68,-10434.44,-10499.44,-10530.44,-10693.44,12683.22,,
15349.0,3021094.56,1084030.74,-10568.17,-10223.78,-10389.64,-10434.4,-10499.4,-10530.4,-10693.4,12683.22,76.20428648513825,
15350.0,3021094.05,1084031.6,-10568.12,-10223.74,-10389.6,-10434.36,-10499.36,-10530.36,-10693.36,12683.21,78.83454994880296,
15351.0,3021093.53,1084032.45,-10568.08,-10223.7,-10389.56,-10434.32,-10499.32,-10530.32,-10693.32,12683.2,80.1444421119826,
15352.0,3021093.01,1084033.31,-10568.03,-10223.66,-10389.52,-10434.28,-10499.28,-10530.28,-10693.28,12683.2,77.07405488148953,
15353.0,3021092.49,1084034.16,-10567.99,-10223.63,-10389.49,-10434.25,-10499.25,-10530.25,-10693.25,12683.19,73.12342011733976,
15354.0,3021091.97,1084035.01,-10567.94,-10223.59,-10389.45,-10434.21,-10499.21,-10530.21,-10693.21,12683.19,71.80304881685468,
15355.0,3021091.45,1084035.87,-10567.9,-10223.55,-10389.41,-10434.17,-10499.17,-10530.17,-10693.17,12683.18,77.24172107837651,
15356.0,3021090.93,1084036.72,-10567.85,-10223.51,-10389.37,-10434.13,-10499.13,-10530.13,-10693.13,12683.18,81.46481341246766,
15357.0,3021090.41,1084037.57,-10567.81,-10223.47,-10389.33,-10434.09,-10499.09,-10530.09,-10693.09,12683.17,82.7747055756473,
15358.0,3021089.89,1084038.42,-10567.76,-10223.43,-10389.29,-10434.05,-10499.05,-10530.05,-10693.05,12683.17,81.7896666689362,
15359.0,3021089.37,1084039.28,-10567.72,-10223.39,-10389.25,-10434.01,-10499.01,-10530.01,-10693.01,12683.16,82.7747055756473,
15360.0,3021088.84,1084040.13,-10567.67,-10223.35,-10389.21,-10433.97,-10498.97,-10529.97,-10692.97,12683.16,83.26722502900284,
15361.0,3021088.32,1084040.98,-10567.63,-10223.31,-10389.17,-10433.93,-10498.93,-10529.93,-10692.93,12683.15,,
15362.0,3021087.8,1084041.83,-10567.59,-10223.27,-10389.13,-10433.89,-10498.89,-10529.89,-10692.89,12683.15,87.71037924650814,
15363.0,3021087.27,1084042.68,-10567.54,-10223.23,-10389.09,-10433.85,-10498.85,-10529.85,-10692.85,12683.14,88.96787572316059,
15364.0,3021086.75,1084043.53,-10567.5,-10223.19,-10389.05,-10433.81,-10498.81,-10529.81,-10692.81,12683.14,85.57263523619898,
15365.0,3021086.22,1084044.38,-10567.45,-10223.15,-10389.01,-10433.77,-10498.77,-10529.77,-10692.77,12683.13,79.2117988917987,
15366.0,3021085.7,1084045.23,-10567.41,-10223.11,-10388.97,-10433.73,-10498.73,-10529.73,-10692.73,12683.13,78.66688375191596,
15367.0,3021085.17,1084046.08,-10567.36,-10223.07,-10388.93,-10433.69,-10498.69,-10529.69,-10692.69,12683.12,79.3270694021585,
15368.0,3021084.64,1084046.93,-10567.32,-10223.03,-10388.89,-10433.65,-10498.65,-10529.65,-10692.65,12683.12,82.7747055756473,
15369.0,3021084.12,1084047.78,-10567.28,-10222.99,-10388.85,-10433.61,-10498.61,-10529.61,-10692.61,12683.11,85.57263523619898,
15370.0,3021083.59,1084048.62,-10567.23,-10222.95,-10388.81,-10433.57,-10498.57,-10529.57,-10692.57,12683.11,82.87949694870166,
15371.0,3021083.06,1084049.47,-10567.19,-10222.92,-10388.78,-10433.54,-10498.54,-10529.54,-10692.54,12683.1,,
15372.0,3021082.53,1084050.32,-10567.14,-10222.88,-10388.74,-10433.5,-10498.5,-10529.5,-10692.5,12683.1,87.43792167656677,
15373.0,3021082.0,1084051.17,-10567.1,-10222.84,-10388.7,-10433.46,-10498.46,-10529.46,-10692.46,12683.1,90.56070459358702,
15374.0,3021081.47,1084052.01,-10567.06,-10222.8,-10388.66,-10433.42,-10498.42,-10529.42,-10692.42,12683.09,94.73140124115098,
15375.0,3021080.94,1084052.86,-10567.01,-10222.76,-10388.62,-10433.38,-10498.38,-10529.38,-10692.38,12683.09,96.92154093798732,
15376.0,3021080.41,1084053.71,-10566.97,-10222.72,-10388.58,-10433.34,-10498.34,-10529.34,-10692.34,12683.08,94.95146312456517,
15377.0,3021079.88,1084054.55,-10566.93,-10222.68,-10388.54,-10433.3,-10498.3,-10529.3,-10692.3,12683.08,,
15378.0,3021079.35,1084055.4,-10566.88,-10222.64,-10388.5,-10433.26,-10498.26,-10529.26,-10692.26,12683.08,,
15379.0,3021078.82,1084056.24,-10566.84,-10222.6,-10388.46,-10433.22,-10498.22,-10529.22,-10692.22,12683.070000000002,,
15380.0,3021078.28,1084057.09,-10566.8,-10222.56,-10388.42,-10433.18,-10498.18,-10529.18,-10692.18,12683.070000000002,,
15381.0,3021077.75,1084057.93,-10566.75,-10222.52,-10388.38,-10433.14,-10498.14,-10529.14,-10692.14,12683.06,,
15382.0,3021077.22,1084058.78,-10566.71,-10222.48,-10388.34,-10433.1,-10498.1,-10529.1,-10692.1,12683.06,,
15383.0,3021076.68,1084059.62,-10566.67,-10222.44,-10388.3,-10433.06,-10498.06,-10529.06,-10692.06,12683.06,,
15384.0,3021076.15,1084060.47,-10566.63,-10222.4,-10388.26,-10433.02,-10498.02,-10529.02,-10692.02,12683.05,,
15385.0,3021075.61,1084061.31,-10566.58,-10222.36,-10388.22,-10432.98,-10497.98,-10528.98,-10691.98,12683.05,,
15386.0,3021075.08,1084062.15,-10566.54,-10222.32,-10388.18,-10432.94,-10497.94,-10528.94,-10691.94,12683.05,,
15387.0,3021074.54,1084063.0,-10566.5,-10222.28,-10388.14,-10432.9,-10497.9,-10528.9,-10691.9,12683.04,,
15388.0,3021074.0,1084063.84,-10566.46,-10222.24,-10388.1,-10432.86,-10497.86,-10528.86,-10691.86,12683.04,92.310720523595,
15389.0,3021073.47,1084064.68,-10566.41,-10222.21,-10388.07,-10432.83,-10497.83,-10528.83,-10691.83,12683.04,90.34064271017284,
15390.0,3021072.93,1084065.52,-10566.37,-10222.17,-10388.03,-10432.79,-10497.79,-10528.79,-10691.79,12683.04,88.81068866357903,
15391.0,3021072.39,1084066.37,-10566.33,-10222.13,-10387.99,-10432.75,-10497.75,-10528.75,-10691.75,12683.03,91.22089024382956,
15392.0,3021071.85,1084067.21,-10566.29,-10222.09,-10387.95,-10432.71,-10497.71,-10528.71,-10691.71,12683.03,95.62212791211311,
15393.0,3021071.31,1084068.05,-10566.24,-10222.05,-10387.91,-10432.67,-10497.67,-10528.67,-10691.67,12683.03,96.71195819187858,
15394.0,3021070.77,1084068.89,-10566.2,-10222.01,-10387.87,-10432.63,-10497.63,-10528.63,-10691.63,12683.02,,
15395.0,3021070.23,1084069.73,-10566.16,-10221.97,-10387.83,-10432.59,-10497.59,-10528.59,-10691.59,12683.02,93.42150907797134,
15396.0,3021069.69,1084070.57,-10566.12,-10221.93,-10387.79,-10432.55,-10497.55,-10528.55,-10691.55,12683.02,89.03075054699322,
15397.0,3021069.15,1084071.41,-10566.08,-10221.89,-10387.75,-10432.51,-10497.51,-10528.51,-10691.51,12683.02,86.83013171285143,
15398.0,3021068.61,1084072.25,-10566.03,-10221.85,-10387.71,-10432.47,-10497.47,-10528.47,-10691.47,12683.02,,
15399.0,3021068.06,1084073.09,-10565.99,-10221.81,-10387.67,-10432.43,-10497.43,-10528.43,-10691.43,12683.01,96.05177254163604,
15400.0,3021067.52,1084073.92,-10565.95,-10221.77,-10387.63,-10432.39,-10497.39,-10528.39,-10691.39,12683.01,98.90209788871492,
15401.0,3021066.98,1084074.76,-10565.91,-10221.73,-10387.59,-10432.35,-10497.35,-10528.35,-10691.35,12683.01,100.66259295602836,
15402.0,3021066.43,1084075.6,-10565.87,-10221.69,-10387.55,-10432.31,-10497.31,-10528.31,-10691.31,12683.01,101.09223758555126,
15403.0,3021065.89,1084076.44,-10565.83,-10221.65,-10387.51,-10432.27,-10497.27,-10528.27,-10691.27,12683.0,,
15404.0,3021065.34,1084077.28,-10565.79,-10221.61,-10387.47,-10432.23,-10497.23,-10528.23,-10691.23,12683.0,,
15405.0,3021064.8,1084078.11,-10565.74,-10221.57,-10387.43,-10432.19,-10497.19,-10528.19,-10691.19,12683.0,,
15406.0,3021064.25,1084078.95,-10565.7,-10221.53,-10387.39,-10432.15,-10497.15,-10528.15,-10691.15,12683.0,100.66259295602836,
15407.0,3021063.7,1084079.79,-10565.66,-10221.5,-10387.36,-10432.12,-10497.12,-10528.12,-10691.12,12683.0,98.90209788871492,
15408.0,3021063.16,1084080.62,-10565.62,-10221.46,-10387.32,-10432.08,-10497.08,-10528.08,-10691.08,12683.0,,
15409.0,3021062.61,1084081.46,-10565.58,-10221.42,-10387.28,-10432.04,-10497.04,-10528.04,-10691.04,12682.990000000002,94.5113393577368,
15410.0,3021062.06,1084082.29,-10565.54,-10221.38,-10387.24,-10432.0,-10497.0,-10528.0,-10691.0,12682.990000000002,92.75084429042336,
15411.0,3021061.51,1084083.13,-10565.5,-10221.34,-10387.2,-10431.96,-10496.96,-10527.96,-10690.96,12682.990000000002,92.310720523595,
15412.0,3021060.96,1084083.96,-10565.46,-10221.3,-10387.16,-10431.92,-10496.92,-10527.92,-10690.92,12682.990000000002,,
15413.0,3021060.41,1084084.8,-10565.42,-10221.26,-10387.12,-10431.88,-10496.88,-10527.88,-10690.88,12682.990000000002,,
15414.0,3021059.86,1084085.63,-10565.38,-10221.22,-10387.08,-10431.84,-10496.84,-10527.84,-10690.84,12682.990000000002,93.85115370749426,
15415.0,3021059.31,1084086.47,-10565.34,-10221.18,-10387.04,-10431.8,-10496.8,-10527.8,-10690.8,12682.990000000002,99.99192816848036,
15416.0,3021058.76,1084087.3,-10565.3,-10221.14,-10387.0,-10431.76,-10496.76,-10527.76,-10690.76,12682.990000000002,103.94256293263014,
15417.0,3021058.21,1084088.13,-10565.26,-10221.1,-10386.96,-10431.72,-10496.72,-10527.72,-10690.72,12682.98,96.70147905457314,
15418.0,3021057.66,1084088.97,-10565.22,-10221.06,-10386.92,-10431.68,-10496.68,-10527.68,-10690.68,12682.98,87.93044112992231,
15419.0,3021057.11,1084089.8,-10565.18,-10221.02,-10386.88,-10431.64,-10496.64,-10527.64,-10690.64,12682.98,90.34064271017284,
15420.0,3021056.55,1084090.63,-10565.13,-10220.98,-10386.84,-10431.6,-10496.6,-10527.6,-10690.6,12682.98,96.4918963084644,
15421.0,3021056.0,1084091.46,-10565.09,-10220.94,-10386.8,-10431.56,-10496.56,-10527.56,-10690.56,12682.98,98.46197412188656,
15422.0,3021055.44,1084092.29,-10565.05,-10220.9,-10386.76,-10431.52,-10496.52,-10527.52,-10690.52,12682.98,94.95146312456517,
15423.0,3021054.89,1084093.12,-10565.02,-10220.86,-10386.72,-10431.48,-10496.48,-10527.48,-10690.48,12682.98,92.310720523595,
15424.0,3021054.34,1084093.95,-10564.98,-10220.83,-10386.69,-10431.45,-10496.45,-10527.45,-10690.45,12682.98,93.19096805725172,
15425.0,3021053.78,1084094.79,-10564.94,-10220.79,-10386.65,-10431.41,-10496.41,-10527.41,-10690.41,12682.98,,
15426.0,3021053.22,1084095.62,-10564.9,-10220.75,-10386.61,-10431.37,-10496.37,-10527.37,-10690.37,12682.98,100.22246918919998,
15427.0,3021052.67,1084096.45,-10564.86,-10220.71,-10386.57,-10431.33,-10496.33,-10527.33,-10690.33,12682.98,,
15428.0,3021052.11,1084097.28,-10564.82,-10220.67,-10386.53,-10431.29,-10496.29,-10527.29,-10690.29,12682.98,,
15429.0,3021051.56,1084098.11,-10564.78,-10220.63,-10386.49,-10431.25,-10496.25,-10527.25,-10690.25,12682.98,,
15430.0,3021051.0,1084098.94,-10564.74,-10220.59,-10386.45,-10431.21,-10496.21,-10527.21,-10690.21,12682.98,,
15431.0,3021050.44,1084099.77,-10564.7,-10220.55,-10386.41,-10431.17,-10496.17,-10527.17,-10690.17,12682.98,,
15432.0,3021049.89,1084100.6,-10564.66,-10220.51,-10386.37,-10431.13,-10496.13,-10527.13,-10690.13,12682.98,,
15433.0,3021049.33,1084101.43,-10564.62,-10220.47,-10386.33,-10431.09,-10496.09,-10527.09,-10690.09,12682.98,,
15434.0,3021048.77,1084102.26,-10564.58,-10220.43,-10386.29,-10431.05,-10496.05,-10527.05,-10690.05,12682.98,,
15435.0,3021048.22,1084103.09,-10564.54,-10220.39,-10386.25,-10431.01,-10496.01,-10527.01,-10690.01,12682.98,,
15436.0,3021047.66,1084103.92,-10564.5,-10220.35,-10386.21,-10430.97,-10495.97,-10526.97,-10689.97,12682.98,101.09223758555126,
15437.0,3021047.1,1084104.75,-10564.46,-10220.31,-10386.17,-10430.93,-10495.93,-10526.93,-10689.93,12682.98,103.07279453627886,
15438.0,3021046.55,1084105.57,-10564.42,-10220.27,-10386.13,-10430.89,-10495.89,-10526.89,-10689.89,12682.98,105.70305799994355,
15439.0,3021045.99,1084106.4,-10564.38,-10220.23,-10386.09,-10430.85,-10495.85,-10526.85,-10689.85,12682.98,101.09223758555126,
15440.0,3021045.43,1084107.23,-10564.34,-10220.19,-10386.05,-10430.81,-10495.81,-10526.81,-10689.81,12682.98,92.32119966090046,
15441.0,3021044.87,1084108.06,-10564.3,-10220.15,-10386.01,-10430.77,-10495.77,-10526.77,-10689.77,12682.98,89.03075054699322,
15442.0,3021044.31,1084108.89,-10564.26,-10220.12,-10385.98,-10430.74,-10495.74,-10526.74,-10689.74,12682.98,93.42150907797134,
15443.0,3021043.76,1084109.72,-10564.23,-10220.08,-10385.94,-10430.7,-10495.7,-10526.7,-10689.7,12682.98,96.71195819187858,
15444.0,3021043.2,1084110.55,-10564.19,-10220.04,-10385.9,-10430.66,-10495.66,-10526.66,-10689.66,12682.98,,
15445.0,3021042.64,1084111.38,-10564.15,-10220.0,-10385.86,-10430.62,-10495.62,-10526.62,-10689.62,12682.98,,
15446.0,3021042.08,1084112.21,-10564.11,-10219.96,-10385.82,-10430.58,-10495.58,-10526.58,-10689.58,12682.98,98.03232949236364,
15447.0,3021041.52,1084113.03,-10564.07,-10219.92,-10385.78,-10430.54,-10495.54,-10526.54,-10689.54,12682.98,99.78234542237163,
15448.0,3021040.96,1084113.86,-10564.03,-10219.88,-10385.74,-10430.5,-10495.5,-10526.5,-10689.5,12682.98,101.09223758555126,
15449.0,3021040.41,1084114.69,-10563.99,-10219.84,-10385.7,-10430.46,-10495.46,-10526.46,-10689.46,12682.98,,
15450.0,3021039.85,1084115.52,-10563.95,-10219.8,-10385.66,-10430.42,-10495.42,-10526.42,-10689.42,12682.98,,
15451.0,3021039.29,1084116.35,-10563.91,-10219.76,-10385.62,-10430.38,-10495.38,-10526.38,-10689.38,12682.98,,
15452.0,3021038.73,1084117.18,-10563.87,-10219.72,-10385.58,-10430.34,-10495.34,-10526.34,-10689.34,12682.98,,
15453.0,3021038.17,1084118.0,-10563.83,-10219.68,-10385.54,-10430.3,-10495.3,-10526.3,-10689.3,12682.98,,
15454.0,3021037.61,1084118.83,-10563.8,-10219.64,-10385.5,-10430.26,-10495.26,-10526.26,-10689.26,12682.98,100.22246918919998,
15455.0,3021037.05,1084119.66,-10563.76,-10219.6,-10385.46,-10430.22,-10495.22,-10526.22,-10689.22,12682.98,96.70147905457314,
15456.0,3021036.49,1084120.49,-10563.72,-10219.56,-10385.42,-10430.18,-10495.18,-10526.18,-10689.18,12682.990000000002,94.07121559090842,
15457.0,3021035.93,1084121.32,-10563.68,-10219.52,-10385.38,-10430.14,-10495.14,-10526.14,-10689.14,12682.990000000002,96.70147905457314,
15458.0,3021035.37,1084122.14,-10563.64,-10219.48,-10385.34,-10430.1,-10495.1,-10526.1,-10689.1,12682.990000000002,100.22246918919998,
15459.0,3021034.81,1084122.97,-10563.6,-10219.45,-10385.31,-10430.07,-10495.07,-10526.07,-10689.07,12682.990000000002,98.46197412188656,
15460.0,3021034.25,1084123.8,-10563.56,-10219.41,-10385.27,-10430.03,-10495.03,-10526.03,-10689.03,12682.990000000002,94.95146312456517,
15461.0,3021033.69,1084124.62,-10563.52,-10219.37,-10385.23,-10429.99,-10494.99,-10525.99,-10688.99,12682.990000000002,,
15462.0,3021033.13,1084125.45,-10563.49,-10219.33,-10385.19,-10429.95,-10494.95,-10525.95,-10688.95,12682.990000000002,98.0218503550582,
15463.0,3021032.57,1084126.28,-10563.45,-10219.29,-10385.15,-10429.91,-10494.91,-10525.91,-10688.91,12682.990000000002,98.90209788871492,
15464.0,3021032.01,1084127.11,-10563.41,-10219.25,-10385.11,-10429.87,-10494.87,-10525.87,-10688.87,12682.990000000002,,
15465.0,3021031.45,1084127.93,-10563.37,-10219.21,-10385.07,-10429.83,-10494.83,-10525.83,-10688.83,12682.990000000002,95.3915868913935,
15466.0,3021030.88,1084128.76,-10563.33,-10219.17,-10385.03,-10429.79,-10494.79,-10525.79,-10688.79,12682.990000000002,94.5113393577368,
15467.0,3021030.32,1084129.59,-10563.29,-10219.13,-10384.99,-10429.75,-10494.75,-10525.75,-10688.75,12682.990000000002,96.70147905457314,
15468.0,3021029.76,1084130.41,-10563.26,-10219.09,-10384.95,-10429.71,-10494.71,-10525.71,-10688.71,12683.0,100.22246918919998,
15469.0,3021029.2,1084131.24,-10563.22,-10219.05,-10384.91,-10429.67,-10494.67,-10525.67,-10688.67,12683.0,101.09223758555126,
15470.0,3021028.64,1084132.07,-10563.18,-10219.01,-10384.87,-10429.63,-10494.63,-10525.63,-10688.63,12683.0,100.66259295602836,
15471.0,3021028.08,1084132.89,-10563.14,-10218.97,-10384.83,-10429.59,-10494.59,-10525.59,-10688.59,12683.0,,
15472.0,3021027.51,1084133.72,-10563.1,-10218.93,-10384.79,-10429.55,-10494.55,-10525.55,-10688.55,12683.0,97.15208195870692,
15473.0,3021026.95,1084134.54,-10563.06,-10218.89,-10384.75,-10429.51,-10494.51,-10525.51,-10688.51,12683.0,96.71195819187858,
15474.0,3021026.39,1084135.37,-10563.03,-10218.85,-10384.71,-10429.47,-10494.47,-10525.47,-10688.47,12683.0,97.15208195870692,
15475.0,3021025.83,1084136.2,-10562.99,-10218.81,-10384.67,-10429.43,-10494.43,-10525.43,-10688.43,12683.0,98.90209788871492,
15476.0,3021025.26,1084137.02,-10562.95,-10218.77,-10384.63,-10429.39,-10494.39,-10525.39,-10688.39,12683.0,99.1221597721291,
15477.0,3021024.7,1084137.85,-10562.91,-10218.74,-10384.6,-10429.36,-10494.36,-10525.36,-10688.36,12683.01,93.4110299406659,
15478.0,3021024.14,1084138.67,-10562.87,-10218.7,-10384.56,-10429.32,-10494.32,-10525.32,-10688.32,12683.01,88.37056489675068,
15479.0,3021023.58,1084139.5,-10562.83,-10218.66,-10384.52,-10429.28,-10494.28,-10525.28,-10688.28,12683.01,91.22089024382956,
15480.0,3021023.01,1084140.32,-10562.8,-10218.62,-10384.48,-10429.24,-10494.24,-10525.24,-10688.24,12683.01,95.62212791211311,
15481.0,3021022.45,1084141.15,-10562.76,-10218.58,-10384.44,-10429.2,-10494.2,-10525.2,-10688.2,12683.01,98.03232949236364,
15482.0,3021021.89,1084141.98,-10562.72,-10218.54,-10384.4,-10429.16,-10494.16,-10525.16,-10688.16,12683.01,99.78234542237163,
15483.0,3021021.32,1084142.8,-10562.68,-10218.5,-10384.36,-10429.12,-10494.12,-10525.12,-10688.12,12683.01,,
15484.0,3021020.76,1084143.63,-10562.64,-10218.46,-10384.32,-10429.08,-10494.08,-10525.08,-10688.08,12683.02,97.5922057255353,
15485.0,3021020.2,1084144.45,-10562.61,-10218.42,-10384.28,-10429.04,-10494.04,-10525.04,-10688.04,12683.02,94.5113393577368,
15486.0,3021019.63,1084145.28,-10562.57,-10218.38,-10384.24,-10429.0,-10494.0,-10525.0,-10688.0,12683.02,93.19096805725172,
15487.0,3021019.07,1084146.1,-10562.53,-10218.34,-10384.2,-10428.96,-10493.96,-10524.96,-10687.96,12683.02,94.5113393577368,
15488.0,3021018.5,1084146.93,-10562.49,-10218.3,-10384.16,-10428.92,-10493.92,-10524.92,-10687.92,12683.02,96.27183442505022,
15489.0,3021017.94,1084147.75,-10562.46,-10218.26,-10384.12,-10428.88,-10493.88,-10524.88,-10687.88,12683.02,95.3915868913935,
15490.0,3021017.37,1084148.57,-10562.42,-10218.22,-10384.08,-10428.84,-10493.84,-10524.84,-10687.84,12683.03,94.95146312456517,
15491.0,3021016.81,1084149.4,-10562.38,-10218.18,-10384.04,-10428.8,-10493.8,-10524.8,-10687.8,12683.03,95.3915868913935,
15492.0,3021016.24,1084150.22,-10562.34,-10218.14,-10384.0,-10428.76,-10493.76,-10524.76,-10687.76,12683.03,96.71195819187858,
15493.0,3021015.68,1084151.05,-10562.31,-10218.1,-10383.96,-10428.72,-10493.72,-10524.72,-10687.72,12683.03,,
15494.0,3021015.11,1084151.87,-10562.27,-10218.07,-10383.93,-10428.69,-10493.69,-10524.69,-10687.69,12683.03,98.03232949236364,
15495.0,3021014.55,1084152.7,-10562.23,-10218.03,-10383.89,-10428.65,-10493.65,-10524.65,-10687.65,12683.03,99.78234542237163,
15496.0,3021013.98,1084153.52,-10562.19,-10217.99,-10383.85,-10428.61,-10493.61,-10524.61,-10687.61,12683.03,104.39316583676394,
15497.0,3021013.42,1084154.34,-10562.16,-10217.95,-10383.81,-10428.57,-10493.57,-10524.57,-10687.57,12683.03,108.3438006009137,
15498.0,3021012.85,1084155.17,-10562.12,-10217.92,-10383.78,-10428.54,-10493.54,-10524.54,-10687.54,12683.03,109.87375464750752,
15499.0,3021012.29,1084155.99,-10562.08,-10217.88,-10383.74,-10428.5,-10493.5,-10524.5,-10687.5,12683.03,108.11325958019408,
15500.0,3021011.72,1084156.81,-10562.04,-10217.85,-10383.71,-10428.47,-10493.47,-10524.47,-10687.47,12683.03,107.67313581336572,
15501.0,3021011.16,1084157.64,-10562.01,-10217.81,-10383.67,-10428.43,-10493.43,-10524.43,-10687.43,12683.03,,
15502.0,3021010.59,1084158.46,-10561.97,-10217.77,-10383.63,-10428.39,-10493.39,-10524.39,-10687.39,12683.02,106.58330553360028,
15503.0,3021010.02,1084159.29,-10561.93,-10217.74,-10383.6,-10428.36,-10493.36,-10524.36,-10687.36,12683.02,102.19254700262216,
15504.0,3021009.46,1084160.11,-10561.89,-10217.7,-10383.56,-10428.32,-10493.32,-10524.32,-10687.32,12683.02,99.35270079284872,
15505.0,3021008.89,1084160.93,-10561.86,-10217.67,-10383.53,-10428.29,-10493.29,-10524.29,-10687.29,12683.02,,
15506.0,3021008.32,1084161.75,-10561.82,-10217.63,-10383.49,-10428.25,-10493.25,-10524.25,-10687.25,12683.02,109.44411001798458,
15507.0,3021007.76,1084162.58,-10561.78,-10217.6,-10383.46,-10428.22,-10493.22,-10524.22,-10687.22,12683.01,106.58330553360028,
15508.0,3021007.19,1084163.4,-10561.74,-10217.56,-10383.42,-10428.18,-10493.18,-10524.18,-10687.18,12683.01,104.16262481604431,
15509.0,3021006.62,1084164.22,-10561.71,-10217.53,-10383.39,-10428.15,-10493.15,-10524.15,-10687.15,12683.01,105.70305799994355,
15510.0,3021006.05,1084165.05,-10561.67,-10217.5,-10383.36,-10428.12,-10493.12,-10524.12,-10687.12,12683.0,107.67313581336572,
15511.0,3021005.49,1084165.87,-10561.63,-10217.46,-10383.32,-10428.08,-10493.08,-10524.08,-10687.08,12683.0,,
15512.0,3021004.92,1084166.69,-10561.6,-10217.43,-10383.29,-10428.05,-10493.05,-10524.05,-10687.05,12683.0,,
15513.0,3021004.35,1084167.51,-10561.56,-10217.39,-10383.25,-10428.01,-10493.01,-10524.01,-10687.01,12682.990000000002,108.77344523043662,
15514.0,3021003.78,1084168.34,-10561.52,-10217.36,-10383.22,-10427.98,-10492.98,-10523.98,-10686.98,12682.990000000002,113.16420376141475,
15515.0,3021003.22,1084169.16,-10561.49,-10217.33,-10383.19,-10427.95,-10492.95,-10523.95,-10686.95,12682.990000000002,115.80494636238488,
15516.0,3021002.65,1084169.98,-10561.45,-10217.29,-10383.15,-10427.91,-10492.91,-10523.91,-10686.91,12682.990000000002,,
15517.0,3021002.08,1084170.8,-10561.41,-10217.26,-10383.12,-10427.88,-10492.88,-10523.88,-10686.88,12682.98,103.51291830310724,
15518.0,3021001.51,1084171.62,-10561.37,-10217.22,-10383.08,-10427.84,-10492.84,-10523.84,-10686.84,12682.98,104.38268669945847,
15519.0,3021000.94,1084172.45,-10561.34,-10217.19,-10383.05,-10427.81,-10492.81,-10523.81,-10686.81,12682.98,107.0129501631232,
15520.0,3021000.37,1084173.27,-10561.3,-10217.16,-10383.02,-10427.78,-10492.78,-10523.78,-10686.78,12682.97,107.67313581336572,
15521.0,3020999.81,1084174.09,-10561.26,-10217.12,-10382.98,-10427.74,-10492.74,-10523.74,-10686.74,12682.97,107.62074012683854,
15522.0,3020999.24,1084174.91,-10561.23,-10217.09,-10382.95,-10427.71,-10492.71,-10523.71,-10686.71,12682.97,103.9006463834084,
15523.0,3020998.67,1084175.73,-10561.19,-10217.05,-10382.91,-10427.67,-10492.67,-10523.67,-10686.67,12682.97,99.74042887314988,
15524.0,3020998.1,1084176.56,-10561.15,-10217.02,-10382.88,-10427.64,-10492.64,-10523.64,-10686.64,12682.96,98.36766188613764,
15525.0,3020997.53,1084177.38,-10561.12,-10216.99,-10382.85,-10427.61,-10492.61,-10523.61,-10686.61,12682.96,,
15526.0,3020996.97,1084178.2,-10561.08,-10216.95,-10382.81,-10427.57,-10492.57,-10523.57,-10686.57,12682.96,,
15527.0,3020996.4,1084179.02,-10561.04,-10216.92,-10382.78,-10427.54,-10492.54,-10523.54,-10686.54,12682.95,,
15528.0,3020995.83,1084179.84,-10561.01,-10216.88,-10382.74,-10427.5,-10492.5,-10523.5,-10686.5,12682.95,,
15529.0,3020995.26,1084180.67,-10560.97,-10216.85,-10382.71,-10427.47,-10492.47,-10523.47,-10686.47,12682.95,,
15530.0,3020994.69,1084181.49,-10560.93,-10216.82,-10382.68,-10427.44,-10492.44,-10523.44,-10686.44,12682.95,,
15531.0,3020994.13,1084182.31,-10560.9,-10216.78,-10382.64,-10427.4,-10492.4,-10523.4,-10686.4,12682.94,,
15532.0,3020993.56,1084183.13,-10560.86,-10216.75,-10382.61,-10427.37,-10492.37,-10523.37,-10686.37,12682.94,,
15533.0,3020992.99,1084183.96,-10560.82,-10216.71,-10382.57,-10427.33,-10492.33,-10523.33,-10686.33,12682.94,100.40061452339242,
15534.0,3020992.42,1084184.78,-10560.78,-10216.68,-10382.54,-10427.3,-10492.3,-10523.3,-10686.3,12682.93,108.5114667978007,
15535.0,3020991.86,1084185.6,-10560.75,-10216.65,-10382.51,-10427.27,-10492.27,-10523.27,-10686.27,12682.93,114.872303142201,
15536.0,3020991.29,1084186.42,-10560.71,-10216.61,-10382.47,-10427.23,-10492.23,-10523.23,-10686.23,12682.93,,
15537.0,3020990.72,1084187.25,-10560.67,-10216.58,-10382.44,-10427.2,-10492.2,-10523.2,-10686.2,12682.93,104.82281046628684,
15538.0,3020990.15,1084188.07,-10560.64,-10216.54,-10382.4,-10427.16,-10492.16,-10523.16,-10686.16,12682.92,105.70305799994355,
15539.0,3020989.59,1084188.89,-10560.6,-10216.51,-10382.37,-10427.13,-10492.13,-10523.13,-10686.13,12682.92,107.67313581336572,
15540.0,3020989.02,1084189.71,-10560.56,-10216.48,-10382.34,-10427.1,-10492.1,-10523.1,-10686.1,12682.92,,
15541.0,3020988.45,1084190.54,-10560.53,-10216.44,-10382.3,-10427.06,-10492.06,-10523.06,-10686.06,12682.91,105.70305799994355,
15542.0,3020987.88,1084191.36,-10560.49,-10216.41,-10382.27,-10427.03,-10492.03,-10523.03,-10686.03,12682.91,,
15543.0,3020987.32,1084192.18,-10560.45,-10216.37,-10382.23,-10426.99,-10491.99,-10522.99,-10685.99,12682.91,98.03232949236364,
15544.0,3020986.75,1084193.01,-10560.41,-10216.34,-10382.2,-10426.96,-10491.96,-10522.96,-10685.96,12682.9,98.25239137577782,
15545.0,3020986.18,1084193.83,-10560.38,-10216.31,-10382.17,-10426.93,-10491.93,-10522.93,-10685.93,12682.9,104.39316583676394,
15546.0,3020985.62,1084194.65,-10560.34,-10216.27,-10382.13,-10426.89,-10491.89,-10522.89,-10685.89,12682.9,109.00398625115623,
15547.0,3020985.05,1084195.47,-10560.3,-10216.24,-10382.1,-10426.86,-10491.86,-10522.86,-10685.86,12682.9,104.39316583676394,
15548.0,3020984.48,1084196.3,-10560.27,-10216.2,-10382.06,-10426.82,-10491.82,-10522.82,-10685.82,12682.89,98.69251514260618,
15549.0,3020983.91,1084197.12,-10560.23,-10216.17,-10382.03,-10426.79,-10491.79,-10522.79,-10685.79,12682.89,98.90209788871492,
15550.0,3020983.35,1084197.94,-10560.19,-10216.13,-10381.99,-10426.75,-10491.75,-10522.75,-10685.75,12682.89,101.7524232357938,
15551.0,3020982.78,1084198.77,-10560.15,-10216.1,-10381.96,-10426.72,-10491.72,-10522.72,-10685.72,12682.88,106.58330553360028,
15552.0,3020982.21,1084199.59,-10560.12,-10216.07,-10381.93,-10426.69,-10491.69,-10522.69,-10685.69,12682.88,109.65369276409334,
15553.0,3020981.65,1084200.41,-10560.08,-10216.03,-10381.89,-10426.65,-10491.65,-10522.65,-10685.65,12682.88,108.9935071138508,
15554.0,3020981.08,1084201.24,-10560.04,-10216.0,-10381.86,-10426.62,-10491.62,-10522.62,-10685.62,12682.87,108.11325958019408,
15555.0,3020980.51,1084202.06,-10560.01,-10215.96,-10381.82,-10426.58,-10491.58,-10522.58,-10685.58,12682.87,109.87375464750752,
15556.0,3020979.95,1084202.88,-10559.97,-10215.93,-10381.79,-10426.55,-10491.55,-10522.55,-10685.55,12682.87,111.19412594799256,
15557.0,3020979.38,1084203.71,-10559.93,-10215.9,-10381.76,-10426.52,-10491.52,-10522.52,-10685.52,12682.86,109.87375464750752,
15558.0,3020978.82,1084204.53,-10559.89,-10215.86,-10381.72,-10426.48,-10491.48,-10522.48,-10685.48,12682.86,108.11325958019408,
15559.0,3020978.25,1084205.35,-10559.86,-10215.83,-10381.69,-10426.45,-10491.45,-10522.45,-10685.45,12682.86,107.67313581336572,
15560.0,3020977.68,1084206.18,-10559.82,-10215.79,-10381.65,-10426.41,-10491.41,-10522.41,-10685.41,12682.85,,
15561.0,3020977.12,1084207.0,-10559.78,-10215.76,-10381.62,-10426.38,-10491.38,-10522.38,-10685.38,12682.85,,
15562.0,3020976.55,1084207.82,-10559.74,-10215.73,-10381.59,-10426.35,-10491.35,-10522.35,-10685.35,12682.85,108.9935071138508,
15563.0,3020975.98,1084208.65,-10559.71,-10215.69,-10381.55,-10426.31,-10491.31,-10522.31,-10685.31,12682.84,109.22404813457042,
15564.0,3020975.42,1084209.47,-10559.67,-10215.66,-10381.52,-10426.28,-10491.28,-10522.28,-10685.28,12682.84,104.39316583676394,
15565.0,3020974.85,1084210.29,-10559.63,-10215.62,-10381.48,-10426.24,-10491.24,-10522.24,-10685.24,12682.84,98.25239137577782,
15566.0,3020974.29,1084211.12,-10559.59,-10215.59,-10381.45,-10426.21,-10491.21,-10522.21,-10685.21,12682.83,98.03232949236364,
15567.0,3020973.72,1084211.94,-10559.56,-10215.56,-10381.42,-10426.18,-10491.18,-10522.18,-10685.18,12682.83,99.78234542237163,
15568.0,3020973.16,1084212.76,-10559.52,-10215.52,-10381.38,-10426.14,-10491.14,-10522.14,-10685.14,12682.83,,
15569.0,3020972.59,1084213.59,-10559.48,-10215.49,-10381.35,-10426.11,-10491.11,-10522.11,-10685.11,12682.820000000002,113.38426564482891,
15570.0,3020972.02,1084214.41,-10559.45,-10215.45,-10381.31,-10426.07,-10491.07,-10522.07,-10685.07,12682.820000000002,,
15571.0,3020971.46,1084215.24,-10559.41,-10215.42,-10381.28,-10426.04,-10491.04,-10522.04,-10685.04,12682.820000000002,106.36324365018608,
15572.0,3020970.89,1084216.06,-10559.37,-10215.39,-10381.25,-10426.01,-10491.01,-10522.01,-10685.01,12682.81,104.39316583676394,
15573.0,3020970.33,1084216.88,-10559.33,-10215.35,-10381.21,-10425.97,-10490.97,-10521.97,-10684.97,12682.81,108.78392436774206,
15574.0,3020969.76,1084217.71,-10559.3,-10215.32,-10381.18,-10425.94,-10490.94,-10521.94,-10684.94,12682.81,107.46355306725698,
15575.0,3020969.2,1084218.53,-10559.26,-10215.28,-10381.14,-10425.9,-10490.9,-10521.9,-10684.9,12682.8,101.32277860627087,
15576.0,3020968.63,1084219.35,-10559.22,-10215.25,-10381.11,-10425.87,-10490.87,-10521.87,-10684.87,12682.8,97.81226760894948,
15577.0,3020968.07,1084220.18,-10559.18,-10215.22,-10381.08,-10425.84,-10490.84,-10521.84,-10684.84,12682.8,,
15578.0,3020967.5,1084221.0,-10559.15,-10215.18,-10381.04,-10425.8,-10490.8,-10521.8,-10684.8,12682.79,107.02342930042865,
15579.0,3020966.93,1084221.83,-10559.11,-10215.15,-10381.01,-10425.77,-10490.77,-10521.77,-10684.77,12682.79,109.87375464750752,
15580.0,3020966.37,1084222.65,-10559.07,-10215.11,-10380.97,-10425.73,-10490.73,-10521.73,-10684.73,12682.79,111.63424971482094,
15581.0,3020965.8,1084223.48,-10559.03,-10215.08,-10380.94,-10425.7,-10490.7,-10521.7,-10684.7,12682.78,112.07437348164927,
15582.0,3020965.24,1084224.3,-10559.0,-10215.05,-10380.91,-10425.67,-10490.67,-10521.67,-10684.67,12682.78,110.75400218116422,
15583.0,3020964.67,1084225.12,-10558.96,-10215.01,-10380.87,-10425.63,-10490.63,-10521.63,-10684.63,12682.78,108.9935071138508,
15584.0,3020964.11,1084225.95,-10558.92,-10214.98,-10380.84,-10425.6,-10490.6,-10521.6,-10684.6,12682.77,,
15585.0,3020963.54,1084226.77,-10558.88,-10214.94,-10380.8,-10425.56,-10490.56,-10521.56,-10684.56,12682.77,109.65369276409334,
15586.0,3020962.98,1084227.6,-10558.85,-10214.91,-10380.77,-10425.53,-10490.53,-10521.53,-10684.53,12682.77,106.58330553360028,
15587.0,3020962.42,1084228.42,-10558.81,-10214.88,-10380.74,-10425.5,-10490.5,-10521.5,-10684.5,12682.76,102.85273265286467,
15588.0,3020961.85,1084229.25,-10558.77,-10214.84,-10380.7,-10425.46,-10490.46,-10521.46,-10684.46,12682.76,104.38268669945847,
15589.0,3020961.29,1084230.07,-10558.73,-10214.81,-10380.67,-10425.43,-10490.43,-10521.43,-10684.43,12682.76,108.33332146360829,
15590.0,3020960.72,1084230.89,-10558.7,-10214.77,-10380.63,-10425.39,-10490.39,-10521.39,-10684.39,12682.75,110.75400218116422,
15591.0,3020960.16,1084231.72,-10558.66,-10214.74,-10380.6,-10425.36,-10490.36,-10521.36,-10684.36,12682.75,,
15592.0,3020959.59,1084232.54,-10558.62,-10214.71,-10380.57,-10425.33,-10490.33,-10521.33,-10684.33,12682.740000000002,107.90367683408536,
15593.0,3020959.03,1084233.37,-10558.58,-10214.67,-10380.53,-10425.29,-10490.29,-10521.29,-10684.29,12682.740000000002,102.19254700262216,
15594.0,3020958.46,1084234.19,-10558.54,-10214.64,-10380.5,-10425.26,-10490.26,-10521.26,-10684.26,12682.740000000002,99.1221597721291,
15595.0,3020957.9,1084235.02,-10558.51,-10214.6,-10380.46,-10425.22,-10490.22,-10521.22,-10684.22,12682.73,99.78234542237163,
15596.0,3020957.33,1084235.84,-10558.47,-10214.57,-10380.43,-10425.19,-10490.19,-10521.19,-10684.19,12682.73,101.09223758555126,
15597.0,3020956.77,1084236.67,-10558.43,-10214.53,-10380.39,-10425.15,-10490.15,-10521.15,-10684.15,12682.73,103.07279453627886,
15598.0,3020956.21,1084237.49,-10558.39,-10214.5,-10380.36,-10425.12,-10490.12,-10521.12,-10684.12,12682.72,105.70305799994355,
15599.0,3020955.64,1084238.32,-10558.36,-10214.47,-10380.33,-10425.09,-10490.09,-10521.09,-10684.09,12682.72,107.67313581336572,
15600.0,3020955.08,1084239.14,-10558.32,-10214.43,-10380.29,-10425.05,-10490.05,-10521.05,-10684.05,12682.72,107.0129501631232,
15601.0,3020954.51,1084239.97,-10558.28,-10214.4,-10380.26,-10425.02,-10490.02,-10521.02,-10684.02,12682.71,,
15602.0,3020953.95,1084240.79,-10558.24,-10214.36,-10380.22,-10424.98,-10489.98,-10520.98,-10683.98,12682.71,101.7524232357938,
15603.0,3020953.39,1084241.62,-10558.21,-10214.33,-10380.19,-10424.95,-10489.95,-10520.95,-10683.95,12682.7,101.09223758555126,
15604.0,3020952.82,1084242.44,-10558.17,-10214.3,-10380.16,-10424.92,-10489.92,-10520.92,-10683.92,12682.7,101.7524232357938,
15605.0,3020952.26,1084243.27,-10558.13,-10214.26,-10380.12,-10424.88,-10489.88,-10520.88,-10683.88,12682.7,103.72250104921596,
15606.0,3020951.69,1084244.09,-10558.09,-10214.23,-10380.09,-10424.85,-10489.85,-10520.85,-10683.85,12682.69,,
15607.0,3020951.13,1084244.92,-10558.05,-10214.19,-10380.05,-10424.81,-10489.81,-10520.81,-10683.81,12682.69,101.7524232357938,
15608.0,3020950.57,1084245.74,-10558.02,-10214.16,-10380.02,-10424.78,-10489.78,-10520.78,-10683.78,12682.69,101.09223758555126,
15609.0,3020950.0,1084246.57,-10557.98,-10214.13,-10379.99,-10424.75,-10489.75,-10520.75,-10683.75,12682.68,,
15610.0,3020949.44,1084247.39,-10557.94,-10214.09,-10379.95,-10424.71,-10489.71,-10520.71,-10683.71,12682.68,,
15611.0,3020948.88,1084248.22,-10557.9,-10214.06,-10379.92,-10424.68,-10489.68,-10520.68,-10683.68,12682.67,,
15612.0,3020948.31,1084249.04,-10557.86,-10214.02,-10379.88,-10424.64,-10489.64,-10520.64,-10683.64,12682.67,101.7524232357938,
15613.0,3020947.75,1084249.87,-10557.83,-10213.99,-10379.85,-10424.61,-10489.61,-10520.61,-10683.61,12682.67,,
15614.0,3020947.19,1084250.69,-10557.79,-10213.96,-10379.82,-10424.58,-10489.58,-10520.58,-10683.58,12682.66,107.0129501631232,
15615.0,3020946.62,1084251.52,-10557.75,-10213.92,-10379.78,-10424.54,-10489.54,-10520.54,-10683.54,12682.66,106.58330553360028,
15616.0,3020946.06,1084252.34,-10557.71,-10213.89,-10379.75,-10424.51,-10489.51,-10520.51,-10683.51,12682.66,,
15617.0,3020945.49,1084253.17,-10557.68,-10213.85,-10379.71,-10424.47,-10489.47,-10520.47,-10683.47,12682.65,97.81226760894948,
15618.0,3020944.93,1084253.99,-10557.64,-10213.82,-10379.68,-10424.44,-10489.44,-10520.44,-10683.44,12682.65,96.71195819187858,
15619.0,3020944.37,1084254.82,-10557.6,-10213.79,-10379.65,-10424.41,-10489.41,-10520.41,-10683.41,12682.65,101.32277860627087,
15620.0,3020943.8,1084255.64,-10557.57,-10213.75,-10379.61,-10424.37,-10489.37,-10520.37,-10683.37,12682.65,107.02342930042865,
15621.0,3020943.24,1084256.47,-10557.53,-10213.72,-10379.58,-10424.34,-10489.34,-10520.34,-10683.34,12682.64,109.87375464750752,
15622.0,3020942.67,1084257.29,-10557.49,-10213.68,-10379.54,-10424.3,-10489.3,-10520.3,-10683.3,12682.64,108.11325958019408,
15623.0,3020942.11,1084258.11,-10557.46,-10213.65,-10379.51,-10424.27,-10489.27,-10520.27,-10683.27,12682.64,107.67313581336572,
15624.0,3020941.54,1084258.94,-10557.42,-10213.62,-10379.48,-10424.24,-10489.24,-10520.24,-10683.24,12682.64,107.0129501631232,
15625.0,3020940.98,1084259.76,-10557.38,-10213.58,-10379.44,-10424.2,-10489.2,-10520.2,-10683.2,12682.63,,
15626.0,3020940.41,1084260.59,-10557.35,-10213.55,-10379.41,-10424.17,-10489.17,-10520.17,-10683.17,12682.63,101.7524232357938,
15627.0,3020939.84,1084261.41,-10557.31,-10213.51,-10379.37,-10424.13,-10489.13,-10520.13,-10683.13,12682.63,101.09223758555126,
15628.0,3020939.28,1084262.23,-10557.28,-10213.48,-10379.34,-10424.1,-10489.1,-10520.1,-10683.1,12682.63,104.39316583676394,
15629.0,3020938.71,1084263.06,-10557.24,-10213.45,-10379.31,-10424.07,-10489.07,-10520.07,-10683.07,12682.63,108.78392436774206,
15630.0,3020938.15,1084263.88,-10557.2,-10213.41,-10379.27,-10424.03,-10489.03,-10520.03,-10683.03,12682.63,111.63424971482094,
15631.0,3020937.58,1084264.71,-10557.17,-10213.38,-10379.24,-10424.0,-10489.0,-10520.0,-10683.0,12682.62,,
15632.0,3020937.01,1084265.53,-10557.13,-10213.34,-10379.2,-10423.96,-10488.96,-10519.96,-10682.96,12682.62,108.11325958019408,
15633.0,3020936.45,1084266.35,-10557.1,-10213.31,-10379.17,-10423.93,-10488.93,-10519.93,-10682.93,12682.62,107.67313581336572,
15634.0,3020935.88,1084267.18,-10557.06,-10213.28,-10379.14,-10423.9,-10488.9,-10519.9,-10682.9,12682.62,110.9740640645784,
15635.0,3020935.31,1084268.0,-10557.03,-10213.24,-10379.1,-10423.86,-10488.86,-10519.86,-10682.86,12682.62,115.36482259555652,
15636.0,3020934.75,1084268.82,-10556.99,-10213.21,-10379.07,-10423.83,-10488.83,-10519.83,-10682.83,12682.62,112.07437348164927,
15637.0,3020934.18,1084269.64,-10556.96,-10213.17,-10379.03,-10423.79,-10488.79,-10519.79,-10682.79,12682.62,103.30333555699848,
15638.0,3020933.61,1084270.47,-10556.93,-10213.14,-10379.0,-10423.76,-10488.76,-10519.76,-10682.76,12682.62,101.32277860627087,
15639.0,3020933.05,1084271.29,-10556.89,-10213.1,-10378.96,-10423.72,-10488.72,-10519.72,-10682.72,12682.62,107.46355306725698,
15640.0,3020932.48,1084272.11,-10556.86,-10213.07,-10378.93,-10423.69,-10488.69,-10519.69,-10682.69,12682.62,,
15641.0,3020931.91,1084272.93,-10556.82,-10213.04,-10378.9,-10423.66,-10488.66,-10519.66,-10682.66,12682.62,101.32277860627087,
15642.0,3020931.34,1084273.76,-10556.79,-10213.0,-10378.86,-10423.62,-10488.62,-10519.62,-10682.62,12682.62,100.0024073057858,
15643.0,3020930.77,1084274.58,-10556.76,-10212.97,-10378.83,-10423.59,-10488.59,-10519.59,-10682.59,12682.62,104.38268669945847,
15644.0,3020930.21,1084275.4,-10556.72,-10212.93,-10378.79,-10423.55,-10488.55,-10519.55,-10682.55,12682.62,103.06231539897344,
15645.0,3020929.64,1084276.22,-10556.69,-10212.9,-10378.76,-10423.52,-10488.52,-10519.52,-10682.52,12682.62,96.92154093798732,
15646.0,3020929.07,1084277.05,-10556.65,-10212.87,-10378.73,-10423.49,-10488.49,-10519.49,-10682.49,12682.62,94.95146312456517,
15647.0,3020928.5,1084277.87,-10556.62,-10212.83,-10378.69,-10423.45,-10488.45,-10519.45,-10682.45,12682.62,98.46197412188656,
15648.0,3020927.93,1084278.69,-10556.59,-10212.8,-10378.66,-10423.42,-10488.42,-10519.42,-10682.42,12682.62,101.09223758555126,
15649.0,3020927.36,1084279.51,-10556.56,-10212.76,-10378.62,-10423.38,-10488.38,-10519.38,-10682.38,12682.62,102.19254700262216,
15650.0,3020926.79,1084280.33,-10556.52,-10212.73,-10378.59,-10423.35,-10488.35,-10519.35,-10682.35,12682.62,,
15651.0,3020926.22,1084281.15,-10556.49,-10212.7,-10378.56,-10423.32,-10488.32,-10519.32,-10682.32,12682.62,110.9740640645784,
15652.0,3020925.65,1084281.98,-10556.46,-10212.66,-10378.52,-10423.28,-10488.28,-10519.28,-10682.28,12682.63,114.0549304323769,
15653.0,3020925.08,1084282.8,-10556.42,-10212.63,-10378.49,-10423.25,-10488.25,-10519.25,-10682.25,12682.63,116.6851938960416,
15654.0,3020924.52,1084283.62,-10556.39,-10212.59,-10378.45,-10423.21,-10488.21,-10519.21,-10682.21,12682.63,,
15655.0,3020923.95,1084284.44,-10556.36,-10212.56,-10378.42,-10423.18,-10488.18,-10519.18,-10682.18,12682.63,114.0549304323769,
15656.0,3020923.38,1084285.26,-10556.33,-10212.53,-10378.39,-10423.15,-10488.15,-10519.15,-10682.15,12682.63,112.07437348164927,
15657.0,3020922.81,1084286.08,-10556.3,-10212.5,-10378.36,-10423.12,-10488.12,-10519.12,-10682.12,12682.63,,
15658.0,3020922.23,1084286.9,-10556.26,-10212.47,-10378.33,-10423.09,-10488.09,-10519.09,-10682.09,12682.63,,
15659.0,3020921.66,1084287.72,-10556.23,-10212.44,-10378.3,-10423.06,-10488.06,-10519.06,-10682.06,12682.63,,
15660.0,3020921.09,1084288.54,-10556.2,-10212.41,-10378.27,-10423.03,-10488.03,-10519.03,-10682.03,12682.62,111.63424971482094,
15661.0,3020920.52,1084289.36,-10556.17,-10212.38,-10378.24,-10423.0,-10488.0,-10519.0,-10682.0,12682.62,,
15662.0,3020919.95,1084290.18,-10556.14,-10212.35,-10378.21,-10422.97,-10487.97,-10518.97,-10681.97,12682.62,108.11325958019408,
15663.0,3020919.38,1084291.0,-10556.11,-10212.32,-10378.18,-10422.94,-10487.94,-10518.94,-10681.94,12682.62,107.67313581336572,
15664.0,3020918.81,1084291.82,-10556.08,-10212.29,-10378.15,-10422.91,-10487.91,-10518.91,-10681.91,12682.62,,
15665.0,3020918.24,1084292.64,-10556.05,-10212.26,-10378.12,-10422.88,-10487.88,-10518.88,-10681.88,12682.62,,
15666.0,3020917.67,1084293.46,-10556.01,-10212.23,-10378.09,-10422.85,-10487.85,-10518.85,-10681.85,12682.62,107.0129501631232,
15667.0,3020917.09,1084294.28,-10555.98,-10212.2,-10378.06,-10422.82,-10487.82,-10518.82,-10681.82,12682.62,104.38268669945847,
15668.0,3020916.52,1084295.1,-10555.95,-10212.17,-10378.03,-10422.79,-10487.79,-10518.79,-10681.79,12682.62,107.02342930042865,
15669.0,3020915.95,1084295.92,-10555.92,-10212.14,-10378.0,-10422.76,-10487.76,-10518.76,-10681.76,12682.62,113.38426564482891,
15670.0,3020915.38,1084296.74,-10555.89,-10212.11,-10377.97,-10422.73,-10487.73,-10518.73,-10681.73,12682.61,118.65527170946376,
15671.0,3020914.81,1084297.56,-10555.86,-10212.08,-10377.94,-10422.7,-10487.7,-10518.7,-10681.7,12682.61,116.6851938960416,
15672.0,3020914.23,1084298.38,-10555.83,-10212.05,-10377.91,-10422.67,-10487.67,-10518.67,-10681.67,12682.61,114.0549304323769,
15673.0,3020913.66,1084299.2,-10555.8,-10212.02,-10377.88,-10422.64,-10487.64,-10518.64,-10681.64,12682.61,112.07437348164927,
15674.0,3020913.09,1084300.02,-10555.77,-10211.99,-10377.85,-10422.61,-10487.61,-10518.61,-10681.61,12682.61,,
15675.0,3020912.52,1084300.84,-10555.74,-10211.96,-10377.82,-10422.58,-10487.58,-10518.58,-10681.58,12682.61,113.17468289872018,
15676.0,3020911.94,1084301.66,-10555.72,-10211.93,-10377.79,-10422.55,-10487.55,-10518.55,-10681.55,12682.61,117.55496229239289,
15677.0,3020911.37,1084302.48,-10555.69,-10211.9,-10377.76,-10422.52,-10487.52,-10518.52,-10681.52,12682.61,120.84541140630012,
15678.0,3020910.8,1084303.3,-10555.66,-10211.87,-10377.73,-10422.49,-10487.49,-10518.49,-10681.49,12682.61,117.55496229239289,
15679.0,3020910.22,1084304.12,-10555.63,-10211.84,-10377.7,-10422.46,-10487.46,-10518.46,-10681.46,12682.61,113.17468289872018,
15680.0,3020909.65,1084304.93,-10555.6,-10211.82,-10377.68,-10422.44,-10487.44,-10518.44,-10681.44,12682.62,112.07437348164927,
15681.0,3020909.07,1084305.75,-10555.57,-10211.79,-10377.65,-10422.41,-10487.41,-10518.41,-10681.41,12682.62,111.63424971482094,
15682.0,3020908.5,1084306.57,-10555.54,-10211.76,-10377.62,-10422.38,-10487.38,-10518.38,-10681.38,12682.62,,
15683.0,3020907.93,1084307.39,-10555.51,-10211.73,-10377.59,-10422.35,-10487.35,-10518.35,-10681.35,12682.62,108.11325958019408,
15684.0,3020907.35,1084308.21,-10555.48,-10211.7,-10377.56,-10422.32,-10487.32,-10518.32,-10681.32,12682.62,106.58330553360028,
15685.0,3020906.78,1084309.03,-10555.46,-10211.67,-10377.53,-10422.29,-10487.29,-10518.29,-10681.29,12682.62,102.19254700262216,
15686.0,3020906.2,1084309.84,-10555.43,-10211.64,-10377.5,-10422.26,-10487.26,-10518.26,-10681.26,12682.62,98.91257702602036,
15687.0,3020905.63,1084310.66,-10555.4,-10211.61,-10377.47,-10422.23,-10487.23,-10518.23,-10681.23,12682.62,102.19254700262216,
15688.0,3020905.05,1084311.48,-10555.37,-10211.58,-10377.44,-10422.2,-10487.2,-10518.2,-10681.2,12682.63,106.58330553360028,
15689.0,3020904.48,1084312.3,-10555.35,-10211.55,-10377.41,-10422.17,-10487.17,-10518.17,-10681.17,12682.63,105.70305799994355,
15690.0,3020903.9,1084313.11,-10555.32,-10211.52,-10377.38,-10422.14,-10487.14,-10518.14,-10681.14,12682.63,102.6326707694505,
15691.0,3020903.33,1084313.93,-10555.29,-10211.49,-10377.35,-10422.11,-10487.11,-10518.11,-10681.11,12682.63,98.90209788871492,
15692.0,3020902.75,1084314.75,-10555.26,-10211.46,-10377.32,-10422.08,-10487.08,-10518.08,-10681.08,12682.63,98.69251514260618,
15693.0,3020902.18,1084315.57,-10555.24,-10211.43,-10377.29,-10422.05,-10487.05,-10518.05,-10681.05,12682.64,104.39316583676394,
15694.0,3020901.6,1084316.38,-10555.21,-10211.4,-10377.26,-10422.02,-10487.02,-10518.02,-10681.02,12682.64,107.24349118384282,
15695.0,3020901.03,1084317.2,-10555.18,-10211.37,-10377.23,-10421.99,-10486.99,-10517.99,-10680.99,12682.64,,
15696.0,3020900.45,1084318.02,-10555.16,-10211.34,-10377.2,-10421.96,-10486.96,-10517.96,-10680.96,12682.64,101.7524232357938,
15697.0,3020899.87,1084318.83,-10555.13,-10211.31,-10377.17,-10421.93,-10486.93,-10517.93,-10680.93,12682.65,104.38268669945847,
15698.0,3020899.3,1084319.65,-10555.1,-10211.28,-10377.14,-10421.9,-10486.9,-10517.9,-10680.9,12682.65,106.36324365018608,
15699.0,3020898.72,1084320.47,-10555.08,-10211.25,-10377.11,-10421.87,-10486.87,-10517.87,-10680.87,12682.65,104.38268669945847,
15700.0,3020898.14,1084321.28,-10555.05,-10211.22,-10377.08,-10421.84,-10486.84,-10517.84,-10680.84,12682.66,102.85273265286467,
15701.0,3020897.57,1084322.1,-10555.02,-10211.2,-10377.06,-10421.82,-10486.82,-10517.82,-10680.82,12682.66,106.58330553360028,
15702.0,3020896.99,1084322.92,-10555.0,-10211.17,-10377.03,-10421.79,-10486.79,-10517.79,-10680.79,12682.66,110.9740640645784,
15703.0,3020896.41,1084323.73,-10554.97,-10211.14,-10377.0,-10421.76,-10486.76,-10517.76,-10680.76,12682.67,112.07437348164927,
15704.0,3020895.84,1084324.55,-10554.95,-10211.11,-10376.97,-10421.73,-10486.73,-10517.73,-10680.73,12682.67,,
15705.0,3020895.26,1084325.37,-10554.92,-10211.08,-10376.94,-10421.7,-10486.7,-10517.7,-10680.7,12682.67,110.75400218116422,
15706.0,3020894.68,1084326.18,-10554.9,-10211.05,-10376.91,-10421.67,-10486.67,-10517.67,-10680.67,12682.68,108.9935071138508,
15707.0,3020894.1,1084327.0,-10554.87,-10211.02,-10376.88,-10421.64,-10486.64,-10517.64,-10680.64,12682.68,107.67313581336572,
15708.0,3020893.53,1084327.81,-10554.84,-10210.99,-10376.85,-10421.61,-10486.61,-10517.61,-10680.61,12682.68,105.70305799994355,
15709.0,3020892.95,1084328.63,-10554.82,-10210.96,-10376.82,-10421.58,-10486.58,-10517.58,-10680.58,12682.69,103.07279453627886,
15710.0,3020892.37,1084329.45,-10554.79,-10210.93,-10376.79,-10421.55,-10486.55,-10517.55,-10680.55,12682.69,104.39316583676394,
15711.0,3020891.8,1084330.26,-10554.77,-10210.9,-10376.76,-10421.52,-10486.52,-10517.52,-10680.52,12682.69,108.78392436774206,
15712.0,3020891.22,1084331.08,-10554.74,-10210.87,-10376.73,-10421.49,-10486.49,-10517.49,-10680.49,12682.7,112.07437348164927,
15713.0,3020890.64,1084331.9,-10554.71,-10210.84,-10376.7,-10421.46,-10486.46,-10517.46,-10680.46,12682.7,,
15714.0,3020890.07,1084332.72,-10554.69,-10210.81,-10376.67,-10421.43,-10486.43,-10517.43,-10680.43,12682.71,,
15715.0,3020889.5,1084333.53,-10554.66,-10210.78,-10376.64,-10421.4,-10486.4,-10517.4,-10680.4,12682.71,,
15716.0,3020888.92,1084334.35,-10554.63,-10210.75,-10376.61,-10421.37,-10486.37,-10517.37,-10680.37,12682.71,,
15717.0,3020888.35,1084335.17,-10554.61,-10210.72,-10376.58,-10421.34,-10486.34,-10517.34,-10680.34,12682.71,,
15718.0,3020887.77,1084335.99,-10554.58,-10210.69,-10376.55,-10421.31,-10486.31,-10517.31,-10680.31,12682.71,,
15719.0,3020887.2,1084336.81,-10554.55,-10210.66,-10376.52,-10421.28,-10486.28,-10517.28,-10680.28,12682.72,109.88423378481296,
15720.0,3020886.63,1084337.63,-10554.52,-10210.63,-10376.49,-10421.25,-10486.25,-10517.25,-10680.25,12682.72,,
15721.0,3020886.05,1084338.45,-10554.5,-10210.6,-10376.46,-10421.22,-10486.22,-10517.22,-10680.22,12682.72,110.53394029775004,
15722.0,3020885.48,1084339.27,-10554.47,-10210.58,-10376.44,-10421.2,-10486.2,-10517.2,-10680.2,12682.72,109.87375464750752,
15723.0,3020884.91,1084340.09,-10554.44,-10210.55,-10376.41,-10421.17,-10486.17,-10517.17,-10680.17,12682.72,108.11325958019408,
15724.0,3020884.34,1084340.91,-10554.41,-10210.52,-10376.38,-10421.14,-10486.14,-10517.14,-10680.14,12682.72,107.67313581336572,
15725.0,3020883.77,1084341.73,-10554.38,-10210.49,-10376.35,-10421.11,-10486.11,-10517.11,-10680.11,12682.73,106.58330553360028,
15726.0,3020883.2,1084342.55,-10554.35,-10210.46,-10376.32,-10421.08,-10486.08,-10517.08,-10680.08,12682.73,102.19254700262216,
15727.0,3020882.63,1084343.37,-10554.32,-10210.43,-10376.29,-10421.05,-10486.05,-10517.05,-10680.05,12682.73,100.0024073057858,
15728.0,3020882.05,1084344.19,-10554.29,-10210.4,-10376.26,-10421.02,-10486.02,-10517.02,-10680.02,12682.73,107.68361495067116,
15729.0,3020881.49,1084345.01,-10554.27,-10210.37,-10376.23,-10420.99,-10485.99,-10516.99,-10679.99,12682.72,114.48457506189982,
15730.0,3020880.92,1084345.83,-10554.24,-10210.34,-10376.2,-10420.96,-10485.96,-10516.96,-10679.96,12682.72,114.0549304323769,
15731.0,3020880.35,1084346.65,-10554.21,-10210.31,-10376.17,-10420.93,-10485.93,-10516.93,-10679.93,12682.72,112.07437348164927,
15732.0,3020879.78,1084347.47,-10554.18,-10210.28,-10376.14,-10420.9,-10485.9,-10516.9,-10679.9,12682.72,,
15733.0,3020879.21,1084348.3,-10554.15,-10210.25,-10376.11,-10420.87,-10485.87,-10516.87,-10679.87,12682.72,,
15734.0,3020878.64,1084349.12,-10554.12,-10210.22,-10376.08,-10420.84,-10485.84,-10516.84,-10679.84,12682.72,111.19412594799256,
15735.0,3020878.07,1084349.94,-10554.09,-10210.19,-10376.05,-10420.81,-10485.81,-10516.81,-10679.81,12682.72,111.41418783140676,
15736.0,3020877.51,1084350.76,-10554.05,-10210.16,-10376.02,-10420.78,-10485.78,-10516.78,-10679.78,12682.72,113.6043275282431,
15737.0,3020876.94,1084351.59,-10554.02,-10210.13,-10375.99,-10420.75,-10485.75,-10516.75,-10679.75,12682.72,117.11483852556452,
15738.0,3020876.37,1084352.41,-10553.99,-10210.1,-10375.96,-10420.72,-10485.72,-10516.72,-10679.72,12682.72,,
15739.0,3020875.81,1084353.23,-10553.96,-10210.07,-10375.93,-10420.69,-10485.69,-10516.69,-10679.69,12682.72,112.29443536506346,
15740.0,3020875.24,1084354.06,-10553.93,-10210.04,-10375.9,-10420.66,-10485.66,-10516.66,-10679.66,12682.71,110.31387841433586,
15741.0,3020874.67,1084354.88,-10553.9,-10210.01,-10375.87,-10420.63,-10485.63,-10516.63,-10679.63,12682.71,110.75400218116422,
15742.0,3020874.11,1084355.71,-10553.87,-10209.98,-10375.84,-10420.6,-10485.6,-10516.6,-10679.6,12682.71,,
15743.0,3020873.54,1084356.53,-10553.83,-10209.96,-10375.82,-10420.58,-10485.58,-10516.58,-10679.58,12682.71,108.9935071138508,
15744.0,3020872.98,1084357.35,-10553.8,-10209.93,-10375.79,-10420.55,-10485.55,-10516.55,-10679.55,12682.71,105.70305799994355,
15745.0,3020872.41,1084358.18,-10553.77,-10209.9,-10375.76,-10420.52,-10485.52,-10516.52,-10679.52,12682.7,99.78234542237163,
15746.0,3020871.85,1084359.0,-10553.74,-10209.87,-10375.73,-10420.49,-10485.49,-10516.49,-10679.49,12682.7,94.9619422618706,
15747.0,3020871.29,1084359.83,-10553.71,-10209.84,-10375.7,-10420.46,-10485.46,-10516.46,-10679.46,12682.7,,
15748.0,3020870.72,1084360.66,-10553.67,-10209.81,-10375.67,-10420.43,-10485.43,-10516.43,-10679.43,12682.69,101.76290237309924,
15749.0,3020870.16,1084361.48,-10553.64,-10209.78,-10375.64,-10420.4,-10485.4,-10516.4,-10679.4,12682.69,106.14318176677192,
15750.0,3020869.6,1084362.31,-10553.61,-10209.75,-10375.61,-10420.37,-10485.37,-10516.37,-10679.37,12682.69,107.45307392995156,
15751.0,3020869.04,1084363.13,-10553.57,-10209.72,-10375.58,-10420.34,-10485.34,-10516.34,-10679.34,12682.68,104.38268669945847,
15752.0,3020868.47,1084363.96,-10553.54,-10209.69,-10375.55,-10420.31,-10485.31,-10516.31,-10679.31,12682.68,102.41260888603634,
15753.0,3020867.91,1084364.79,-10553.51,-10209.66,-10375.52,-10420.28,-10485.28,-10516.28,-10679.28,12682.67,104.38268669945847,
15754.0,3020867.35,1084365.61,-10553.47,-10209.63,-10375.49,-10420.25,-10485.25,-10516.25,-10679.25,12682.67,107.0129501631232,
15755.0,3020866.79,1084366.44,-10553.44,-10209.6,-10375.46,-10420.22,-10485.22,-10516.22,-10679.22,12682.67,107.67313581336572,
15756.0,3020866.23,1084367.27,-10553.4,-10209.57,-10375.43,-10420.19,-10485.19,-10516.19,-10679.19,12682.66,,
15757.0,3020865.67,1084368.1,-10553.37,-10209.54,-10375.4,-10420.16,-10485.16,-10516.16,-10679.16,12682.66,,
15758.0,3020865.11,1084368.92,-10553.33,-10209.51,-10375.37,-10420.13,-10485.13,-10516.13,-10679.13,12682.65,108.77344523043662,
15759.0,3020864.55,1084369.75,-10553.3,-10209.48,-10375.34,-10420.1,-10485.1,-10516.1,-10679.1,12682.64,113.16420376141475,
15760.0,3020863.99,1084370.58,-10553.26,-10209.45,-10375.31,-10420.07,-10485.07,-10516.07,-10679.07,12682.64,115.58488447897072,
15761.0,3020863.43,1084371.41,-10553.23,-10209.42,-10375.28,-10420.04,-10485.04,-10516.04,-10679.04,12682.63,114.0549304323769,
15762.0,3020862.87,1084372.24,-10553.19,-10209.39,-10375.25,-10420.01,-10485.01,-10516.01,-10679.01,12682.63,,
15763.0,3020862.32,1084373.07,-10553.16,-10209.36,-10375.22,-10419.98,-10484.98,-10515.98,-10678.98,12682.62,114.92469882872815,
15764.0,3020861.76,1084373.9,-10553.12,-10209.34,-10375.2,-10419.96,-10484.96,-10515.96,-10678.96,12682.62,109.87375464750752,
15765.0,3020861.2,1084374.73,-10553.09,-10209.31,-10375.17,-10419.93,-10484.93,-10515.93,-10678.93,12682.61,102.85273265286467,
15766.0,3020860.64,1084375.56,-10553.05,-10209.28,-10375.14,-10419.9,-10484.9,-10515.9,-10678.9,12682.6,101.09223758555126,
15767.0,3020860.09,1084376.39,-10553.01,-10209.25,-10375.11,-10419.87,-10484.87,-10515.87,-10678.87,12682.6,102.19254700262216,
15768.0,3020859.53,1084377.22,-10552.98,-10209.22,-10375.08,-10419.84,-10484.84,-10515.84,-10678.84,12682.59,106.58330553360028,
15769.0,3020858.97,1084378.05,-10552.94,-10209.19,-10375.05,-10419.81,-10484.81,-10515.81,-10678.81,12682.58,109.65369276409334,
15770.0,3020858.42,1084378.88,-10552.9,-10209.16,-10375.02,-10419.78,-10484.78,-10515.78,-10678.78,12682.570000000002,109.43363088067916,
15771.0,3020857.86,1084379.71,-10552.87,-10209.13,-10374.99,-10419.75,-10484.75,-10515.75,-10678.75,12682.570000000002,109.87375464750752,
15772.0,3020857.31,1084380.54,-10552.83,-10209.1,-10374.96,-10419.72,-10484.72,-10515.72,-10678.72,12682.56,111.63424971482094,
15773.0,3020856.75,1084381.37,-10552.79,-10209.07,-10374.93,-10419.69,-10484.69,-10515.69,-10678.69,12682.55,112.07437348164927,
15774.0,3020856.2,1084382.2,-10552.75,-10209.04,-10374.9,-10419.66,-10484.66,-10515.66,-10678.66,12682.54,,
15775.0,3020855.65,1084383.03,-10552.72,-10209.01,-10374.87,-10419.63,-10484.63,-10515.63,-10678.63,12682.54,108.78392436774206,
15776.0,3020855.09,1084383.87,-10552.68,-10208.98,-10374.84,-10419.6,-10484.6,-10515.6,-10678.6,12682.53,104.39316583676394,
15777.0,3020854.54,1084384.7,-10552.64,-10208.95,-10374.81,-10419.57,-10484.57,-10515.57,-10678.57,12682.52,,
15778.0,3020853.99,1084385.53,-10552.6,-10208.92,-10374.78,-10419.54,-10484.54,-10515.54,-10678.54,12682.51,108.3438006009137,
15779.0,3020853.44,1084386.36,-10552.56,-10208.89,-10374.75,-10419.51,-10484.51,-10515.51,-10678.51,12682.5,109.21356899726496,
15780.0,3020852.88,1084387.2,-10552.53,-10208.86,-10374.72,-10419.48,-10484.48,-10515.48,-10678.48,12682.490000000002,104.82281046628684,
15781.0,3020852.33,1084388.03,-10552.49,-10208.83,-10374.69,-10419.45,-10484.45,-10515.45,-10678.45,12682.48,101.7524232357938,
15782.0,3020851.78,1084388.86,-10552.45,-10208.8,-10374.66,-10419.42,-10484.42,-10515.42,-10678.42,12682.47,,
15783.0,3020851.23,1084389.7,-10552.41,-10208.77,-10374.63,-10419.39,-10484.39,-10515.39,-10678.39,12682.46,104.38268669945847,
15784.0,3020850.68,1084390.53,-10552.37,-10208.75,-10374.61,-10419.37,-10484.37,-10515.37,-10678.37,12682.45,103.7329801865214,
15785.0,3020850.13,1084391.36,-10552.33,-10208.72,-10374.58,-10419.34,-10484.34,-10515.34,-10678.34,12682.44,99.56228353895746,
15786.0,3020849.58,1084392.2,-10552.29,-10208.69,-10374.55,-10419.31,-10484.31,-10515.31,-10678.31,12682.43,94.5113393577368,
15787.0,3020849.03,1084393.03,-10552.25,-10208.66,-10374.52,-10419.28,-10484.28,-10515.28,-10678.28,12682.42,97.36166470481568,
15788.0,3020848.48,1084393.87,-10552.21,-10208.63,-10374.49,-10419.25,-10484.25,-10515.25,-10678.25,12682.41,,
15789.0,3020847.93,1084394.7,-10552.17,-10208.6,-10374.46,-10419.22,-10484.22,-10515.22,-10678.22,12682.4,109.87375464750752,
15790.0,3020847.38,1084395.54,-10552.13,-10208.57,-10374.43,-10419.19,-10484.19,-10515.19,-10678.19,12682.39,111.19412594799256,
15791.0,3020846.83,1084396.37,-10552.09,-10208.52,-10374.38,-10419.14,-10484.14,-10515.14,-10678.14,12682.4,109.87375464750752,
15792.0,3020846.29,1084397.21,-10552.05,-10208.46,-10374.32,-10419.08,-10484.08,-10515.08,-10678.08,12682.41,108.11325958019408,
15793.0,3020845.74,1084398.04,-10552.01,-10208.41,-10374.27,-10419.03,-10484.03,-10515.03,-10678.03,12682.43,107.67313581336572,
15794.0,3020845.19,1084398.88,-10551.96,-10208.36,-10374.22,-10418.98,-10483.98,-10514.98,-10677.98,12682.44,105.70305799994355,
15795.0,3020844.64,1084399.72,-10551.92,-10208.3,-10374.16,-10418.92,-10483.92,-10514.92,-10677.92,12682.45,105.04287234970104,
15796.0,3020844.1,1084400.55,-10551.88,-10208.25,-10374.11,-10418.87,-10483.87,-10514.87,-10677.87,12682.46,,
15797.0,3020843.55,1084401.39,-10551.84,-10208.2,-10374.06,-10418.82,-10483.82,-10514.82,-10677.82,12682.47,104.38268669945847,
15798.0,3020843.01,1084402.23,-10551.8,-10208.14,-10374.0,-10418.76,-10483.76,-10514.76,-10677.76,12682.490000000002,103.72250104921596,
15799.0,3020842.46,1084403.06,-10551.76,-10208.09,-10373.95,-10418.71,-10483.71,-10514.71,-10677.71,12682.5,105.70305799994355,
15800.0,3020841.92,1084403.9,-10551.71,-10208.03,-10373.89,-10418.65,-10483.65,-10514.65,-10677.65,12682.51,106.14318176677192,
15801.0,3020841.37,1084404.74,-10551.67,-10207.98,-10373.84,-10418.6,-10483.6,-10514.6,-10677.6,12682.52,99.99192816848036,
15802.0,3020840.83,1084405.58,-10551.63,-10207.93,-10373.79,-10418.55,-10483.55,-10514.55,-10677.55,12682.53,98.46197412188656,
15803.0,3020840.28,1084406.41,-10551.59,-10207.87,-10373.73,-10418.49,-10483.49,-10514.49,-10677.49,12682.54,106.36324365018608,
15804.0,3020839.73,1084407.25,-10551.54,-10207.82,-10373.68,-10418.44,-10483.44,-10514.44,-10677.44,12682.55,111.58185402829376,
15805.0,3020839.19,1084408.09,-10551.5,-10207.77,-10373.63,-10418.39,-10483.39,-10514.39,-10677.39,12682.570000000002,99.72994973584444,
15806.0,3020838.64,1084408.92,-10551.46,-10207.71,-10373.57,-10418.33,-10483.33,-10514.33,-10677.33,12682.58,84.5875963294879,
15807.0,3020838.09,1084409.76,-10551.42,-10207.66,-10373.52,-10418.28,-10483.28,-10514.28,-10677.28,12682.59,80.80462776222512,
15808.0,3020837.54,1084410.59,-10551.38,-10207.61,-10373.47,-10418.23,-10483.23,-10514.23,-10677.23,12682.61,88.86308435010622,
15809.0,3020836.99,1084411.43,-10551.34,-10207.55,-10373.41,-10418.17,-10483.17,-10514.17,-10677.17,12682.62,99.61467922548464,
15810.0,3020836.44,1084412.26,-10551.3,-10207.5,-10373.36,-10418.12,-10483.12,-10514.12,-10677.12,12682.64,107.67313581336572,
15811.0,3020835.89,1084413.09,-10551.26,-10207.45,-10373.31,-10418.07,-10483.07,-10514.07,-10677.07,12682.65,,
15812.0,3020835.34,1084413.92,-10551.22,-10207.39,-10373.25,-10418.01,-10483.01,-10514.01,-10677.01,12682.66,,
15813.0,3020834.78,1084414.76,-10551.19,-10207.34,-10373.2,-10417.96,-10482.96,-10513.96,-10676.96,12682.68,108.11325958019408,
15814.0,3020834.23,1084415.59,-10551.15,-10207.29,-10373.15,-10417.91,-10482.91,-10513.91,-10676.91,12682.69,107.24349118384282,
15815.0,3020833.67,1084416.42,-10551.11,-10207.23,-10373.09,-10417.85,-10482.85,-10513.85,-10676.85,12682.71,,
15816.0,3020833.12,1084417.25,-10551.07,-10207.18,-10373.04,-10417.8,-10482.8,-10513.8,-10676.8,12682.72,99.1221597721291,
15817.0,3020832.56,1084418.08,-10551.04,-10207.13,-10372.99,-10417.75,-10482.75,-10513.75,-10676.75,12682.740000000002,100.66259295602836,
15818.0,3020832.01,1084418.91,-10551.0,-10207.07,-10372.93,-10417.69,-10482.69,-10513.69,-10676.69,12682.76,95.61164877480768,
15819.0,3020831.45,1084419.74,-10550.96,-10207.02,-10372.88,-10417.64,-10482.64,-10513.64,-10676.64,12682.78,92.7613234277288,
15820.0,3020830.89,1084420.57,-10550.93,-10206.97,-10372.83,-10417.59,-10482.59,-10513.59,-10676.59,12682.79,93.42150907797134,
15821.0,3020830.33,1084421.4,-10550.89,-10206.91,-10372.77,-10417.53,-10482.53,-10513.53,-10676.53,12682.81,95.3915868913935,
15822.0,3020829.77,1084422.22,-10550.86,-10206.86,-10372.72,-10417.48,-10482.48,-10513.48,-10676.48,12682.83,93.63109182408007,
15823.0,3020829.21,1084423.05,-10550.82,-10206.81,-10372.67,-10417.43,-10482.43,-10513.43,-10676.43,12682.85,91.66101401065792,
15824.0,3020828.65,1084423.88,-10550.79,-10206.75,-10372.61,-10417.37,-10482.37,-10513.37,-10676.37,12682.87,89.02027140968778,
15825.0,3020828.08,1084424.7,-10550.75,-10206.7,-10372.56,-10417.32,-10482.32,-10513.32,-10676.32,12682.88,88.37056489675068,
15826.0,3020827.52,1084425.53,-10550.72,-10206.65,-10372.51,-10417.27,-10482.27,-10513.27,-10676.27,12682.9,90.7807664770012,
15827.0,3020826.96,1084426.35,-10550.68,-10206.59,-10372.45,-10417.21,-10482.21,-10513.21,-10676.21,12682.93,94.95146312456517,
15828.0,3020826.39,1084427.18,-10550.65,-10206.54,-10372.4,-10417.16,-10482.16,-10513.16,-10676.16,12682.95,96.4395006219372,
15829.0,3020825.83,1084428.0,-10550.62,-10206.49,-10372.35,-10417.11,-10482.11,-10513.11,-10676.11,12682.97,91.66101401065792,
15830.0,3020825.26,1084428.83,-10550.59,-10206.43,-10372.29,-10417.05,-10482.05,-10513.05,-10676.05,12682.990000000002,88.59062678016487,
15831.0,3020824.69,1084429.65,-10550.55,-10206.38,-10372.24,-10417.0,-10482.0,-10513.0,-10676.0,12683.01,91.16849455730237,
15832.0,3020824.13,1084430.47,-10550.52,-10206.33,-10372.19,-10416.95,-10481.95,-10512.95,-10675.95,12683.03,92.310720523595,
15833.0,3020823.56,1084431.29,-10550.49,-10206.27,-10372.13,-10416.89,-10481.89,-10512.89,-10675.89,12683.05,,
15834.0,3020822.99,1084432.12,-10550.46,-10206.22,-10372.08,-10416.84,-10481.84,-10512.84,-10675.84,12683.070000000002,88.86308435010622,
15835.0,3020822.42,1084432.94,-10550.43,-10206.17,-10372.03,-10416.79,-10481.79,-10512.79,-10675.79,12683.1,85.404969039312,
15836.0,3020821.85,1084433.76,-10550.4,-10206.11,-10371.97,-10416.73,-10481.73,-10512.73,-10675.73,12683.12,85.89748849266753,
15837.0,3020821.28,1084434.58,-10550.37,-10206.06,-10371.92,-10416.68,-10481.68,-10512.68,-10675.68,12683.14,87.87804544339514,
15838.0,3020820.7,1084435.4,-10550.34,-10206.0,-10371.86,-10416.62,-10481.62,-10512.62,-10675.62,12683.17,85.237302842425,
15839.0,3020820.13,1084436.22,-10550.31,-10205.95,-10371.81,-10416.57,-10481.57,-10512.57,-10675.57,12683.19,,
15840.0,3020819.56,1084437.03,-10550.28,-10205.9,-10371.76,-10416.52,-10481.52,-10512.52,-10675.52,12683.22,74.71624898776619,
15841.0,3020818.98,1084437.85,-10550.25,-10205.84,-10371.7,-10416.46,-10481.46,-10512.46,-10675.46,12683.240000000002,70.93328042050342,
15842.0,3020818.41,1084438.67,-10550.23,-10205.79,-10371.65,-10416.41,-10481.41,-10512.41,-10675.41,12683.27,72.25365172098849,
15843.0,3020817.83,1084439.49,-10550.2,-10205.74,-10371.6,-10416.36,-10481.36,-10512.36,-10675.36,12683.29,76.85399299807536,
15844.0,3020817.25,1084440.3,-10550.17,-10205.68,-10371.54,-10416.3,-10481.3,-10512.3,-10675.3,12683.320000000002,80.80462776222512,
15845.0,3020816.68,1084441.12,-10550.14,-10205.63,-10371.49,-10416.25,-10481.25,-10512.25,-10675.25,12683.34,80.1444421119826,
15846.0,3020816.1,1084441.94,-10550.12,-10205.58,-10371.44,-10416.2,-10481.2,-10512.2,-10675.2,12683.37,77.51417864831788,
15847.0,3020815.52,1084442.75,-10550.09,-10205.52,-10371.38,-10416.14,-10481.14,-10512.14,-10675.14,12683.4,76.85399299807536,
15848.0,3020814.94,1084443.56,-10550.06,-10205.47,-10371.33,-10416.09,-10481.09,-10512.09,-10675.09,12683.43,,
15849.0,3020814.36,1084444.38,-10550.04,-10205.42,-10371.28,-10416.04,-10481.04,-10512.04,-10675.04,12683.46,80.80462776222512,
15850.0,3020813.78,1084445.19,-10550.01,-10205.36,-10371.22,-10415.98,-10480.98,-10511.98,-10674.98,12683.490000000002,,
15851.0,3020813.2,1084446.0,-10549.99,-10205.31,-10371.17,-10415.93,-10480.93,-10511.93,-10674.93,12683.51,78.83454994880296,
15852.0,3020812.61,1084446.82,-10549.96,-10205.26,-10371.12,-10415.88,-10480.88,-10511.88,-10674.88,12683.54,75.54410083489573,
15853.0,3020812.03,1084447.63,-10549.94,-10205.2,-10371.06,-10415.82,-10480.82,-10511.82,-10674.82,12683.570000000002,70.93328042050342,
15854.0,3020811.45,1084448.44,-10549.92,-10205.15,-10371.01,-10415.77,-10480.77,-10511.77,-10674.77,12683.6,68.3030169568387,
15855.0,3020810.86,1084449.25,-10549.89,-10205.1,-10370.96,-10415.72,-10480.72,-10511.72,-10674.72,12683.63,67.64283130659618,
15856.0,3020810.28,1084450.06,-10549.87,-10205.05,-10370.91,-10415.67,-10480.67,-10511.67,-10674.67,12683.65,67.86289319001037,
15857.0,3020809.69,1084450.87,-10549.85,-10205.0,-10370.86,-10415.62,-10480.62,-10511.62,-10674.62,12683.68,,
15858.0,3020809.1,1084451.68,-10549.83,-10204.96,-10370.82,-10415.58,-10480.58,-10511.58,-10674.58,12683.7,69.60242998271292,
15859.0,3020808.51,1084452.49,-10549.8,-10204.91,-10370.77,-10415.53,-10480.53,-10511.53,-10674.53,12683.73,69.82249186612708,
15860.0,3020807.93,1084453.3,-10549.78,-10204.86,-10370.72,-10415.48,-10480.48,-10511.48,-10674.48,12683.75,,
15861.0,3020807.34,1084454.1,-10549.76,-10204.82,-10370.68,-10415.44,-10480.44,-10511.44,-10674.44,12683.78,71.14286316661216,
15862.0,3020806.75,1084454.91,-10549.74,-10204.77,-10370.63,-10415.39,-10480.39,-10511.39,-10674.39,12683.8,72.90335823392557,
15863.0,3020806.16,1084455.72,-10549.72,-10204.73,-10370.59,-10415.35,-10480.35,-10511.35,-10674.35,12683.83,,
15864.0,3020805.56,1084456.52,-10549.7,-10204.68,-10370.54,-10415.3,-10480.3,-10511.3,-10674.3,12683.85,,
15865.0,3020804.97,1084457.33,-10549.68,-10204.63,-10370.49,-10415.25,-10480.25,-10511.25,-10674.25,12683.88,70.26261563295544,
15866.0,3020804.38,1084458.13,-10549.66,-10204.6,-10370.46,-10415.22,-10480.22,-10511.22,-10674.22,12683.89,72.02311070026887,
15867.0,3020803.78,1084458.94,-10549.64,-10204.57,-10370.43,-10415.19,-10480.19,-10511.19,-10674.19,12683.9,73.34348200075394,
15868.0,3020803.19,1084459.74,-10549.62,-10204.54,-10370.4,-10415.16,-10480.16,-10511.16,-10674.16,12683.91,72.02311070026887,
15869.0,3020802.59,1084460.55,-10549.6,-10204.52,-10370.38,-10415.14,-10480.14,-10511.14,-10674.14,12683.92,71.58298693344052,
15870.0,3020802.0,1084461.35,-10549.58,-10204.49,-10370.35,-10415.11,-10480.11,-10511.11,-10674.11,12683.93,,
15871.0,3020801.4,1084462.15,-10549.57,-10204.46,-10370.32,-10415.08,-10480.08,-10511.08,-10674.08,12683.94,74.22372953441065,
15872.0,3020800.8,1084462.95,-10549.55,-10204.43,-10370.29,-10415.05,-10480.05,-10511.05,-10674.05,12683.96,72.90335823392557,
15873.0,3020800.21,1084463.75,-10549.53,-10204.4,-10370.26,-10415.02,-10480.02,-10511.02,-10674.02,12683.97,71.14286316661216,
15874.0,3020799.61,1084464.55,-10549.52,-10204.37,-10370.23,-10414.99,-10479.99,-10510.99,-10673.99,12683.98,69.82249186612708,
15875.0,3020799.01,1084465.35,-10549.5,-10204.34,-10370.2,-10414.96,-10479.96,-10510.96,-10673.96,12683.990000000002,,
15876.0,3020798.41,1084466.15,-10549.48,-10204.31,-10370.17,-10414.93,-10479.93,-10510.93,-10673.93,12684.0,,
15877.0,3020797.81,1084466.95,-10549.47,-10204.28,-10370.14,-10414.9,-10479.9,-10510.9,-10673.9,12684.02,,
15878.0,3020797.2,1084467.75,-10549.45,-10204.25,-10370.11,-10414.87,-10479.87,-10510.87,-10673.87,12684.03,,
15879.0,3020796.6,1084468.55,-10549.44,-10204.22,-10370.08,-10414.84,-10479.84,-10510.84,-10673.84,12684.05,,
15880.0,3020796.0,1084469.35,-10549.42,-10204.19,-10370.05,-10414.81,-10479.81,-10510.81,-10673.81,12684.06,69.60242998271292,
15881.0,3020795.39,1084470.14,-10549.41,-10204.17,-10370.03,-10414.79,-10479.79,-10510.79,-10673.79,12684.08,,
15882.0,3020794.79,1084470.94,-10549.4,-10204.14,-10370.0,-10414.76,-10479.76,-10510.76,-10673.76,12684.09,67.86289319001037,
15883.0,3020794.18,1084471.74,-10549.38,-10204.11,-10369.97,-10414.73,-10479.73,-10510.73,-10673.73,12684.11,69.4557220604368,
15884.0,3020793.58,1084472.53,-10549.37,-10204.08,-10369.94,-10414.7,-10479.7,-10510.7,-10673.7,12684.12,76.68632680118836,
15885.0,3020792.97,1084473.33,-10549.36,-10204.05,-10369.91,-10414.67,-10479.67,-10510.67,-10673.67,12684.14,82.7747055756473,
15886.0,3020792.36,1084474.12,-10549.34,-10204.02,-10369.88,-10414.64,-10479.64,-10510.64,-10673.64,12684.16,79.9767759150956,
15887.0,3020791.75,1084474.91,-10549.33,-10203.99,-10369.85,-10414.61,-10479.61,-10510.61,-10673.61,12684.17,76.03662028825127,
15888.0,3020791.15,1084475.71,-10549.32,-10203.96,-10369.82,-10414.58,-10479.58,-10510.58,-10673.58,12684.19,77.51417864831788,
15889.0,3020790.54,1084476.5,-10549.31,-10203.93,-10369.79,-10414.55,-10479.55,-10510.55,-10673.55,12684.21,79.4947355990455,
15890.0,3020789.93,1084477.29,-10549.3,-10203.9,-10369.76,-10414.52,-10479.52,-10510.52,-10673.52,12684.23,77.51417864831788,
15891.0,3020789.31,1084478.08,-10549.29,-10203.87,-10369.73,-10414.49,-10479.49,-10510.49,-10673.49,12684.25,76.6968059384938,
15892.0,3020788.7,1084478.87,-10549.28,-10203.84,-10369.7,-10414.46,-10479.46,-10510.46,-10673.46,12684.27,83.26722502900284,
15893.0,3020788.09,1084479.66,-10549.27,-10203.82,-10369.68,-10414.44,-10479.44,-10510.44,-10673.44,12684.29,85.08011578284344,
15894.0,3020787.48,1084480.45,-10549.26,-10203.79,-10369.65,-10414.41,-10479.41,-10510.41,-10673.41,12684.3,79.65192265862706,
15895.0,3020786.86,1084481.24,-10549.25,-10203.76,-10369.62,-10414.38,-10479.38,-10510.38,-10673.38,12684.320000000002,75.37643463800872,
15896.0,3020786.25,1084482.03,-10549.24,-10203.73,-10369.59,-10414.35,-10479.35,-10510.35,-10673.35,12684.34,79.9767759150956,
15897.0,3020785.63,1084482.82,-10549.23,-10203.7,-10369.56,-10414.32,-10479.32,-10510.32,-10673.32,12684.36,85.237302842425,
15898.0,3020785.02,1084483.61,-10549.22,-10203.67,-10369.53,-10414.29,-10479.29,-10510.29,-10673.29,12684.38,88.37056489675068,
15899.0,3020784.41,1084484.4,-10549.21,-10203.64,-10369.5,-10414.26,-10479.26,-10510.26,-10673.26,12684.4,,
15900.0,3020783.79,1084485.19,-10549.2,-10203.61,-10369.47,-10414.23,-10479.23,-10510.23,-10673.23,12684.42,86.39000794602308,
15901.0,3020783.18,1084485.98,-10549.19,-10203.58,-10369.44,-10414.2,-10479.2,-10510.2,-10673.2,12684.44,85.74030143308599,
15902.0,3020782.57,1084486.77,-10549.19,-10203.55,-10369.41,-10414.17,-10479.17,-10510.17,-10673.17,12684.46,,
15903.0,3020781.96,1084487.56,-10549.18,-10203.52,-10369.38,-10414.14,-10479.14,-10510.14,-10673.14,12684.48,,
15904.0,3020781.35,1084488.35,-10549.17,-10203.5,-10369.36,-10414.12,-10479.12,-10510.12,-10673.12,12684.5,,
15905.0,3020780.74,1084489.14,-10549.16,-10203.47,-10369.33,-10414.09,-10479.09,-10510.09,-10673.09,12684.52,85.237302842425,
15906.0,3020780.13,1084489.94,-10549.15,-10203.42,-10369.28,-10414.04,-10479.04,-10510.04,-10673.04,12684.55,,
15907.0,3020779.52,1084490.73,-10549.14,-10203.38,-10369.24,-10414.0,-10479.0,-10510.0,-10673.0,12684.59,81.29714721558067,
15908.0,3020778.91,1084491.52,-10549.13,-10203.33,-10369.19,-10413.95,-10478.95,-10509.95,-10672.95,12684.62,80.80462776222512,
15909.0,3020778.3,1084492.31,-10549.12,-10203.29,-10369.15,-10413.91,-10478.91,-10509.91,-10672.91,12684.66,84.26274307301935,
15910.0,3020777.69,1084493.11,-10549.11,-10203.24,-10369.1,-10413.86,-10478.86,-10509.86,-10672.86,12684.69,83.43489122588983,
15911.0,3020777.08,1084493.9,-10549.09,-10203.2,-10369.06,-10413.82,-10478.82,-10509.82,-10672.82,12684.72,85.08011578284344,
15912.0,3020776.47,1084494.7,-10549.08,-10203.16,-10369.02,-10413.78,-10478.78,-10509.78,-10672.78,12684.76,88.21337783716913,
15913.0,3020775.86,1084495.49,-10549.07,-10203.11,-10368.97,-10413.73,-10478.73,-10509.73,-10672.73,12684.79,97.3721438421211,
15914.0,3020775.26,1084496.28,-10549.06,-10203.07,-10368.93,-10413.69,-10478.69,-10509.69,-10672.69,12684.820000000002,101.1027167228567,
15915.0,3020774.65,1084497.08,-10549.05,-10203.02,-10368.88,-10413.64,-10478.64,-10509.64,-10672.64,12684.86,,
15916.0,3020774.04,1084497.87,-10549.04,-10202.97,-10368.83,-10413.59,-10478.59,-10509.59,-10672.59,12684.9,98.472453259192,
15917.0,3020773.44,1084498.67,-10549.03,-10202.92,-10368.78,-10413.54,-10478.54,-10509.54,-10672.54,12684.94,98.90209788871492,
15918.0,3020772.83,1084499.47,-10549.02,-10202.87,-10368.73,-10413.49,-10478.49,-10509.49,-10672.49,12684.98,101.31229946896543,
15919.0,3020772.23,1084500.26,-10549.01,-10202.82,-10368.68,-10413.44,-10478.44,-10509.44,-10672.44,12685.02,104.60274858287268,
15920.0,3020771.62,1084501.06,-10549.0,-10202.77,-10368.63,-10413.39,-10478.39,-10509.39,-10672.39,12685.06,107.46355306725698,
15921.0,3020771.02,1084501.85,-10548.98,-10202.72,-10368.58,-10413.34,-10478.34,-10509.34,-10672.34,12685.1,107.68361495067116,
15922.0,3020770.41,1084502.65,-10548.97,-10202.66,-10368.52,-10413.28,-10478.28,-10509.28,-10672.28,12685.14,105.26293423311522,
15923.0,3020769.81,1084503.45,-10548.96,-10202.61,-10368.47,-10413.23,-10478.23,-10509.23,-10672.23,12685.18,104.60274858287268,
15924.0,3020769.21,1084504.25,-10548.95,-10202.56,-10368.42,-10413.18,-10478.18,-10509.18,-10672.18,12685.22,105.47251697922395,
15925.0,3020768.6,1084505.04,-10548.94,-10202.51,-10368.37,-10413.13,-10478.13,-10509.13,-10672.13,12685.26,107.66265667606032,
15926.0,3020768.0,1084505.84,-10548.93,-10202.46,-10368.32,-10413.08,-10478.08,-10509.08,-10672.08,12685.3,108.55338334702245,
15927.0,3020767.4,1084506.64,-10548.91,-10202.41,-10368.27,-10413.03,-10478.03,-10509.03,-10672.03,12685.34,111.19412594799256,
15928.0,3020766.8,1084507.44,-10548.9,-10202.36,-10368.22,-10412.98,-10477.98,-10508.98,-10671.98,12685.37,108.56386248432788,
15929.0,3020766.2,1084508.24,-10548.89,-10202.31,-10368.17,-10412.93,-10477.93,-10508.93,-10671.93,12685.41,107.68361495067116,
15930.0,3020765.6,1084509.04,-10548.88,-10202.25,-10368.11,-10412.87,-10477.87,-10508.87,-10671.87,12685.45,111.19412594799256,
15931.0,3020765.0,1084509.84,-10548.86,-10202.2,-10368.06,-10412.82,-10477.82,-10508.82,-10671.82,12685.490000000002,111.41418783140676,
15932.0,3020764.4,1084510.64,-10548.85,-10202.15,-10368.01,-10412.77,-10477.77,-10508.77,-10671.77,12685.53,109.00398625115623,
15933.0,3020763.8,1084511.44,-10548.84,-10202.1,-10367.96,-10412.72,-10477.72,-10508.72,-10671.72,12685.570000000002,107.46355306725698,
15934.0,3020763.2,1084512.24,-10548.83,-10202.05,-10367.91,-10412.67,-10477.67,-10508.67,-10671.67,12685.61,111.63424971482094,
15935.0,3020762.6,1084513.04,-10548.81,-10202.0,-10367.86,-10412.62,-10477.62,-10508.62,-10671.62,12685.65,114.48457506189982,
15936.0,3020762.0,1084513.84,-10548.8,-10201.95,-10367.81,-10412.57,-10477.57,-10508.57,-10671.57,12685.68,112.94414187800056,
15937.0,3020761.4,1084514.64,-10548.79,-10201.9,-10367.76,-10412.52,-10477.52,-10508.52,-10671.52,12685.72,115.36482259555652,
15938.0,3020760.8,1084515.44,-10548.77,-10201.84,-10367.7,-10412.46,-10477.46,-10508.46,-10671.46,12685.76,113.82438941165728,
15939.0,3020760.21,1084516.24,-10548.76,-10201.79,-10367.65,-10412.41,-10477.41,-10508.41,-10671.41,12685.8,110.75400218116422,
15940.0,3020759.61,1084517.05,-10548.75,-10201.74,-10367.6,-10412.36,-10477.36,-10508.36,-10671.36,12685.84,104.39316583676394,
15941.0,3020759.01,1084517.85,-10548.73,-10201.69,-10367.55,-10412.31,-10477.31,-10508.31,-10671.31,12685.87,101.7524232357938,
15942.0,3020758.42,1084518.65,-10548.72,-10201.64,-10367.5,-10412.26,-10477.26,-10508.26,-10671.26,12685.91,104.16262481604431,
15943.0,3020757.82,1084519.45,-10548.71,-10201.59,-10367.45,-10412.21,-10477.21,-10508.21,-10671.21,12685.95,110.53394029775004,
15944.0,3020757.23,1084520.26,-10548.69,-10201.54,-10367.4,-10412.16,-10477.16,-10508.16,-10671.16,12685.990000000002,112.29443536506346,
15945.0,3020756.63,1084521.06,-10548.68,-10201.49,-10367.35,-10412.11,-10477.11,-10508.11,-10671.11,12686.02,108.9935071138508,
15946.0,3020756.04,1084521.87,-10548.67,-10201.43,-10367.29,-10412.05,-10477.05,-10508.05,-10671.05,12686.06,104.38268669945847,
15947.0,3020755.44,1084522.67,-10548.65,-10201.38,-10367.24,-10412.0,-10477.0,-10508.0,-10671.0,12686.1,102.85273265286467,
15948.0,3020754.85,1084523.47,-10548.64,-10201.33,-10367.19,-10411.95,-10476.95,-10507.95,-10670.95,12686.14,106.58330553360028,
15949.0,3020754.26,1084524.28,-10548.62,-10201.28,-10367.14,-10411.9,-10476.9,-10507.9,-10670.9,12686.17,110.9740640645784,
15950.0,3020753.66,1084525.08,-10548.61,-10201.23,-10367.09,-10411.85,-10476.85,-10507.85,-10670.85,12686.21,112.73455913189184,
15951.0,3020753.07,1084525.89,-10548.59,-10201.18,-10367.04,-10411.8,-10476.8,-10507.8,-10670.8,12686.25,115.36482259555652,
15952.0,3020752.48,1084526.7,-10548.58,-10201.13,-10366.99,-10411.75,-10476.75,-10507.75,-10670.75,12686.28,112.73455913189184,
15953.0,3020751.89,1084527.5,-10548.57,-10201.07,-10366.93,-10411.69,-10476.69,-10507.69,-10670.69,12686.320000000002,,
15954.0,3020751.3,1084528.31,-10548.55,-10201.02,-10366.88,-10411.64,-10476.64,-10507.64,-10670.64,12686.36,105.92311988335774,
15955.0,3020750.71,1084529.12,-10548.54,-10200.97,-10366.83,-10411.59,-10476.59,-10507.59,-10670.59,12686.39,,
15956.0,3020750.11,1084529.92,-10548.52,-10200.92,-10366.78,-10411.54,-10476.54,-10507.54,-10670.54,12686.43,107.90367683408536,
15957.0,3020749.52,1084530.73,-10548.51,-10200.87,-10366.73,-10411.49,-10476.49,-10507.49,-10670.49,12686.46,114.26451317848564,
15958.0,3020748.94,1084531.54,-10548.49,-10200.82,-10366.68,-10411.44,-10476.44,-10507.44,-10670.44,12686.5,114.704636945314,
15959.0,3020748.35,1084532.35,-10548.47,-10200.77,-10366.63,-10411.39,-10476.39,-10507.39,-10670.39,12686.54,,
15960.0,3020747.76,1084533.15,-10548.46,-10200.72,-10366.58,-10411.34,-10476.34,-10507.34,-10670.34,12686.570000000002,105.48299611652938,
15961.0,3020747.17,1084533.96,-10548.44,-10200.66,-10366.52,-10411.28,-10476.28,-10507.28,-10670.28,12686.61,102.19254700262216,
15962.0,3020746.58,1084534.77,-10548.43,-10200.61,-10366.47,-10411.23,-10476.23,-10507.23,-10670.23,12686.64,,
15963.0,3020745.99,1084535.58,-10548.41,-10200.56,-10366.42,-10411.18,-10476.18,-10507.18,-10670.18,12686.68,110.9740640645784,
15964.0,3020745.41,1084536.39,-10548.4,-10200.51,-10366.37,-10411.13,-10476.13,-10507.13,-10670.13,12686.72,113.16420376141475,
15965.0,3020744.82,1084537.2,-10548.38,-10200.46,-10366.32,-10411.08,-10476.08,-10507.08,-10670.08,12686.75,110.09381653092169,
15966.0,3020744.23,1084538.01,-10548.37,-10200.41,-10366.27,-10411.03,-10476.03,-10507.03,-10670.03,12686.79,110.53394029775004,
15967.0,3020743.65,1084538.82,-10548.35,-10200.36,-10366.22,-10410.98,-10475.98,-10506.98,-10669.98,12686.820000000002,112.29443536506346,
15968.0,3020743.06,1084539.63,-10548.33,-10200.31,-10366.17,-10410.93,-10475.93,-10506.93,-10669.93,12686.86,111.19412594799256,
15969.0,3020742.48,1084540.44,-10548.32,-10200.25,-10366.11,-10410.87,-10475.87,-10506.87,-10669.87,12686.89,109.66417190139876,
15970.0,3020741.89,1084541.25,-10548.3,-10200.2,-10366.06,-10410.82,-10475.82,-10506.82,-10669.82,12686.93,110.9740640645784,
15971.0,3020741.31,1084542.06,-10548.28,-10200.15,-10366.01,-10410.77,-10475.77,-10506.77,-10669.77,12686.96,105.70305799994355,
15972.0,3020740.72,1084542.87,-10548.27,-10200.1,-10365.96,-10410.72,-10475.72,-10506.72,-10669.72,12687.0,99.34222165554328,
15973.0,3020740.14,1084543.69,-10548.25,-10200.05,-10365.91,-10410.67,-10475.67,-10506.67,-10669.67,12687.03,101.31229946896543,
15974.0,3020739.56,1084544.5,-10548.23,-10200.0,-10365.86,-10410.62,-10475.62,-10506.62,-10669.62,12687.070000000002,108.3438006009137,
15975.0,3020738.97,1084545.31,-10548.22,-10199.95,-10365.81,-10410.57,-10475.57,-10506.57,-10669.57,12687.1,111.19412594799256,
15976.0,3020738.39,1084546.12,-10548.2,-10199.89,-10365.75,-10410.51,-10475.51,-10506.51,-10669.51,12687.13,108.3438006009137,
15977.0,3020737.81,1084546.94,-10548.18,-10199.84,-10365.7,-10410.46,-10475.46,-10506.46,-10669.46,12687.17,103.07279453627886,
15978.0,3020737.23,1084547.75,-10548.17,-10199.79,-10365.65,-10410.41,-10475.41,-10506.41,-10669.41,12687.2,100.0024073057858,
15979.0,3020736.65,1084548.56,-10548.15,-10199.74,-10365.6,-10410.36,-10475.36,-10506.36,-10669.36,12687.240000000002,103.51291830310724,
15980.0,3020736.07,1084549.38,-10548.13,-10199.69,-10365.55,-10410.31,-10475.31,-10506.31,-10669.31,12687.27,107.90367683408536,
15981.0,3020735.49,1084550.19,-10548.11,-10199.64,-10365.5,-10410.26,-10475.26,-10506.26,-10669.26,12687.3,107.02342930042865,
15982.0,3020734.91,1084551.01,-10548.1,-10199.59,-10365.45,-10410.21,-10475.21,-10506.21,-10669.21,12687.34,102.64314990675597,
15983.0,3020734.33,1084551.82,-10548.08,-10199.54,-10365.4,-10410.16,-10475.16,-10506.16,-10669.16,12687.37,99.78234542237163,
15984.0,3020733.75,1084552.64,-10548.06,-10199.48,-10365.34,-10410.1,-10475.1,-10506.1,-10669.1,12687.41,,
15985.0,3020733.17,1084553.45,-10548.04,-10199.43,-10365.29,-10410.05,-10475.05,-10506.05,-10669.05,12687.44,100.0024073057858,
15986.0,3020732.59,1084554.27,-10548.02,-10199.38,-10365.24,-10410.0,-10475.0,-10506.0,-10669.0,12687.47,98.46197412188656,
15987.0,3020732.01,1084555.08,-10548.01,-10199.33,-10365.19,-10409.95,-10474.95,-10505.95,-10668.95,12687.5,99.1221597721291,
15988.0,3020731.44,1084555.9,-10547.99,-10199.28,-10365.14,-10409.9,-10474.9,-10505.9,-10668.9,12687.54,,
15989.0,3020730.86,1084556.72,-10547.97,-10199.23,-10365.09,-10409.85,-10474.85,-10505.85,-10668.85,12687.570000000002,105.05335148700648,
15990.0,3020730.28,1084557.53,-10547.95,-10199.18,-10365.04,-10409.8,-10474.8,-10505.8,-10668.8,12687.6,102.19254700262216,
15991.0,3020729.71,1084558.35,-10547.93,-10199.13,-10364.99,-10409.75,-10474.75,-10505.75,-10668.75,12687.63,101.09223758555126,
15992.0,3020729.13,1084559.17,-10547.91,-10199.07,-10364.93,-10409.69,-10474.69,-10505.69,-10668.69,12687.67,101.32277860627087,
15993.0,3020728.56,1084559.98,-10547.89,-10199.02,-10364.88,-10409.64,-10474.64,-10505.64,-10668.64,12687.7,102.41260888603634,
15994.0,3020727.98,1084560.8,-10547.87,-10198.97,-10364.83,-10409.59,-10474.59,-10505.59,-10668.59,12687.73,102.85273265286467,
15995.0,3020727.4,1084561.62,-10547.85,-10198.92,-10364.78,-10409.54,-10474.54,-10505.54,-10668.54,12687.76,101.09223758555126,
15996.0,3020726.83,1084562.44,-10547.83,-10198.87,-10364.73,-10409.49,-10474.49,-10505.49,-10668.49,12687.79,100.22246918919998,
15997.0,3020726.26,1084563.26,-10547.81,-10198.82,-10364.68,-10409.44,-10474.44,-10505.44,-10668.44,12687.820000000002,,
15998.0,3020725.68,1084564.07,-10547.79,-10198.77,-10364.63,-10409.39,-10474.39,-10505.39,-10668.39,12687.85,93.19096805725172,
15999.0,3020725.11,1084564.89,-10547.77,-10198.71,-10364.57,-10409.33,-10474.33,-10505.33,-10668.33,12687.88,91.00082836041538,
16000.0,3020724.53,1084565.71,-10547.75,-10198.66,-10364.52,-10409.28,-10474.28,-10505.28,-10668.28,12687.91,90.34064271017284,
16001.0,3020723.96,1084566.53,-10547.73,-10198.61,-10364.47,-10409.23,-10474.23,-10505.23,-10668.23,12687.94,89.02027140968778,
16002.0,3020723.39,1084567.35,-10547.7,-10198.56,-10364.42,-10409.18,-10474.18,-10505.18,-10668.18,12687.97,89.6804570599303,
16003.0,3020722.81,1084568.17,-10547.68,-10198.51,-10364.37,-10409.13,-10474.13,-10505.13,-10668.13,12688.0,92.981385311143,
16004.0,3020722.24,1084568.99,-10547.66,-10198.46,-10364.32,-10409.08,-10474.08,-10505.08,-10668.08,12688.03,92.10113777748629,
16005.0,3020721.67,1084569.81,-10547.63,-10198.41,-10364.27,-10409.03,-10474.03,-10505.03,-10668.03,12688.06,89.03075054699322,
16006.0,3020721.1,1084570.63,-10547.61,-10198.36,-10364.22,-10408.98,-10473.98,-10504.98,-10667.98,12688.08,85.237302842425,
16007.0,3020720.53,1084571.45,-10547.59,-10198.3,-10364.16,-10408.92,-10473.92,-10504.92,-10667.92,12688.11,84.86005389942926,
16008.0,3020719.96,1084572.27,-10547.56,-10198.25,-10364.11,-10408.87,-10473.87,-10504.87,-10667.87,12688.13,89.69093619723574,
16009.0,3020719.38,1084573.09,-10547.54,-10198.2,-10364.06,-10408.82,-10473.82,-10504.82,-10667.82,12688.16,92.70892774120162,
16010.0,3020718.81,1084573.91,-10547.51,-10198.15,-10364.01,-10408.77,-10473.77,-10504.77,-10667.77,12688.19,89.40799948998895,
16011.0,3020718.24,1084574.73,-10547.48,-10198.1,-10363.96,-10408.72,-10473.72,-10504.72,-10667.72,12688.21,81.9573328658232,
16012.0,3020717.67,1084575.55,-10547.46,-10198.05,-10363.91,-10408.67,-10473.67,-10504.67,-10667.67,12688.240000000002,80.47977450575657,
16013.0,3020717.1,1084576.38,-10547.43,-10198.0,-10363.86,-10408.62,-10473.62,-10504.62,-10667.62,12688.26,81.62200047204921,
16014.0,3020716.53,1084577.2,-10547.41,-10197.95,-10363.81,-10408.57,-10473.57,-10504.57,-10667.57,12688.29,83.0576422828941,
16015.0,3020715.97,1084578.02,-10547.38,-10197.89,-10363.75,-10408.51,-10473.51,-10504.51,-10667.51,12688.31,82.55464369223311,
16016.0,3020715.4,1084578.84,-10547.35,-10197.84,-10363.7,-10408.46,-10473.46,-10504.46,-10667.46,12688.34,80.47977450575657,
16017.0,3020714.83,1084579.66,-10547.32,-10197.79,-10363.65,-10408.41,-10473.41,-10504.41,-10667.41,12688.36,77.29411676490372,
16018.0,3020714.26,1084580.49,-10547.3,-10197.74,-10363.6,-10408.36,-10473.36,-10504.36,-10667.36,12688.38,77.51417864831788,
16019.0,3020713.69,1084581.31,-10547.27,-10197.69,-10363.55,-10408.31,-10473.31,-10504.31,-10667.31,12688.4,76.20428648513825,
16020.0,3020713.12,1084582.13,-10547.24,-10197.64,-10363.5,-10408.26,-10473.26,-10504.26,-10667.26,12688.43,74.22372953441065,
16021.0,3020712.56,1084582.95,-10547.21,-10197.59,-10363.45,-10408.21,-10473.21,-10504.21,-10667.21,12688.45,,
16022.0,3020711.99,1084583.78,-10547.18,-10197.53,-10363.39,-10408.15,-10473.15,-10504.15,-10667.15,12688.47,76.52913974160681,
16023.0,3020711.42,1084584.6,-10547.15,-10197.48,-10363.34,-10408.1,-10473.1,-10504.1,-10667.1,12688.490000000002,,
16024.0,3020710.86,1084585.42,-10547.12,-10197.43,-10363.29,-10408.05,-10473.05,-10504.05,-10667.05,12688.52,74.49618710435202,
16025.0,3020710.29,1084586.25,-10547.09,-10197.38,-10363.24,-10408.0,-10473.0,-10504.0,-10667.0,12688.54,78.60400892808335,
16026.0,3020709.73,1084587.07,-10547.06,-10197.33,-10363.19,-10407.95,-10472.95,-10503.95,-10666.95,12688.56,77.95430241514624,
16027.0,3020709.16,1084587.9,-10547.03,-10197.28,-10363.14,-10407.9,-10472.9,-10503.9,-10666.9,12688.58,,
16028.0,3020708.59,1084588.72,-10547.0,-10197.23,-10363.09,-10407.85,-10472.85,-10503.85,-10666.85,12688.6,70.71321853708925,
16029.0,3020708.03,1084589.55,-10546.97,-10197.18,-10363.04,-10407.8,-10472.8,-10503.8,-10666.8,12688.62,72.0335898375743,
16030.0,3020707.47,1084590.37,-10546.93,-10197.12,-10362.98,-10407.74,-10472.74,-10503.74,-10666.74,12688.63,74.00366765099648,
16031.0,3020706.9,1084591.19,-10546.9,-10197.07,-10362.93,-10407.69,-10472.69,-10503.69,-10666.69,12688.65,72.46323446709724,
16032.0,3020706.34,1084592.02,-10546.87,-10197.02,-10362.88,-10407.64,-10472.64,-10503.64,-10666.64,12688.67,71.80304881685468,
16033.0,3020705.77,1084592.85,-10546.83,-10196.97,-10362.83,-10407.59,-10472.59,-10503.59,-10666.59,12688.69,72.90335823392557,
16034.0,3020705.21,1084593.67,-10546.8,-10196.92,-10362.78,-10407.54,-10472.54,-10503.54,-10666.54,12688.71,75.37643463800872,
16035.0,3020704.65,1084594.5,-10546.77,-10196.87,-10362.73,-10407.49,-10472.49,-10503.49,-10666.49,12688.73,78.83454994880296,
16036.0,3020704.08,1084595.32,-10546.73,-10196.82,-10362.68,-10407.44,-10472.44,-10503.44,-10666.44,12688.75,78.39442618197461,
16037.0,3020703.52,1084596.15,-10546.7,-10196.77,-10362.63,-10407.39,-10472.39,-10503.39,-10666.39,12688.76,74.49618710435202,
16038.0,3020702.96,1084596.98,-10546.66,-10196.71,-10362.57,-10407.33,-10472.33,-10503.33,-10666.33,12688.78,73.34348200075394,
16039.0,3020702.4,1084597.8,-10546.63,-10196.66,-10362.52,-10407.28,-10472.28,-10503.28,-10666.28,12688.79,72.91383737123103,
16040.0,3020701.84,1084598.63,-10546.59,-10196.61,-10362.47,-10407.23,-10472.23,-10503.23,-10666.23,12688.81,68.3030169568387,
16041.0,3020701.28,1084599.46,-10546.56,-10196.56,-10362.42,-10407.18,-10472.18,-10503.18,-10666.18,12688.820000000002,65.67275349317401,
16042.0,3020700.71,1084600.28,-10546.52,-10196.51,-10362.37,-10407.13,-10472.13,-10503.13,-10666.13,12688.84,66.99312479365908,
16043.0,3020700.15,1084601.11,-10546.49,-10196.46,-10362.32,-10407.08,-10472.08,-10503.08,-10666.08,12688.85,68.96320260708126,
16044.0,3020699.59,1084601.94,-10546.45,-10196.41,-10362.27,-10407.03,-10472.03,-10503.03,-10666.03,12688.87,,
16045.0,3020699.03,1084602.77,-10546.41,-10196.36,-10362.22,-10406.98,-10471.98,-10502.98,-10665.98,12688.89,79.4947355990455,
16046.0,3020698.47,1084603.59,-10546.37,-10196.3,-10362.16,-10406.92,-10471.92,-10502.92,-10665.92,12688.9,78.83454994880296,
16047.0,3020697.92,1084604.42,-10546.34,-10196.25,-10362.11,-10406.87,-10471.87,-10502.87,-10665.87,12688.91,76.20428648513825,
16048.0,3020697.36,1084605.25,-10546.3,-10196.2,-10362.06,-10406.82,-10471.82,-10502.82,-10665.82,12688.92,74.22372953441065,
16049.0,3020696.8,1084606.08,-10546.26,-10196.15,-10362.01,-10406.77,-10471.77,-10502.77,-10665.77,12688.93,73.78360576758229,
16050.0,3020696.24,1084606.91,-10546.22,-10196.1,-10361.96,-10406.72,-10471.72,-10502.72,-10665.72,12688.95,72.02311070026887,
16051.0,3020695.68,1084607.74,-10546.18,-10196.05,-10361.91,-10406.67,-10471.67,-10502.67,-10665.67,12688.96,69.61290912001834,
16052.0,3020695.12,1084608.56,-10546.14,-10196.0,-10361.86,-10406.62,-10471.62,-10502.62,-10665.62,12688.97,68.95272346977582,
16053.0,3020694.57,1084609.39,-10546.1,-10195.95,-10361.81,-10406.57,-10471.57,-10502.57,-10665.57,12688.98,66.54252188952529,
16054.0,3020694.01,1084610.22,-10546.06,-10195.89,-10361.75,-10406.51,-10471.51,-10502.51,-10665.51,12689.0,65.4422124724544,
16055.0,3020693.45,1084611.05,-10546.02,-10195.84,-10361.7,-10406.46,-10471.46,-10502.46,-10665.46,12689.01,63.69219654244642,
16056.0,3020692.89,1084611.88,-10545.98,-10195.79,-10361.65,-10406.41,-10471.41,-10502.41,-10665.41,12689.02,,
16057.0,3020692.34,1084612.71,-10545.94,-10195.74,-10361.6,-10406.36,-10471.36,-10502.36,-10665.36,12689.03,68.95272346977582,
16058.0,3020691.78,1084613.54,-10545.9,-10195.69,-10361.55,-10406.31,-10471.31,-10502.31,-10665.31,12689.03,72.46323446709724,
16059.0,3020691.23,1084614.37,-10545.86,-10195.64,-10361.5,-10406.26,-10471.26,-10502.26,-10665.26,12689.04,72.24317258368305,
16060.0,3020690.67,1084615.2,-10545.81,-10195.59,-10361.45,-10406.21,-10471.21,-10502.21,-10665.21,12689.05,70.49315665367506,
16061.0,3020690.12,1084616.03,-10545.77,-10195.53,-10361.39,-10406.15,-10471.15,-10502.15,-10665.15,12689.06,68.51259970294745,
16062.0,3020689.56,1084616.87,-10545.73,-10195.48,-10361.34,-10406.1,-10471.1,-10502.1,-10665.1,12689.070000000002,69.17278535319,
16063.0,3020689.01,1084617.7,-10545.68,-10195.43,-10361.29,-10406.05,-10471.05,-10502.05,-10665.05,12689.08,68.51259970294745,
16064.0,3020688.45,1084618.53,-10545.64,-10195.38,-10361.24,-10406.0,-10471.0,-10502.0,-10665.0,12689.09,68.07247593611909,
16065.0,3020687.9,1084619.36,-10545.6,-10195.33,-10361.19,-10405.95,-10470.95,-10501.95,-10664.95,12689.1,,
16066.0,3020687.35,1084620.19,-10545.55,-10195.28,-10361.14,-10405.9,-10470.9,-10501.9,-10664.9,12689.1,69.82249186612708,
16067.0,3020686.79,1084621.02,-10545.51,-10195.23,-10361.09,-10405.85,-10470.85,-10501.85,-10664.85,12689.11,,
16068.0,3020686.24,1084621.85,-10545.46,-10195.18,-10361.04,-10405.8,-10470.8,-10501.8,-10664.8,12689.11,69.17278535319,
16069.0,3020685.69,1084622.69,-10545.42,-10195.12,-10360.98,-10405.74,-10470.74,-10501.74,-10664.74,12689.12,70.27309477026088,
16070.0,3020685.14,1084623.52,-10545.37,-10195.07,-10360.93,-10405.69,-10470.69,-10501.69,-10664.69,12689.12,,
16071.0,3020684.58,1084624.35,-10545.33,-10195.02,-10360.88,-10405.64,-10470.64,-10501.64,-10664.64,12689.13,68.5230788402529,
16072.0,3020684.03,1084625.18,-10545.28,-10194.97,-10360.83,-10405.59,-10470.59,-10501.59,-10664.59,12689.13,68.51259970294745,
16073.0,3020683.48,1084626.02,-10545.23,-10194.92,-10360.78,-10405.54,-10470.54,-10501.54,-10664.54,12689.14,72.46323446709724,
16074.0,3020682.93,1084626.85,-10545.19,-10194.87,-10360.73,-10405.49,-10470.49,-10501.49,-10664.49,12689.15,75.10397706806737,
16075.0,3020682.38,1084627.68,-10545.14,-10194.82,-10360.68,-10405.44,-10470.44,-10501.44,-10664.44,12689.15,73.56354388416813,
16076.0,3020681.83,1084628.52,-10545.09,-10194.77,-10360.63,-10405.39,-10470.39,-10501.39,-10664.39,12689.15,70.93328042050342,
16077.0,3020681.28,1084629.35,-10545.04,-10194.71,-10360.57,-10405.33,-10470.33,-10501.33,-10664.33,12689.15,68.95272346977582,
16078.0,3020680.73,1084630.19,-10544.99,-10194.66,-10360.52,-10405.28,-10470.28,-10501.28,-10664.28,12689.16,68.51259970294745,
16079.0,3020680.18,1084631.02,-10544.95,-10194.61,-10360.47,-10405.23,-10470.23,-10501.23,-10664.23,12689.16,68.95272346977582,
16080.0,3020679.63,1084631.85,-10544.9,-10194.56,-10360.42,-10405.18,-10470.18,-10501.18,-10664.18,12689.16,67.20270753976783,
16081.0,3020679.08,1084632.69,-10544.85,-10194.51,-10360.37,-10405.13,-10470.13,-10501.13,-10664.13,12689.16,,
16082.0,3020678.53,1084633.52,-10544.8,-10194.46,-10360.32,-10405.08,-10470.08,-10501.08,-10664.08,12689.17,67.86289319001037,
16083.0,3020677.98,1084634.36,-10544.75,-10194.41,-10360.27,-10405.03,-10470.03,-10501.03,-10664.03,12689.17,70.49315665367506,
16084.0,3020677.44,1084635.19,-10544.7,-10194.36,-10360.22,-10404.98,-10469.98,-10500.98,-10663.98,12689.17,,
16085.0,3020676.89,1084636.03,-10544.65,-10194.3,-10360.16,-10404.92,-10469.92,-10500.92,-10663.92,12689.17,72.74617117434403,
16086.0,3020676.34,1084636.86,-10544.6,-10194.25,-10360.11,-10404.87,-10469.87,-10500.87,-10663.87,12689.17,76.413869231247,
16087.0,3020675.79,1084637.7,-10544.55,-10194.2,-10360.06,-10404.82,-10469.82,-10500.82,-10663.82,12689.18,78.60400892808335,
16088.0,3020675.24,1084638.53,-10544.5,-10194.15,-10360.01,-10404.77,-10469.77,-10500.77,-10663.77,12689.18,76.46626491777418,
16089.0,3020674.69,1084639.37,-10544.45,-10194.1,-10359.96,-10404.72,-10469.72,-10500.72,-10663.72,12689.18,76.413869231247,
16090.0,3020674.14,1084640.2,-10544.4,-10194.05,-10359.91,-10404.67,-10469.67,-10500.67,-10663.67,12689.18,72.46323446709724,
16091.0,3020673.59,1084641.03,-10544.35,-10194.0,-10359.86,-10404.62,-10469.62,-10500.62,-10663.62,12689.19,70.48267751636963,
16092.0,3020673.05,1084641.87,-10544.3,-10193.95,-10359.81,-10404.57,-10469.57,-10500.57,-10663.57,12689.19,69.39284723660417,
16093.0,3020672.5,1084642.7,-10544.25,-10193.89,-10359.75,-10404.51,-10469.51,-10500.51,-10663.51,12689.19,69.17278535319,
16094.0,3020671.95,1084643.54,-10544.21,-10193.84,-10359.7,-10404.46,-10469.46,-10500.46,-10663.46,12689.19,66.32246000611111,
16095.0,3020671.4,1084644.37,-10544.16,-10193.79,-10359.65,-10404.41,-10469.41,-10500.41,-10663.41,12689.19,66.99312479365908,
16096.0,3020670.85,1084645.2,-10544.11,-10193.74,-10359.6,-10404.36,-10469.36,-10500.36,-10663.36,12689.2,68.95272346977582,
16097.0,3020670.3,1084646.04,-10544.06,-10193.69,-10359.55,-10404.31,-10469.31,-10500.31,-10663.31,12689.2,71.1533423039176,
16098.0,3020669.74,1084646.87,-10544.01,-10193.64,-10359.5,-10404.26,-10469.26,-10500.26,-10663.26,12689.21,,
16099.0,3020669.19,1084647.7,-10543.97,-10193.59,-10359.45,-10404.21,-10469.21,-10500.21,-10663.21,12689.21,71.36292505002633,
16100.0,3020668.64,1084648.54,-10543.92,-10193.54,-10359.4,-10404.16,-10469.16,-10500.16,-10663.16,12689.22,,
16101.0,3020668.09,1084649.37,-10543.87,-10193.48,-10359.34,-10404.1,-10469.1,-10500.1,-10663.1,12689.22,,
16102.0,3020667.54,1084650.2,-10543.83,-10193.43,-10359.29,-10404.05,-10469.05,-10500.05,-10663.05,12689.22,65.67275349317401,
16103.0,3020666.99,1084651.04,-10543.78,-10193.38,-10359.24,-10404.0,-10469.0,-10500.0,-10663.0,12689.23,67.86289319001037,
16104.0,3020666.44,1084651.87,-10543.73,-10193.33,-10359.19,-10403.95,-10468.95,-10499.95,-10662.95,12689.23,69.39284723660417,
16105.0,3020665.89,1084652.7,-10543.69,-10193.28,-10359.14,-10403.9,-10468.9,-10499.9,-10662.9,12689.240000000002,67.63235216929075,
16106.0,3020665.33,1084653.53,-10543.64,-10193.23,-10359.09,-10403.85,-10468.85,-10499.85,-10662.85,12689.240000000002,66.97216651904822,
16107.0,3020664.78,1084654.37,-10543.59,-10193.18,-10359.04,-10403.8,-10468.8,-10499.8,-10662.8,12689.25,68.73266158636164,
16108.0,3020664.23,1084655.2,-10543.55,-10193.13,-10358.99,-10403.75,-10468.75,-10499.75,-10662.75,12689.26,68.51259970294745,
16109.0,3020663.68,1084656.03,-10543.5,-10193.07,-10358.93,-10403.69,-10468.69,-10499.69,-10662.69,12689.26,66.54252188952529,
16110.0,3020663.12,1084656.86,-10543.46,-10193.02,-10358.88,-10403.64,-10468.64,-10499.64,-10662.64,12689.27,65.01256784293149,
16111.0,3020662.57,1084657.7,-10543.41,-10192.97,-10358.83,-10403.59,-10468.59,-10499.59,-10662.59,12689.27,67.20270753976783,
16112.0,3020662.02,1084658.53,-10543.37,-10192.92,-10358.78,-10403.54,-10468.54,-10499.54,-10662.54,12689.28,70.49315665367506,
16113.0,3020661.47,1084659.36,-10543.32,-10192.87,-10358.73,-10403.49,-10468.49,-10499.49,-10662.49,12689.29,,
16114.0,3020660.91,1084660.19,-10543.28,-10192.82,-10358.68,-10403.44,-10468.44,-10499.44,-10662.44,12689.29,67.86289319001037,
16115.0,3020660.36,1084661.02,-10543.23,-10192.77,-10358.63,-10403.39,-10468.39,-10499.39,-10662.39,12689.3,68.3030169568387,
16116.0,3020659.81,1084661.85,-10543.19,-10192.72,-10358.58,-10403.34,-10468.34,-10499.34,-10662.34,12689.31,69.17278535319,
16117.0,3020659.25,1084662.69,-10543.15,-10192.66,-10358.52,-10403.28,-10468.28,-10499.28,-10662.28,12689.31,69.39284723660417,
16118.0,3020658.7,1084663.52,-10543.1,-10192.61,-10358.47,-10403.23,-10468.23,-10499.23,-10662.23,12689.320000000002,,
16119.0,3020658.14,1084664.35,-10543.06,-10192.56,-10358.42,-10403.18,-10468.18,-10499.18,-10662.18,12689.33,68.73266158636164,
16120.0,3020657.59,1084665.18,-10543.02,-10192.51,-10358.37,-10403.13,-10468.13,-10499.13,-10662.13,12689.34,68.07247593611909,
16121.0,3020657.03,1084666.01,-10542.97,-10192.46,-10358.32,-10403.08,-10468.08,-10499.08,-10662.08,12689.35,,
16122.0,3020656.48,1084666.84,-10542.93,-10192.41,-10358.27,-10403.03,-10468.03,-10499.03,-10662.03,12689.35,69.39284723660417,
16123.0,3020655.93,1084667.67,-10542.89,-10192.36,-10358.22,-10402.98,-10467.98,-10498.98,-10661.98,12689.36,69.17278535319,
16124.0,3020655.37,1084668.5,-10542.84,-10192.31,-10358.17,-10402.93,-10467.93,-10498.93,-10661.93,12689.37,,
16125.0,3020654.82,1084669.33,-10542.8,-10192.25,-10358.11,-10402.87,-10467.87,-10498.87,-10661.87,12689.38,67.86289319001037,
16126.0,3020654.26,1084670.17,-10542.76,-10192.2,-10358.06,-10402.82,-10467.82,-10498.82,-10661.82,12689.39,68.3030169568387,
16127.0,3020653.7,1084671.0,-10542.72,-10192.15,-10358.01,-10402.77,-10467.77,-10498.77,-10661.77,12689.4,70.27309477026088,
16128.0,3020653.15,1084671.83,-10542.68,-10192.1,-10357.96,-10402.72,-10467.72,-10498.72,-10661.72,12689.41,,
16129.0,3020652.59,1084672.66,-10542.63,-10192.05,-10357.91,-10402.67,-10467.67,-10498.67,-10661.67,12689.42,67.64283130659618,
16130.0,3020652.04,1084673.49,-10542.59,-10192.0,-10357.86,-10402.62,-10467.62,-10498.62,-10661.62,12689.43,64.35238219268895,
16131.0,3020651.48,1084674.32,-10542.55,-10191.95,-10357.81,-10402.57,-10467.57,-10498.57,-10661.57,12689.44,61.72211872902425,
16132.0,3020650.92,1084675.15,-10542.51,-10191.9,-10357.76,-10402.52,-10467.52,-10498.52,-10661.52,12689.45,,
16133.0,3020650.37,1084675.98,-10542.47,-10191.84,-10357.7,-10402.46,-10467.46,-10498.46,-10661.46,12689.46,64.35238219268895,
16134.0,3020649.81,1084676.81,-10542.43,-10191.79,-10357.65,-10402.41,-10467.41,-10498.41,-10661.41,12689.47,67.64283130659618,
16135.0,3020649.25,1084677.64,-10542.39,-10191.74,-10357.6,-10402.36,-10467.36,-10498.36,-10661.36,12689.48,72.002152425658,
16136.0,3020648.7,1084678.46,-10542.35,-10191.69,-10357.55,-10402.31,-10467.31,-10498.31,-10661.31,12689.490000000002,74.58002020279551,
16137.0,3020648.14,1084679.29,-10542.31,-10191.64,-10357.5,-10402.26,-10467.26,-10498.26,-10661.26,12689.5,73.47971078572463,
16138.0,3020647.58,1084680.12,-10542.27,-10191.59,-10357.45,-10402.21,-10467.21,-10498.21,-10661.21,12689.51,70.46171924175874,
16139.0,3020647.02,1084680.95,-10542.23,-10191.54,-10357.4,-10402.16,-10467.16,-10498.16,-10661.16,12689.52,69.17278535319,
16140.0,3020646.47,1084681.78,-10542.19,-10191.49,-10357.35,-10402.11,-10467.11,-10498.11,-10661.11,12689.53,,
16141.0,3020645.91,1084682.61,-10542.15,-10191.43,-10357.29,-10402.05,-10467.05,-10498.05,-10661.05,12689.55,63.702675679751856,
16142.0,3020645.35,1084683.44,-10542.11,-10191.38,-10357.24,-10402.0,-10467.0,-10498.0,-10661.0,12689.56,64.35238219268895,
16143.0,3020644.79,1084684.27,-10542.07,-10191.33,-10357.19,-10401.95,-10466.95,-10497.95,-10660.95,12689.570000000002,70.93328042050342,
16144.0,3020644.23,1084685.1,-10542.03,-10191.28,-10357.14,-10401.9,-10466.9,-10497.9,-10660.9,12689.58,72.91383737123103,
16145.0,3020643.68,1084685.93,-10541.99,-10191.23,-10357.09,-10401.85,-10466.85,-10497.85,-10660.85,12689.59,72.25365172098849,
16146.0,3020643.12,1084686.75,-10541.95,-10191.18,-10357.04,-10401.8,-10466.8,-10497.8,-10660.8,12689.61,70.49315665367506,
16147.0,3020642.56,1084687.58,-10541.91,-10191.13,-10356.99,-10401.75,-10466.75,-10497.75,-10660.75,12689.62,71.36292505002633,
16148.0,3020642.0,1084688.41,-10541.88,-10191.08,-10356.94,-10401.7,-10466.7,-10497.7,-10660.7,12689.63,70.26261563295544,
16149.0,3020641.44,1084689.24,-10541.84,-10191.02,-10356.88,-10401.64,-10466.64,-10497.64,-10660.64,12689.65,73.12342011733976,
16150.0,3020640.88,1084690.07,-10541.8,-10190.97,-10356.83,-10401.59,-10466.59,-10497.59,-10660.59,12689.66,76.413869231247,
16151.0,3020640.32,1084690.89,-10541.76,-10190.92,-10356.78,-10401.54,-10466.54,-10497.54,-10660.54,12689.67,75.31355981417612,
16152.0,3020639.76,1084691.72,-10541.73,-10190.87,-10356.73,-10401.49,-10466.49,-10497.49,-10660.49,12689.69,70.92280128319797,
16153.0,3020639.2,1084692.55,-10541.69,-10190.82,-10356.68,-10401.44,-10466.44,-10497.44,-10660.44,12689.7,69.17278535319,
16154.0,3020638.64,1084693.38,-10541.65,-10190.77,-10356.63,-10401.39,-10466.39,-10497.39,-10660.39,12689.71,68.3030169568387,
16155.0,3020638.08,1084694.21,-10541.61,-10190.72,-10356.58,-10401.34,-10466.34,-10497.34,-10660.34,12689.73,69.62338825732378,
16156.0,3020637.52,1084695.03,-10541.58,-10190.67,-10356.53,-10401.29,-10466.29,-10497.29,-10660.29,12689.740000000002,74.22372953441065,
16157.0,3020636.96,1084695.86,-10541.54,-10190.61,-10356.47,-10401.23,-10466.23,-10497.23,-10660.23,12689.76,78.17436429856042,
16158.0,3020636.4,1084696.69,-10541.51,-10190.56,-10356.42,-10401.18,-10466.18,-10497.18,-10660.18,12689.77,,
16159.0,3020635.84,1084697.51,-10541.47,-10190.51,-10356.37,-10401.13,-10466.13,-10497.13,-10660.13,12689.79,77.51417864831788,
16160.0,3020635.28,1084698.34,-10541.43,-10190.46,-10356.32,-10401.08,-10466.08,-10497.08,-10660.08,12689.81,76.85399299807536,
16161.0,3020634.72,1084699.17,-10541.4,-10190.41,-10356.27,-10401.03,-10466.03,-10497.03,-10660.03,12689.820000000002,78.33155135814198,
16162.0,3020634.15,1084699.99,-10541.36,-10190.36,-10356.22,-10400.98,-10465.98,-10496.98,-10659.98,12689.84,78.83454994880296,
16163.0,3020633.59,1084700.82,-10541.33,-10190.31,-10356.17,-10400.93,-10465.93,-10496.93,-10659.93,12689.85,77.24172107837651,
16164.0,3020633.03,1084701.65,-10541.29,-10190.25,-10356.11,-10400.87,-10465.87,-10496.87,-10659.87,12689.87,73.12342011733976,
16165.0,3020632.47,1084702.47,-10541.26,-10190.2,-10356.06,-10400.82,-10465.82,-10496.82,-10659.82,12689.88,75.75368358100447,
16166.0,3020631.91,1084703.3,-10541.22,-10190.15,-10356.01,-10400.77,-10465.77,-10496.77,-10659.77,12689.9,81.18187670522086,
16167.0,3020631.34,1084704.13,-10541.19,-10190.1,-10355.96,-10400.72,-10465.72,-10496.72,-10659.72,12689.92,82.7747055756473,
16168.0,3020630.78,1084704.95,-10541.15,-10190.05,-10355.91,-10400.67,-10465.67,-10496.67,-10659.67,12689.93,81.62200047204921,
16169.0,3020630.22,1084705.78,-10541.12,-10190.0,-10355.86,-10400.62,-10465.62,-10496.62,-10659.62,12689.95,77.51417864831788,
16170.0,3020629.66,1084706.6,-10541.08,-10189.95,-10355.81,-10400.57,-10465.57,-10496.57,-10659.57,12689.97,75.54410083489573,
16171.0,3020629.09,1084707.43,-10541.05,-10189.9,-10355.76,-10400.52,-10465.52,-10496.52,-10659.52,12689.990000000002,77.51417864831788,
16172.0,3020628.53,1084708.26,-10541.02,-10189.84,-10355.7,-10400.46,-10465.46,-10496.46,-10659.46,12690.0,78.17436429856042,
16173.0,3020627.97,1084709.08,-10540.98,-10189.79,-10355.65,-10400.41,-10465.41,-10496.41,-10659.41,12690.02,79.65192265862706,
16174.0,3020627.4,1084709.91,-10540.95,-10189.74,-10355.6,-10400.36,-10465.36,-10496.36,-10659.36,12690.04,81.7896666689362,
16175.0,3020626.84,1084710.73,-10540.92,-10189.69,-10355.55,-10400.31,-10465.31,-10496.31,-10659.31,12690.06,83.26722502900284,
16176.0,3020626.28,1084711.56,-10540.88,-10189.64,-10355.5,-10400.26,-10465.26,-10496.26,-10659.26,12690.070000000002,81.29714721558067,
16177.0,3020625.71,1084712.38,-10540.85,-10189.59,-10355.45,-10400.21,-10465.21,-10496.21,-10659.21,12690.09,80.80462776222512,
16178.0,3020625.15,1084713.21,-10540.82,-10189.54,-10355.4,-10400.16,-10465.16,-10496.16,-10659.16,12690.11,81.29714721558067,
16179.0,3020624.58,1084714.03,-10540.79,-10189.49,-10355.35,-10400.11,-10465.11,-10496.11,-10659.11,12690.12,83.26722502900284,
16180.0,3020624.02,1084714.86,-10540.75,-10189.43,-10355.29,-10400.05,-10465.05,-10496.05,-10659.05,12690.14,80.46929536845114,
16181.0,3020623.46,1084715.68,-10540.72,-10189.38,-10355.24,-10400.0,-10465.0,-10496.0,-10659.0,12690.16,74.60097847740639,
16182.0,3020622.89,1084716.51,-10540.68,-10189.33,-10355.19,-10399.95,-10464.95,-10495.95,-10658.95,12690.18,69.82249186612708,
16183.0,3020622.33,1084717.34,-10540.65,-10189.28,-10355.14,-10399.9,-10464.9,-10495.9,-10658.9,12690.19,,
16184.0,3020621.77,1084718.16,-10540.61,-10189.23,-10355.09,-10399.85,-10464.85,-10495.85,-10658.85,12690.21,,
16185.0,3020621.2,1084718.99,-10540.58,-10189.18,-10355.04,-10399.8,-10464.8,-10495.8,-10658.8,12690.23,,
16186.0,3020620.64,1084719.81,-10540.54,-10189.13,-10354.99,-10399.75,-10464.75,-10495.75,-10658.75,12690.240000000002,,
16187.0,3020620.08,1084720.64,-10540.5,-10189.08,-10354.94,-10399.7,-10464.7,-10495.7,-10658.7,12690.25,,
16188.0,3020619.52,1084721.47,-10540.46,-10189.02,-10354.88,-10399.64,-10464.64,-10495.64,-10658.64,12690.27,,
16189.0,3020618.96,1084722.29,-10540.43,-10188.97,-10354.83,-10399.59,-10464.59,-10495.59,-10658.59,12690.28,,
16190.0,3020618.39,1084723.12,-10540.39,-10188.92,-10354.78,-10399.54,-10464.54,-10495.54,-10658.54,12690.29,69.60242998271292,
16191.0,3020617.83,1084723.94,-10540.35,-10188.87,-10354.73,-10399.49,-10464.49,-10495.49,-10658.49,12690.3,69.39284723660417,
16192.0,3020617.27,1084724.77,-10540.31,-10188.82,-10354.68,-10399.44,-10464.44,-10495.44,-10658.44,12690.320000000002,71.81352795416014,
16193.0,3020616.71,1084725.6,-10540.27,-10188.77,-10354.63,-10399.39,-10464.39,-10495.39,-10658.39,12690.33,76.85399299807536,
16194.0,3020616.15,1084726.42,-10540.23,-10188.72,-10354.58,-10399.34,-10464.34,-10495.34,-10658.34,12690.34,80.47977450575657,
16195.0,3020615.59,1084727.25,-10540.19,-10188.67,-10354.53,-10399.29,-10464.29,-10495.29,-10658.29,12690.35,78.2791556716148,
16196.0,3020615.03,1084728.08,-10540.15,-10188.61,-10354.47,-10399.23,-10464.23,-10495.23,-10658.23,12690.36,77.12645056801671,
16197.0,3020614.47,1084728.91,-10540.11,-10188.56,-10354.42,-10399.18,-10464.18,-10495.18,-10658.18,12690.37,75.53362169759028,
16198.0,3020613.91,1084729.73,-10540.06,-10188.51,-10354.37,-10399.13,-10464.13,-10495.13,-10658.13,12690.38,75.32403895148154,
16199.0,3020613.35,1084730.56,-10540.02,-10188.46,-10354.32,-10399.08,-10464.08,-10495.08,-10658.08,12690.38,76.02614115094582,
16200.0,3020612.79,1084731.39,-10539.98,-10188.41,-10354.27,-10399.03,-10464.03,-10495.03,-10658.03,12690.39,78.2791556716148,
16201.0,3020612.23,1084732.22,-10539.93,-10188.36,-10354.22,-10398.98,-10463.98,-10494.98,-10657.98,12690.4,79.87198454204122,
16202.0,3020611.67,1084733.04,-10539.89,-10188.31,-10354.17,-10398.93,-10463.93,-10494.93,-10657.93,12690.41,81.29714721558067,
16203.0,3020611.11,1084733.87,-10539.84,-10188.25,-10354.11,-10398.87,-10463.87,-10494.87,-10657.87,12690.42,82.44985231917875,
16204.0,3020610.55,1084734.7,-10539.8,-10188.2,-10354.06,-10398.82,-10463.82,-10494.82,-10657.82,12690.42,80.8570234487523,
16205.0,3020609.99,1084735.53,-10539.75,-10188.15,-10354.01,-10398.77,-10463.77,-10494.77,-10657.77,12690.43,78.2791556716148,
16206.0,3020609.43,1084736.36,-10539.71,-10188.1,-10353.96,-10398.72,-10463.72,-10494.72,-10657.72,12690.44,79.10700751874431,
16207.0,3020608.87,1084737.18,-10539.66,-10188.05,-10353.91,-10398.67,-10463.67,-10494.67,-10657.67,12690.44,83.11003796942128,
16208.0,3020608.32,1084738.01,-10539.62,-10188.0,-10353.86,-10398.62,-10463.62,-10494.62,-10657.62,12690.44,,
16209.0,3020607.76,1084738.84,-10539.57,-10187.95,-10353.81,-10398.57,-10463.57,-10494.57,-10657.57,12690.44,86.23282088644153,
16210.0,3020607.2,1084739.67,-10539.52,-10187.9,-10353.76,-10398.52,-10463.52,-10494.52,-10657.52,12690.45,82.61751851606574,
16211.0,3020606.64,1084740.5,-10539.47,-10187.84,-10353.7,-10398.46,-10463.46,-10494.46,-10657.46,12690.45,79.81958885551404,
16212.0,3020606.09,1084741.33,-10539.42,-10187.79,-10353.65,-10398.41,-10463.41,-10494.41,-10657.41,12690.45,,
16213.0,3020605.53,1084742.16,-10539.37,-10187.74,-10353.6,-10398.36,-10463.36,-10494.36,-10657.36,12690.46,82.28218612229175,
16214.0,3020604.97,1084742.98,-10539.32,-10187.69,-10353.55,-10398.31,-10463.31,-10494.31,-10657.31,12690.46,82.06212423887757,
16215.0,3020604.41,1084743.81,-10539.27,-10187.64,-10353.5,-10398.26,-10463.26,-10494.26,-10657.26,12690.46,84.63999201601509,
16216.0,3020603.86,1084744.64,-10539.22,-10187.59,-10353.45,-10398.21,-10463.21,-10494.21,-10657.21,12690.46,83.49776604972246,
16217.0,3020603.3,1084745.47,-10539.17,-10187.54,-10353.4,-10398.16,-10463.16,-10494.16,-10657.16,12690.46,81.9573328658232,
16218.0,3020602.74,1084746.3,-10539.12,-10187.49,-10353.35,-10398.11,-10463.11,-10494.11,-10657.11,12690.46,81.02468964563931,
16219.0,3020602.19,1084747.13,-10539.07,-10187.43,-10353.29,-10398.05,-10463.05,-10494.05,-10657.05,12690.46,79.10700751874431,
16220.0,3020601.63,1084747.96,-10539.02,-10187.38,-10353.24,-10398.0,-10463.0,-10494.0,-10657.0,12690.46,76.90638868460255,
16221.0,3020601.08,1084748.79,-10538.96,-10187.33,-10353.19,-10397.95,-10462.95,-10493.95,-10656.95,12690.46,78.2791556716148,
16222.0,3020600.52,1084749.62,-10538.91,-10187.28,-10353.14,-10397.9,-10462.9,-10493.9,-10656.9,12690.45,80.53217019228377,
16223.0,3020599.97,1084750.45,-10538.86,-10187.23,-10353.09,-10397.85,-10462.85,-10493.85,-10656.85,12690.45,84.09507687613235,
16224.0,3020599.41,1084751.28,-10538.8,-10187.18,-10353.04,-10397.8,-10462.8,-10493.8,-10656.8,12690.45,82.11451992540475,
16225.0,3020598.86,1084752.11,-10538.75,-10187.13,-10352.99,-10397.75,-10462.75,-10493.75,-10656.75,12690.45,76.6968059384938,
16226.0,3020598.3,1084752.94,-10538.69,-10187.08,-10352.94,-10397.7,-10462.7,-10493.7,-10656.7,12690.44,77.51417864831788,
16227.0,3020597.75,1084753.77,-10538.64,-10187.02,-10352.88,-10397.64,-10462.64,-10493.64,-10656.64,12690.44,80.1444421119826,
16228.0,3020597.19,1084754.6,-10538.58,-10186.97,-10352.83,-10397.59,-10462.59,-10493.59,-10656.59,12690.43,81.9573328658232,
16229.0,3020596.64,1084755.43,-10538.52,-10186.92,-10352.78,-10397.54,-10462.54,-10493.54,-10656.54,12690.42,84.7552625263749,
16230.0,3020596.08,1084756.26,-10538.47,-10186.87,-10352.73,-10397.49,-10462.49,-10493.49,-10656.49,12690.42,,
16231.0,3020595.53,1084757.09,-10538.41,-10186.82,-10352.68,-10397.44,-10462.44,-10493.44,-10656.44,12690.41,81.7896666689362,
16232.0,3020594.98,1084757.92,-10538.35,-10186.77,-10352.63,-10397.39,-10462.39,-10493.39,-10656.39,12690.41,83.11003796942128,
16233.0,3020594.42,1084758.75,-10538.29,-10186.72,-10352.58,-10397.34,-10462.34,-10493.34,-10656.34,12690.4,81.62200047204921,
16234.0,3020593.87,1084759.58,-10538.23,-10186.67,-10352.53,-10397.29,-10462.29,-10493.29,-10656.29,12690.39,77.51417864831788,
16235.0,3020593.32,1084760.42,-10538.17,-10186.62,-10352.48,-10397.24,-10462.24,-10493.24,-10656.24,12690.39,78.33155135814198,
16236.0,3020592.76,1084761.25,-10538.11,-10186.56,-10352.42,-10397.18,-10462.18,-10493.18,-10656.18,12690.38,77.51417864831788,
16237.0,3020592.21,1084762.08,-10538.05,-10186.51,-10352.37,-10397.13,-10462.13,-10493.13,-10656.13,12690.37,76.19380734783282,
16238.0,3020591.66,1084762.91,-10537.99,-10186.46,-10352.32,-10397.08,-10462.08,-10493.08,-10656.08,12690.36,77.77615708095381,
16239.0,3020591.11,1084763.74,-10537.93,-10186.41,-10352.27,-10397.03,-10462.03,-10493.03,-10656.03,12690.34,83.654953109304,
16240.0,3020590.56,1084764.57,-10537.87,-10186.36,-10352.22,-10396.98,-10461.98,-10492.98,-10655.98,12690.33,83.26722502900284,
16241.0,3020590.0,1084765.4,-10537.81,-10186.31,-10352.17,-10396.93,-10461.93,-10492.93,-10655.93,12690.320000000002,81.29714721558067,
16242.0,3020589.45,1084766.24,-10537.74,-10186.25,-10352.11,-10396.87,-10461.87,-10492.87,-10655.87,12690.31,81.9573328658232,
16243.0,3020588.9,1084767.07,-10537.68,-10186.2,-10352.06,-10396.82,-10461.82,-10492.82,-10655.82,12690.3,85.89748849266753,
16244.0,3020588.35,1084767.9,-10537.62,-10186.15,-10352.01,-10396.77,-10461.77,-10492.77,-10655.77,12690.29,87.87804544339514,
16245.0,3020587.8,1084768.73,-10537.55,-10186.1,-10351.96,-10396.72,-10461.72,-10492.72,-10655.72,12690.28,86.39000794602308,
16246.0,3020587.25,1084769.56,-10537.49,-10186.03,-10351.89,-10396.65,-10461.65,-10492.65,-10655.65,12690.29,85.74030143308599,
16247.0,3020586.7,1084770.4,-10537.42,-10185.96,-10351.82,-10396.58,-10461.58,-10492.58,-10655.58,12690.29,82.28218612229175,
16248.0,3020586.15,1084771.23,-10537.36,-10185.89,-10351.75,-10396.51,-10461.51,-10492.51,-10655.51,12690.29,82.44985231917875,
16249.0,3020585.6,1084772.06,-10537.29,-10185.82,-10351.68,-10396.44,-10461.44,-10492.44,-10655.44,12690.3,83.60255742277681,
16250.0,3020585.05,1084772.89,-10537.22,-10185.74,-10351.6,-10396.36,-10461.36,-10492.36,-10655.36,12690.3,84.25226393571393,
16251.0,3020584.5,1084773.73,-10537.16,-10185.67,-10351.53,-10396.29,-10461.29,-10492.29,-10655.29,12690.31,78.9917370083845,
16252.0,3020583.95,1084774.56,-10537.09,-10185.6,-10351.46,-10396.22,-10461.22,-10492.22,-10655.22,12690.31,78.33155135814198,
16253.0,3020583.4,1084775.39,-10537.02,-10185.53,-10351.39,-10396.15,-10461.15,-10492.15,-10655.15,12690.320000000002,81.12948101869367,
16254.0,3020582.85,1084776.22,-10536.95,-10185.46,-10351.32,-10396.08,-10461.08,-10492.08,-10655.08,12690.320000000002,80.63696156533814,
16255.0,3020582.3,1084777.06,-10536.88,-10185.39,-10351.25,-10396.01,-10461.01,-10492.01,-10655.01,12690.320000000002,78.66688375191596,
16256.0,3020581.75,1084777.89,-10536.81,-10185.32,-10351.18,-10395.94,-10460.94,-10491.94,-10654.94,12690.320000000002,,
16257.0,3020581.2,1084778.72,-10536.75,-10185.25,-10351.11,-10395.87,-10460.87,-10491.87,-10654.87,12690.320000000002,88.86308435010622,
16258.0,3020580.65,1084779.56,-10536.67,-10185.18,-10351.04,-10395.8,-10460.8,-10491.8,-10654.8,12690.320000000002,90.34064271017284,
16259.0,3020580.11,1084780.39,-10536.6,-10185.11,-10350.97,-10395.73,-10460.73,-10491.73,-10654.73,12690.320000000002,,
16260.0,3020579.56,1084781.22,-10536.53,-10185.03,-10350.89,-10395.65,-10460.65,-10491.65,-10654.65,12690.320000000002,82.28218612229175,
16261.0,3020579.01,1084782.06,-10536.46,-10184.96,-10350.82,-10395.58,-10460.58,-10491.58,-10654.58,12690.320000000002,80.80462776222512,
16262.0,3020578.46,1084782.89,-10536.39,-10184.89,-10350.75,-10395.51,-10460.51,-10491.51,-10654.51,12690.320000000002,82.28218612229175,
16263.0,3020577.91,1084783.72,-10536.32,-10184.82,-10350.68,-10395.44,-10460.44,-10491.44,-10654.44,12690.320000000002,84.25226393571393,
16264.0,3020577.37,1084784.56,-10536.24,-10184.75,-10350.61,-10395.37,-10460.37,-10491.37,-10654.37,12690.320000000002,84.14747256265954,
16265.0,3020576.82,1084785.39,-10536.17,-10184.68,-10350.54,-10395.3,-10460.3,-10491.3,-10654.3,12690.320000000002,77.77615708095381,
16266.0,3020576.27,1084786.23,-10536.1,-10184.61,-10350.47,-10395.23,-10460.23,-10491.23,-10654.23,12690.320000000002,73.00814960697996,
16267.0,3020575.73,1084787.06,-10536.02,-10184.54,-10350.4,-10395.16,-10460.16,-10491.16,-10654.16,12690.31,78.43634273119635,
16268.0,3020575.18,1084787.89,-10535.95,-10184.47,-10350.33,-10395.09,-10460.09,-10491.09,-10654.09,12690.31,87.43792167656677,
16269.0,3020574.63,1084788.73,-10535.87,-10184.4,-10350.26,-10395.02,-10460.02,-10491.02,-10654.02,12690.3,88.20289869986368,
16270.0,3020574.09,1084789.56,-10535.8,-10184.32,-10350.18,-10394.94,-10459.94,-10490.94,-10653.94,12690.3,82.28218612229175,
16271.0,3020573.54,1084790.4,-10535.72,-10184.25,-10350.11,-10394.87,-10459.87,-10490.87,-10653.87,12690.29,78.17436429856042,
16272.0,3020573.0,1084791.23,-10535.64,-10184.18,-10350.04,-10394.8,-10459.8,-10490.8,-10653.8,12690.29,78.83454994880296,
16273.0,3020572.45,1084792.07,-10535.57,-10184.11,-10349.97,-10394.73,-10459.73,-10490.73,-10653.73,12690.28,,
16274.0,3020571.91,1084792.9,-10535.49,-10184.04,-10349.9,-10394.66,-10459.66,-10490.66,-10653.66,12690.28,78.17436429856042,
16275.0,3020571.36,1084793.74,-10535.41,-10183.97,-10349.83,-10394.59,-10459.59,-10490.59,-10653.59,12690.27,,
16276.0,3020570.82,1084794.57,-10535.34,-10183.9,-10349.76,-10394.52,-10459.52,-10490.52,-10653.52,12690.27,78.05909378820061,
16277.0,3020570.27,1084795.41,-10535.26,-10183.83,-10349.69,-10394.45,-10459.45,-10490.45,-10653.45,12690.26,77.61897002137225,
16278.0,3020569.72,1084796.24,-10535.18,-10183.76,-10349.62,-10394.38,-10459.38,-10490.38,-10653.38,12690.26,79.15940320527152,
16279.0,3020569.18,1084797.07,-10535.11,-10183.69,-10349.55,-10394.31,-10459.31,-10490.31,-10653.31,12690.25,79.70431834515423,
16280.0,3020568.63,1084797.91,-10535.03,-10183.61,-10349.47,-10394.23,-10459.23,-10490.23,-10653.23,12690.240000000002,,
16281.0,3020568.09,1084798.74,-10534.95,-10183.54,-10349.4,-10394.16,-10459.16,-10490.16,-10653.16,12690.240000000002,,
16282.0,3020567.54,1084799.58,-10534.88,-10183.47,-10349.33,-10394.09,-10459.09,-10490.09,-10653.09,12690.23,,
16283.0,3020567.0,1084800.41,-10534.8,-10183.4,-10349.26,-10394.02,-10459.02,-10490.02,-10653.02,12690.23,,
16284.0,3020566.45,1084801.25,-10534.72,-10183.33,-10349.19,-10393.95,-10458.95,-10489.95,-10652.95,12690.22,79.15940320527152,
16285.0,3020565.91,1084802.08,-10534.64,-10183.26,-10349.12,-10393.88,-10458.88,-10489.88,-10652.88,12690.22,,
16286.0,3020565.36,1084802.92,-10534.57,-10183.23,-10349.09,-10393.85,-10458.85,-10489.85,-10652.85,12690.17,74.76864467429337,
16287.0,3020564.82,1084803.75,-10534.49,-10183.19,-10349.05,-10393.81,-10458.81,-10489.81,-10652.81,12690.13,76.20428648513825,
16288.0,3020564.27,1084804.59,-10534.41,-10183.16,-10349.02,-10393.78,-10458.78,-10489.78,-10652.78,12690.08,78.83454994880296,
16289.0,3020563.73,1084805.42,-10534.34,-10183.13,-10348.99,-10393.75,-10458.75,-10489.75,-10652.75,12690.04,,
16290.0,3020563.18,1084806.26,-10534.26,-10183.09,-10348.95,-10393.71,-10458.71,-10489.71,-10652.71,12690.0,74.88391518465318,
16291.0,3020562.64,1084807.09,-10534.18,-10183.06,-10348.92,-10393.68,-10458.68,-10489.68,-10652.68,12689.95,71.14286316661216,
16292.0,3020562.09,1084807.93,-10534.11,-10183.03,-10348.89,-10393.65,-10458.65,-10489.65,-10652.65,12689.91,69.17278535319,
16293.0,3020561.55,1084808.76,-10534.03,-10182.99,-10348.85,-10393.61,-10458.61,-10489.61,-10652.61,12689.86,70.27309477026088,
16294.0,3020561.01,1084809.6,-10533.95,-10182.96,-10348.82,-10393.58,-10458.58,-10489.58,-10652.58,12689.820000000002,70.93328042050342,
16295.0,3020560.46,1084810.43,-10533.87,-10182.93,-10348.79,-10393.55,-10458.55,-10489.55,-10652.55,12689.78,,
16296.0,3020559.92,1084811.27,-10533.8,-10182.9,-10348.76,-10393.52,-10458.52,-10489.52,-10652.52,12689.73,64.35238219268895,
16297.0,3020559.37,1084812.11,-10533.72,-10182.86,-10348.72,-10393.48,-10458.48,-10489.48,-10652.48,12689.69,65.67275349317401,
16298.0,3020558.83,1084812.94,-10533.64,-10182.83,-10348.69,-10393.45,-10458.45,-10489.45,-10652.45,12689.64,64.35238219268895,
16299.0,3020558.28,1084813.78,-10533.57,-10182.8,-10348.66,-10393.42,-10458.42,-10489.42,-10652.42,12689.6,63.25207277561806,
16300.0,3020557.74,1084814.61,-10533.49,-10182.76,-10348.62,-10393.38,-10458.38,-10489.38,-10652.38,12689.55,64.35238219268895,
16301.0,3020557.2,1084815.45,-10533.41,-10182.73,-10348.59,-10393.35,-10458.35,-10489.35,-10652.35,12689.51,68.3030169568387,
16302.0,3020556.65,1084816.28,-10533.33,-10182.7,-10348.56,-10393.32,-10458.32,-10489.32,-10652.32,12689.46,70.93328042050342,
16303.0,3020556.11,1084817.12,-10533.26,-10182.67,-10348.53,-10393.29,-10458.29,-10489.29,-10652.29,12689.42,72.91383737123103,
16304.0,3020555.56,1084817.95,-10533.18,-10182.63,-10348.49,-10393.25,-10458.25,-10489.25,-10652.25,12689.38,70.93328042050342,
16305.0,3020555.02,1084818.79,-10533.1,-10182.6,-10348.46,-10393.22,-10458.22,-10489.22,-10652.22,12689.33,68.5230788402529,
16306.0,3020554.48,1084819.62,-10533.02,-10182.57,-10348.43,-10393.19,-10458.19,-10489.19,-10652.19,12689.29,68.51259970294745,
16307.0,3020553.93,1084820.46,-10532.95,-10182.54,-10348.4,-10393.16,-10458.16,-10489.16,-10652.16,12689.240000000002,,
16308.0,3020553.39,1084821.3,-10532.87,-10182.5,-10348.36,-10393.12,-10458.12,-10489.12,-10652.12,12689.2,67.86289319001037,
16309.0,3020552.84,1084822.13,-10532.79,-10182.47,-10348.33,-10393.09,-10458.09,-10489.09,-10652.09,12689.15,68.3030169568387,
16310.0,3020552.3,1084822.97,-10532.71,-10182.44,-10348.3,-10393.06,-10458.06,-10489.06,-10652.06,12689.11,,
16311.0,3020551.76,1084823.8,-10532.64,-10182.4,-10348.26,-10393.02,-10458.02,-10489.02,-10652.02,12689.06,73.56354388416813,
16312.0,3020551.21,1084824.64,-10532.56,-10182.37,-10348.23,-10392.99,-10457.99,-10488.99,-10651.99,12689.02,73.78360576758229,
16313.0,3020550.67,1084825.47,-10532.48,-10182.34,-10348.2,-10392.96,-10457.96,-10488.96,-10651.96,12688.97,72.02311070026887,
16314.0,3020550.13,1084826.31,-10532.4,-10182.31,-10348.17,-10392.93,-10457.93,-10488.93,-10651.93,12688.93,71.58298693344052,
16315.0,3020549.58,1084827.15,-10532.33,-10182.27,-10348.13,-10392.89,-10457.89,-10488.89,-10651.89,12688.88,,
16316.0,3020549.04,1084827.98,-10532.25,-10182.24,-10348.1,-10392.86,-10457.86,-10488.86,-10651.86,12688.84,74.44379141782484,
16317.0,3020548.5,1084828.82,-10532.17,-10182.21,-10348.07,-10392.83,-10457.83,-10488.83,-10651.83,12688.79,78.00669810167342,
16318.0,3020547.95,1084829.65,-10532.09,-10182.18,-10348.04,-10392.8,-10457.8,-10488.8,-10651.8,12688.75,82.11451992540475,
16319.0,3020547.41,1084830.49,-10532.02,-10182.14,-10348.0,-10392.76,-10457.76,-10488.76,-10651.76,12688.7,79.48425646174005,
16320.0,3020546.87,1084831.33,-10531.94,-10182.11,-10347.97,-10392.73,-10457.73,-10488.73,-10651.73,12688.66,76.03662028825127,
16321.0,3020546.32,1084832.16,-10531.86,-10182.08,-10347.94,-10392.7,-10457.7,-10488.7,-10651.7,12688.61,77.51417864831788,
16322.0,3020545.78,1084833.0,-10531.78,-10182.04,-10347.9,-10392.66,-10457.66,-10488.66,-10651.66,12688.570000000002,78.17436429856042,
16323.0,3020545.24,1084833.83,-10531.7,-10182.01,-10347.87,-10392.63,-10457.63,-10488.63,-10651.63,12688.52,76.85399299807536,
16324.0,3020544.69,1084834.67,-10531.63,-10181.98,-10347.84,-10392.6,-10457.6,-10488.6,-10651.6,12688.48,78.00669810167342,
16325.0,3020544.15,1084835.51,-10531.55,-10181.95,-10347.81,-10392.57,-10457.57,-10488.57,-10651.57,12688.43,82.61751851606574,
16326.0,3020543.61,1084836.34,-10531.47,-10181.91,-10347.77,-10392.53,-10457.53,-10488.53,-10651.53,12688.39,81.7896666689362,
16327.0,3020543.07,1084837.18,-10531.39,-10181.88,-10347.74,-10392.5,-10457.5,-10488.5,-10651.5,12688.34,77.68184484520488,
16328.0,3020542.52,1084838.01,-10531.31,-10181.85,-10347.71,-10392.47,-10457.47,-10488.47,-10651.47,12688.3,74.22372953441065,
16329.0,3020541.98,1084838.85,-10531.24,-10181.82,-10347.68,-10392.44,-10457.44,-10488.44,-10651.44,12688.25,77.68184484520488,
16330.0,3020541.44,1084839.69,-10531.16,-10181.78,-10347.64,-10392.4,-10457.4,-10488.4,-10651.4,12688.2,81.7896666689362,
16331.0,3020540.89,1084840.52,-10531.08,-10181.75,-10347.61,-10392.37,-10457.37,-10488.37,-10651.37,12688.16,83.26722502900284,
16332.0,3020540.35,1084841.36,-10531.0,-10181.72,-10347.58,-10392.34,-10457.34,-10488.34,-10651.34,12688.11,86.07563382685996,
16333.0,3020539.81,1084842.2,-10530.92,-10181.68,-10347.54,-10392.3,-10457.3,-10488.3,-10651.3,12688.070000000002,91.94395071790473,
16334.0,3020539.27,1084843.03,-10530.85,-10181.65,-10347.51,-10392.27,-10457.27,-10488.27,-10651.27,12688.02,96.27183442505022,
16335.0,3020538.72,1084843.87,-10530.77,-10181.62,-10347.48,-10392.24,-10457.24,-10488.24,-10651.24,12687.98,94.5113393577368,
16336.0,3020538.18,1084844.7,-10530.69,-10181.59,-10347.45,-10392.21,-10457.21,-10488.21,-10651.21,12687.93,94.07121559090842,
16337.0,3020537.64,1084845.54,-10530.61,-10181.55,-10347.41,-10392.17,-10457.17,-10488.17,-10651.17,12687.89,94.30175661162806,
16338.0,3020537.1,1084846.38,-10530.53,-10181.52,-10347.38,-10392.14,-10457.14,-10488.14,-10651.14,12687.84,91.22089024382956,
16339.0,3020536.55,1084847.21,-10530.45,-10181.49,-10347.35,-10392.11,-10457.11,-10488.11,-10651.11,12687.8,90.13105996406412,
16340.0,3020536.01,1084848.05,-10530.38,-10181.46,-10347.32,-10392.08,-10457.08,-10488.08,-10651.08,12687.75,94.52181849504224,
16341.0,3020535.47,1084848.89,-10530.3,-10181.42,-10347.28,-10392.04,-10457.04,-10488.04,-10651.04,12687.7,102.19254700262216,
16342.0,3020534.93,1084849.72,-10530.22,-10181.39,-10347.25,-10392.01,-10457.01,-10488.01,-10651.01,12687.66,97.85418415817122,
16343.0,3020534.39,1084850.56,-10530.14,-10181.36,-10347.22,-10391.98,-10456.98,-10487.98,-10650.98,12687.61,88.69541815321922,
16344.0,3020533.84,1084851.4,-10530.06,-10181.32,-10347.18,-10391.94,-10456.94,-10487.94,-10650.94,12687.570000000002,85.45736472583917,
16345.0,3020533.3,1084852.23,-10529.98,-10181.29,-10347.15,-10391.91,-10456.91,-10487.91,-10650.91,12687.52,90.9484326738882,
16346.0,3020532.76,1084853.07,-10529.91,-10181.26,-10347.12,-10391.88,-10456.88,-10487.88,-10650.88,12687.48,90.34064271017284,
16347.0,3020532.22,1084853.91,-10529.83,-10181.22,-10347.08,-10391.84,-10456.84,-10487.84,-10650.84,12687.43,94.2912774743226,
16348.0,3020531.68,1084854.75,-10529.75,-10181.19,-10347.05,-10391.81,-10456.81,-10487.81,-10650.81,12687.39,96.48141717115897,
16349.0,3020531.14,1084855.58,-10529.67,-10181.16,-10347.02,-10391.78,-10456.78,-10487.78,-10650.78,12687.34,96.92154093798732,
16350.0,3020530.59,1084856.42,-10529.59,-10181.12,-10346.98,-10391.74,-10456.74,-10487.74,-10650.74,12687.3,93.85115370749426,
16351.0,3020530.05,1084857.26,-10529.51,-10181.09,-10346.95,-10391.71,-10456.71,-10487.71,-10650.71,12687.25,99.99192816848036,
16352.0,3020529.51,1084858.09,-10529.43,-10181.05,-10346.91,-10391.67,-10456.67,-10487.67,-10650.67,12687.21,104.16262481604431,
16353.0,3020528.97,1084858.93,-10529.36,-10181.02,-10346.88,-10391.64,-10456.64,-10487.64,-10650.64,12687.16,105.04287234970104,
16354.0,3020528.43,1084859.77,-10529.28,-10180.99,-10346.85,-10391.61,-10456.61,-10487.61,-10650.61,12687.12,107.02342930042865,
16355.0,3020527.89,1084860.6,-10529.2,-10180.95,-10346.81,-10391.57,-10456.57,-10487.57,-10650.57,12687.070000000002,109.43363088067916,
16356.0,3020527.34,1084861.44,-10529.12,-10180.92,-10346.78,-10391.54,-10456.54,-10487.54,-10650.54,12687.03,105.70305799994355,
16357.0,3020526.8,1084862.28,-10529.04,-10180.88,-10346.74,-10391.5,-10456.5,-10487.5,-10650.5,12686.990000000002,103.29285641969304,
16358.0,3020526.26,1084863.12,-10528.96,-10180.85,-10346.71,-10391.47,-10456.47,-10487.47,-10650.47,12686.94,105.70305799994355,
16359.0,3020525.72,1084863.95,-10528.88,-10180.82,-10346.68,-10391.44,-10456.44,-10487.44,-10650.44,12686.9,112.73455913189184,
16360.0,3020525.18,1084864.79,-10528.8,-10180.78,-10346.64,-10391.4,-10456.4,-10487.4,-10650.4,12686.85,111.19412594799256,
16361.0,3020524.64,1084865.63,-10528.73,-10180.75,-10346.61,-10391.37,-10456.37,-10487.37,-10650.37,12686.81,,
16362.0,3020524.1,1084866.46,-10528.65,-10180.71,-10346.57,-10391.33,-10456.33,-10487.33,-10650.33,12686.76,106.58330553360028,
16363.0,3020523.56,1084867.3,-10528.57,-10180.68,-10346.54,-10391.3,-10456.3,-10487.3,-10650.3,12686.72,108.55338334702245,
16364.0,3020523.02,1084868.14,-10528.49,-10180.64,-10346.5,-10391.26,-10456.26,-10487.26,-10650.26,12686.67,108.9935071138508,
16365.0,3020522.47,1084868.98,-10528.41,-10180.61,-10346.47,-10391.23,-10456.23,-10487.23,-10650.23,12686.63,110.31387841433586,
16366.0,3020521.93,1084869.81,-10528.33,-10180.58,-10346.44,-10391.2,-10456.2,-10487.2,-10650.2,12686.58,110.53394029775004,
16367.0,3020521.39,1084870.65,-10528.25,-10180.54,-10346.4,-10391.16,-10456.16,-10487.16,-10650.16,12686.54,107.68361495067116,
16368.0,3020520.85,1084871.49,-10528.17,-10180.51,-10346.37,-10391.13,-10456.13,-10487.13,-10650.13,12686.5,109.65369276409334,
16369.0,3020520.31,1084872.33,-10528.09,-10180.47,-10346.33,-10391.09,-10456.09,-10487.09,-10650.09,12686.45,110.9740640645784,
16370.0,3020519.77,1084873.16,-10528.01,-10180.44,-10346.3,-10391.06,-10456.06,-10487.06,-10650.06,12686.41,109.65369276409334,
16371.0,3020519.23,1084874.0,-10527.94,-10180.4,-10346.26,-10391.02,-10456.02,-10487.02,-10650.02,12686.36,112.4725806992559,
16372.0,3020518.69,1084874.84,-10527.86,-10180.37,-10346.23,-10390.99,-10455.99,-10486.99,-10649.99,12686.320000000002,120.40528763947177,
16373.0,3020518.14,1084875.67,-10527.78,-10180.34,-10346.2,-10390.96,-10455.96,-10486.96,-10649.96,12686.27,125.1418577015293,
16374.0,3020517.6,1084876.51,-10527.7,-10180.3,-10346.16,-10390.92,-10455.92,-10486.92,-10649.92,12686.23,120.05947610839232,
16375.0,3020517.06,1084877.35,-10527.62,-10180.27,-10346.13,-10390.89,-10455.89,-10486.89,-10649.89,12686.18,,
16376.0,3020516.52,1084878.18,-10527.54,-10180.23,-10346.09,-10390.85,-10455.85,-10486.85,-10649.85,12686.14,112.06389434434384,
16377.0,3020515.98,1084879.02,-10527.46,-10180.2,-10346.06,-10390.82,-10455.82,-10486.82,-10649.82,12686.09,106.80336741701446,
16378.0,3020515.44,1084879.86,-10527.38,-10180.16,-10346.02,-10390.78,-10455.78,-10486.78,-10649.78,12686.05,105.04287234970104,
16379.0,3020514.89,1084880.69,-10527.3,-10180.13,-10345.99,-10390.75,-10455.75,-10486.75,-10649.75,12686.0,106.14318176677192,
16380.0,3020514.35,1084881.53,-10527.22,-10180.1,-10345.96,-10390.72,-10455.72,-10486.72,-10649.72,12685.96,109.87375464750752,
16381.0,3020513.81,1084882.37,-10527.15,-10180.06,-10345.92,-10390.68,-10455.68,-10486.68,-10649.68,12685.91,110.10429566822714,
16382.0,3020513.27,1084883.2,-10527.07,-10180.03,-10345.89,-10390.65,-10455.65,-10486.65,-10649.65,12685.87,103.07279453627886,
16383.0,3020512.72,1084884.04,-10526.99,-10179.99,-10345.85,-10390.61,-10455.61,-10486.61,-10649.61,12685.83,101.1027167228567,
16384.0,3020512.18,1084884.88,-10526.91,-10179.96,-10345.82,-10390.58,-10455.58,-10486.58,-10649.58,12685.78,,
16385.0,3020511.64,1084885.71,-10526.83,-10179.92,-10345.78,-10390.54,-10455.54,-10486.54,-10649.54,12685.740000000002,107.46355306725698,
16386.0,3020511.1,1084886.55,-10526.75,-10179.89,-10345.75,-10390.51,-10455.51,-10486.51,-10649.51,12685.69,108.77344523043662,
16387.0,3020510.55,1084887.38,-10526.67,-10179.86,-10345.72,-10390.48,-10455.48,-10486.48,-10649.48,12685.65,111.41418783140676,
16388.0,3020510.01,1084888.22,-10526.59,-10179.82,-10345.68,-10390.44,-10455.44,-10486.44,-10649.44,12685.6,110.53394029775004,
16389.0,3020509.47,1084889.06,-10526.51,-10179.79,-10345.65,-10390.41,-10455.41,-10486.41,-10649.41,12685.56,110.75400218116422,
16390.0,3020508.92,1084889.89,-10526.43,-10179.75,-10345.61,-10390.37,-10455.37,-10486.37,-10649.37,12685.51,108.9935071138508,
16391.0,3020508.38,1084890.73,-10526.36,-10179.72,-10345.58,-10390.34,-10455.34,-10486.34,-10649.34,12685.47,108.55338334702245,
16392.0,3020507.84,1084891.56,-10526.28,-10179.68,-10345.54,-10390.3,-10455.3,-10486.3,-10649.3,12685.42,111.85431159823511,
16393.0,3020507.29,1084892.4,-10526.2,-10179.65,-10345.51,-10390.27,-10455.27,-10486.27,-10649.27,12685.38,113.82438941165728,
16394.0,3020506.75,1084893.23,-10526.12,-10179.61,-10345.47,-10390.23,-10455.23,-10486.23,-10649.23,12685.33,114.0549304323769,
16395.0,3020506.21,1084894.07,-10526.04,-10179.58,-10345.44,-10390.2,-10455.2,-10486.2,-10649.2,12685.29,108.78392436774206,
16396.0,3020505.66,1084894.91,-10525.96,-10179.55,-10345.41,-10390.17,-10455.17,-10486.17,-10649.17,12685.240000000002,104.39316583676394,
16397.0,3020505.12,1084895.74,-10525.88,-10179.51,-10345.37,-10390.13,-10455.13,-10486.13,-10649.13,12685.2,101.09223758555126,
16398.0,3020504.57,1084896.58,-10525.8,-10179.48,-10345.34,-10390.1,-10455.1,-10486.1,-10649.1,12685.16,,
16399.0,3020504.03,1084897.41,-10525.72,-10179.44,-10345.3,-10390.06,-10455.06,-10486.06,-10649.06,12685.11,,
16400.0,3020503.49,1084898.25,-10525.65,-10179.41,-10345.27,-10390.03,-10455.03,-10486.03,-10649.03,12685.070000000002,,
16401.0,3020502.94,1084899.08,-10525.57,-10179.37,-10345.23,-10389.99,-10454.99,-10485.99,-10648.99,12685.02,100.66259295602836,
16402.0,3020502.4,1084899.92,-10525.49,-10179.34,-10345.2,-10389.96,-10454.96,-10485.96,-10648.96,12684.98,99.34222165554328,
16403.0,3020501.85,1084900.75,-10525.41,-10179.31,-10345.17,-10389.93,-10454.93,-10485.93,-10648.93,12684.93,,
16404.0,3020501.31,1084901.59,-10525.33,-10179.27,-10345.13,-10389.89,-10454.89,-10485.89,-10648.89,12684.89,98.472453259192,
16405.0,3020500.77,1084902.42,-10525.25,-10179.24,-10345.1,-10389.86,-10454.86,-10485.86,-10648.86,12684.84,,
16406.0,3020500.22,1084903.26,-10525.17,-10179.22,-10345.08,-10389.84,-10454.84,-10485.84,-10648.84,12684.78,97.15208195870692,
16407.0,3020499.68,1084904.09,-10525.09,-10179.21,-10345.07,-10389.83,-10454.83,-10485.83,-10648.83,12684.72,96.27183442505022,
16408.0,3020499.13,1084904.93,-10525.01,-10179.19,-10345.05,-10389.81,-10454.81,-10485.81,-10648.81,12684.65,94.30175661162806,
16409.0,3020498.59,1084905.76,-10524.93,-10179.17,-10345.03,-10389.79,-10454.79,-10485.79,-10648.79,12684.59,91.22089024382956,
16410.0,3020498.04,1084906.6,-10524.86,-10179.16,-10345.02,-10389.78,-10454.78,-10485.78,-10648.78,12684.53,85.3525733527848,
16411.0,3020497.5,1084907.43,-10524.78,-10179.14,-10345.0,-10389.76,-10454.76,-10485.76,-10648.76,12684.47,82.7747055756473,
16412.0,3020496.95,1084908.27,-10524.7,-10179.12,-10344.98,-10389.74,-10454.74,-10485.74,-10648.74,12684.4,81.6743961585764,
16413.0,3020496.41,1084909.1,-10524.62,-10179.11,-10344.97,-10389.73,-10454.73,-10485.73,-10648.73,12684.34,,
16414.0,3020495.86,1084909.94,-10524.54,-10179.09,-10344.95,-10389.71,-10454.71,-10485.71,-10648.71,12684.28,72.51563015362441,
16415.0,3020495.32,1084910.77,-10524.46,-10179.08,-10344.94,-10389.7,-10454.7,-10485.7,-10648.7,12684.21,75.31355981417612,
16416.0,3020494.77,1084911.6,-10524.38,-10179.06,-10344.92,-10389.68,-10454.68,-10485.68,-10648.68,12684.15,76.413869231247,
16417.0,3020494.22,1084912.44,-10524.3,-10179.05,-10344.91,-10389.67,-10454.67,-10485.67,-10648.67,12684.08,74.44379141782484,
16418.0,3020493.68,1084913.27,-10524.22,-10179.04,-10344.9,-10389.66,-10454.66,-10485.66,-10648.66,12684.02,72.90335823392557,
16419.0,3020493.13,1084914.11,-10524.14,-10179.01,-10344.87,-10389.63,-10454.63,-10485.63,-10648.63,12683.97,74.22372953441065,
16420.0,3020492.59,1084914.94,-10524.07,-10178.95,-10344.81,-10389.57,-10454.57,-10485.57,-10648.57,12683.95,72.90335823392557,
16421.0,3020492.04,1084915.78,-10523.99,-10178.89,-10344.75,-10389.51,-10454.51,-10485.51,-10648.51,12683.93,72.46323446709724,
16422.0,3020491.49,1084916.61,-10523.91,-10178.83,-10344.69,-10389.45,-10454.45,-10485.45,-10648.45,12683.9,72.90335823392557,
16423.0,3020490.95,1084917.44,-10523.83,-10178.78,-10344.64,-10389.4,-10454.4,-10485.4,-10648.4,12683.88,,
16424.0,3020490.4,1084918.28,-10523.75,-10178.72,-10344.58,-10389.34,-10454.34,-10485.34,-10648.34,12683.86,71.14286316661216,
16425.0,3020489.86,1084919.11,-10523.67,-10178.66,-10344.52,-10389.28,-10454.28,-10485.28,-10648.28,12683.84,,
16426.0,3020489.31,1084919.95,-10523.59,-10178.6,-10344.46,-10389.22,-10454.22,-10485.22,-10648.22,12683.820000000002,,
16427.0,3020488.76,1084920.78,-10523.51,-10178.55,-10344.41,-10389.17,-10454.17,-10485.17,-10648.17,12683.8,67.19222840246239,
16428.0,3020488.22,1084921.61,-10523.43,-10178.49,-10344.35,-10389.11,-10454.11,-10485.11,-10648.11,12683.77,63.69219654244642,
16429.0,3020487.67,1084922.45,-10523.35,-10178.43,-10344.29,-10389.05,-10454.05,-10485.05,-10648.05,12683.75,61.061933078781706,
16430.0,3020487.12,1084923.28,-10523.28,-10178.38,-10344.24,-10389.0,-10454.0,-10485.0,-10648.0,12683.73,61.94218061243843,
16431.0,3020486.58,1084924.11,-10523.2,-10178.32,-10344.18,-10388.94,-10453.94,-10484.94,-10647.94,12683.71,65.4422124724544,
16432.0,3020486.03,1084924.95,-10523.12,-10178.26,-10344.12,-10388.88,-10453.88,-10484.88,-10647.88,12683.69,66.32246000611111,
16433.0,3020485.48,1084925.78,-10523.04,-10178.2,-10344.06,-10388.82,-10453.82,-10484.82,-10647.82,12683.66,64.35238219268895,
16434.0,3020484.93,1084926.61,-10522.96,-10178.15,-10344.01,-10388.77,-10453.77,-10484.77,-10647.77,12683.64,,
16435.0,3020484.39,1084927.45,-10522.88,-10178.09,-10343.95,-10388.71,-10453.71,-10484.71,-10647.71,12683.62,66.99312479365908,
16436.0,3020483.84,1084928.28,-10522.8,-10178.03,-10343.89,-10388.65,-10453.65,-10484.65,-10647.65,12683.6,67.64283130659618,
16437.0,3020483.29,1084929.11,-10522.72,-10177.97,-10343.83,-10388.59,-10453.59,-10484.59,-10647.59,12683.58,,
16438.0,3020482.75,1084929.95,-10522.64,-10177.92,-10343.78,-10388.54,-10453.54,-10484.54,-10647.54,12683.56,65.67275349317401,
16439.0,3020482.2,1084930.78,-10522.56,-10177.86,-10343.72,-10388.48,-10453.48,-10484.48,-10647.48,12683.53,63.04249002950932,
16440.0,3020481.65,1084931.61,-10522.49,-10177.8,-10343.66,-10388.42,-10453.42,-10484.42,-10647.42,12683.51,61.94218061243843,
16441.0,3020481.1,1084932.44,-10522.41,-10177.75,-10343.61,-10388.37,-10453.37,-10484.37,-10647.37,12683.490000000002,65.4422124724544,
16442.0,3020480.55,1084933.28,-10522.33,-10177.69,-10343.55,-10388.31,-10453.31,-10484.31,-10647.31,12683.47,66.32246000611111,
16443.0,3020480.01,1084934.11,-10522.25,-10177.63,-10343.49,-10388.25,-10453.25,-10484.25,-10647.25,12683.45,63.69219654244642,
16444.0,3020479.46,1084934.94,-10522.17,-10177.57,-10343.43,-10388.19,-10453.19,-10484.19,-10647.19,12683.43,61.94218061243843,
16445.0,3020478.91,1084935.78,-10522.09,-10177.52,-10343.38,-10388.14,-10453.14,-10484.14,-10647.14,12683.4,65.4422124724544,
16446.0,3020478.36,1084936.61,-10522.01,-10177.46,-10343.32,-10388.08,-10453.08,-10484.08,-10647.08,12683.38,63.84938360202796,
16447.0,3020477.81,1084937.44,-10521.93,-10177.4,-10343.26,-10388.02,-10453.02,-10484.02,-10647.02,12683.36,63.47213465903223,
16448.0,3020477.26,1084938.27,-10521.85,-10177.35,-10343.21,-10387.97,-10452.97,-10483.97,-10646.97,12683.33,68.90032778324863,
16449.0,3020476.72,1084939.11,-10521.77,-10177.29,-10343.15,-10387.91,-10452.91,-10483.91,-10646.91,12683.31,77.73424053173206,
16450.0,3020476.17,1084939.94,-10521.7,-10177.24,-10343.1,-10387.86,-10452.86,-10483.86,-10646.86,12683.29,,
16451.0,3020475.62,1084940.77,-10521.62,-10177.18,-10343.04,-10387.8,-10452.8,-10483.8,-10646.8,12683.27,69.62338825732378,
16452.0,3020475.07,1084941.6,-10521.54,-10177.13,-10342.99,-10387.75,-10452.75,-10483.75,-10646.75,12683.240000000002,69.83297100343253,
16453.0,3020474.52,1084942.43,-10521.46,-10177.07,-10342.93,-10387.69,-10452.69,-10483.69,-10646.69,12683.22,,
16454.0,3020473.97,1084943.27,-10521.38,-10177.01,-10342.87,-10387.63,-10452.63,-10483.63,-10646.63,12683.2,74.05606333752367,
16455.0,3020473.42,1084944.1,-10521.3,-10176.96,-10342.82,-10387.58,-10452.58,-10483.58,-10646.58,12683.17,80.7417529383925,
16456.0,3020472.87,1084944.93,-10521.22,-10176.92,-10342.78,-10387.54,-10452.54,-10483.54,-10646.54,12683.13,88.31816921022349,
16457.0,3020472.32,1084945.76,-10521.14,-10176.89,-10342.75,-10387.51,-10452.51,-10483.51,-10646.51,12683.09,88.86308435010622,
16458.0,3020471.78,1084946.59,-10521.06,-10176.85,-10342.71,-10387.47,-10452.47,-10483.47,-10646.47,12683.05,86.77773602632425,
16459.0,3020471.23,1084947.43,-10520.99,-10176.81,-10342.67,-10387.43,-10452.43,-10483.43,-10646.43,12683.0,87.7837332076462,
16460.0,3020470.68,1084948.26,-10520.91,-10176.78,-10342.64,-10387.4,-10452.4,-10483.4,-10646.4,12682.96,89.92147721795536,
16461.0,3020470.13,1084949.09,-10520.83,-10176.74,-10342.6,-10387.36,-10452.36,-10483.36,-10646.36,12682.92,91.48286867646549,
16462.0,3020469.58,1084949.92,-10520.75,-10176.7,-10342.56,-10387.32,-10452.32,-10483.32,-10646.32,12682.88,92.00682554173731,
16463.0,3020469.03,1084950.75,-10520.67,-10176.67,-10342.53,-10387.29,-10452.29,-10483.29,-10646.29,12682.83,95.1924832825902,
16464.0,3020468.48,1084951.58,-10520.59,-10176.63,-10342.49,-10387.25,-10452.25,-10483.25,-10646.25,12682.79,102.81081610364294,
16465.0,3020467.93,1084952.42,-10520.51,-10176.59,-10342.45,-10387.21,-10452.21,-10483.21,-10646.21,12682.75,104.60274858287268,
16466.0,3020467.38,1084953.25,-10520.43,-10176.56,-10342.42,-10387.18,-10452.18,-10483.18,-10646.18,12682.71,101.64763186273944,
16467.0,3020466.83,1084954.08,-10520.35,-10176.52,-10342.38,-10387.14,-10452.14,-10483.14,-10646.14,12682.66,101.09223758555126,
16468.0,3020466.28,1084954.91,-10520.28,-10176.48,-10342.34,-10387.1,-10452.1,-10483.1,-10646.1,12682.62,106.36324365018608,
16469.0,3020465.73,1084955.74,-10520.2,-10176.45,-10342.31,-10387.07,-10452.07,-10483.07,-10646.07,12682.58,112.29443536506346,
16470.0,3020465.18,1084956.57,-10520.12,-10176.41,-10342.27,-10387.03,-10452.03,-10483.03,-10646.03,12682.54,113.16420376141475,
16471.0,3020464.63,1084957.4,-10520.04,-10176.37,-10342.23,-10386.99,-10451.99,-10482.99,-10645.99,12682.5,109.65369276409334,
16472.0,3020464.08,1084958.24,-10519.96,-10176.34,-10342.2,-10386.96,-10451.96,-10482.96,-10645.96,12682.45,108.55338334702245,
16473.0,3020463.53,1084959.07,-10519.88,-10176.3,-10342.16,-10386.92,-10451.92,-10482.92,-10645.92,12682.41,106.14318176677192,
16474.0,3020462.98,1084959.9,-10519.8,-10176.27,-10342.13,-10386.89,-10451.89,-10482.89,-10645.89,12682.37,106.58330553360028,
16475.0,3020462.43,1084960.73,-10519.73,-10176.23,-10342.09,-10386.85,-10451.85,-10482.85,-10645.85,12682.33,111.18364681068716,
16476.0,3020461.88,1084961.56,-10519.65,-10176.19,-10342.05,-10386.81,-10451.81,-10482.81,-10645.81,12682.29,111.6237705775155,
16477.0,3020461.33,1084962.39,-10519.57,-10176.16,-10342.02,-10386.78,-10451.78,-10482.78,-10645.78,12682.240000000002,108.78392436774206,
16478.0,3020460.77,1084963.22,-10519.49,-10176.12,-10341.98,-10386.74,-10451.74,-10482.74,-10645.74,12682.2,112.95462101530602,
16479.0,3020460.22,1084964.05,-10519.41,-10176.08,-10341.94,-10386.7,-10451.7,-10482.7,-10645.7,12682.16,114.26451317848564,
16480.0,3020459.67,1084964.88,-10519.34,-10176.05,-10341.91,-10386.67,-10451.67,-10482.67,-10645.67,12682.12,112.07437348164927,
16481.0,3020459.12,1084965.72,-10519.26,-10176.01,-10341.87,-10386.63,-10451.63,-10482.63,-10645.63,12682.08,105.70305799994355,
16482.0,3020458.57,1084966.55,-10519.18,-10175.97,-10341.83,-10386.59,-10451.59,-10482.59,-10645.59,12682.04,106.14318176677192,
16483.0,3020458.02,1084967.38,-10519.1,-10175.94,-10341.8,-10386.56,-10451.56,-10482.56,-10645.56,12681.990000000002,110.9740640645784,
16484.0,3020457.47,1084968.21,-10519.02,-10175.9,-10341.76,-10386.52,-10451.52,-10482.52,-10645.52,12681.95,112.5040181111722,
16485.0,3020456.92,1084969.04,-10518.94,-10175.86,-10341.72,-10386.48,-10451.48,-10482.48,-10645.48,12681.91,110.09381653092169,
16486.0,3020456.37,1084969.87,-10518.87,-10175.83,-10341.69,-10386.45,-10451.45,-10482.45,-10645.45,12681.87,110.75400218116422,
16487.0,3020455.82,1084970.7,-10518.79,-10175.79,-10341.65,-10386.41,-10451.41,-10482.41,-10645.41,12681.83,110.54441943505547,
16488.0,3020455.26,1084971.53,-10518.71,-10175.75,-10341.61,-10386.37,-10451.37,-10482.37,-10645.37,12681.79,105.93359902066318,
16489.0,3020454.71,1084972.36,-10518.63,-10175.72,-10341.58,-10386.34,-10451.34,-10482.34,-10645.34,12681.75,,
16490.0,3020454.16,1084973.19,-10518.56,-10175.68,-10341.54,-10386.3,-10451.3,-10482.3,-10645.3,12681.7,109.44411001798458,
16491.0,3020453.61,1084974.02,-10518.48,-10175.65,-10341.51,-10386.27,-10451.27,-10482.27,-10645.27,12681.66,105.27341337042066,
16492.0,3020453.06,1084974.85,-10518.4,-10175.61,-10341.47,-10386.23,-10451.23,-10482.23,-10645.23,12681.62,99.56228353895746,
16493.0,3020452.51,1084975.68,-10518.32,-10175.57,-10341.43,-10386.19,-10451.19,-10482.19,-10645.19,12681.58,98.472453259192,
16494.0,3020451.96,1084976.51,-10518.24,-10175.54,-10341.4,-10386.16,-10451.16,-10482.16,-10645.16,12681.54,,
16495.0,3020451.4,1084977.35,-10518.17,-10175.5,-10341.36,-10386.12,-10451.12,-10482.12,-10645.12,12681.5,95.83171065822188,
16496.0,3020450.85,1084978.18,-10518.09,-10175.46,-10341.32,-10386.08,-10451.08,-10482.08,-10645.08,12681.46,95.17152500797933,
16497.0,3020450.3,1084979.01,-10518.01,-10175.43,-10341.29,-10386.05,-10451.05,-10482.05,-10645.05,12681.42,98.90209788871492,
16498.0,3020449.75,1084979.84,-10517.93,-10175.39,-10341.25,-10386.01,-10451.01,-10482.01,-10645.01,12681.37,100.66259295602836,
16499.0,3020449.2,1084980.67,-10517.86,-10175.35,-10341.21,-10385.97,-10450.97,-10481.97,-10644.97,12681.33,98.25239137577782,
16500.0,3020448.65,1084981.5,-10517.78,-10175.32,-10341.18,-10385.94,-10450.94,-10481.94,-10644.94,12681.29,98.472453259192,
16501.0,3020448.09,1084982.33,-10517.7,-10175.28,-10341.14,-10385.9,-10450.9,-10481.9,-10644.9,12681.25,98.03232949236364,
16502.0,3020447.54,1084983.16,-10517.62,-10175.24,-10341.1,-10385.86,-10450.86,-10481.86,-10644.86,12681.21,94.95146312456517,
16503.0,3020446.99,1084983.99,-10517.55,-10175.21,-10341.07,-10385.83,-10450.83,-10481.83,-10644.83,12681.17,92.75084429042336,
16504.0,3020446.44,1084984.82,-10517.47,-10175.17,-10341.03,-10385.79,-10450.79,-10481.79,-10644.79,12681.13,88.86308435010622,
16505.0,3020445.88,1084985.65,-10517.39,-10175.13,-10340.99,-10385.75,-10450.75,-10481.75,-10644.75,12681.09,85.404969039312,
16506.0,3020445.33,1084986.48,-10517.32,-10175.1,-10340.96,-10385.72,-10450.72,-10481.72,-10644.72,12681.05,86.55767414291007,
16507.0,3020444.78,1084987.31,-10517.24,-10175.06,-10340.92,-10385.68,-10450.68,-10481.68,-10644.68,12681.01,91.16849455730237,
16508.0,3020444.23,1084988.14,-10517.16,-10175.03,-10340.89,-10385.65,-10450.65,-10481.65,-10644.65,12680.97,85.57263523619898,
16509.0,3020443.67,1084988.97,-10517.08,-10174.99,-10340.85,-10385.61,-10450.61,-10481.61,-10644.61,12680.93,76.57105629082855,
16510.0,3020443.12,1084989.8,-10517.01,-10174.95,-10340.81,-10385.57,-10450.57,-10481.57,-10644.57,12680.89,,
16511.0,3020442.57,1084990.63,-10516.93,-10174.92,-10340.78,-10385.54,-10450.54,-10481.54,-10644.54,12680.85,,
16512.0,3020442.02,1084991.46,-10516.85,-10174.88,-10340.74,-10385.5,-10450.5,-10481.5,-10644.5,12680.8,89.02027140968778,
16513.0,3020441.46,1084992.29,-10516.78,-10174.84,-10340.7,-10385.46,-10450.46,-10481.46,-10644.46,12680.76,86.39000794602308,
16514.0,3020440.91,1084993.12,-10516.7,-10174.81,-10340.67,-10385.43,-10450.43,-10481.43,-10644.43,12680.72,85.74030143308599,
16515.0,3020440.36,1084993.95,-10516.62,-10174.77,-10340.63,-10385.39,-10450.39,-10481.39,-10644.39,12680.68,,
16516.0,3020439.8,1084994.78,-10516.55,-10174.73,-10340.59,-10385.35,-10450.35,-10481.35,-10644.35,12680.64,89.6804570599303,
16517.0,3020439.25,1084995.61,-10516.47,-10174.7,-10340.56,-10385.32,-10450.32,-10481.32,-10644.32,12680.6,89.02027140968778,
16518.0,3020438.7,1084996.44,-10516.39,-10174.66,-10340.52,-10385.28,-10450.28,-10481.28,-10644.28,12680.56,86.39000794602308,
16519.0,3020438.15,1084997.26,-10516.32,-10174.62,-10340.48,-10385.24,-10450.24,-10481.24,-10644.24,12680.52,,
16520.0,3020437.59,1084998.09,-10516.24,-10174.59,-10340.45,-10385.21,-10450.21,-10481.21,-10644.21,12680.48,,
16521.0,3020437.04,1084998.92,-10516.16,-10174.55,-10340.41,-10385.17,-10450.17,-10481.17,-10644.17,12680.44,90.50830890705984,
16522.0,3020436.49,1084999.75,-10516.09,-10174.51,-10340.37,-10385.13,-10450.13,-10481.13,-10644.13,12680.4,86.55767414291007,
16523.0,3020435.93,1085000.58,-10516.01,-10174.48,-10340.34,-10385.1,-10450.1,-10481.1,-10644.1,12680.36,81.9573328658232,
16524.0,3020435.38,1085001.41,-10515.93,-10174.44,-10340.3,-10385.06,-10450.06,-10481.06,-10644.06,12680.320000000002,80.1444421119826,
16525.0,3020434.83,1085002.24,-10515.86,-10174.4,-10340.26,-10385.02,-10450.02,-10481.02,-10644.02,12680.28,76.85399299807536,
16526.0,3020434.27,1085003.07,-10515.78,-10174.37,-10340.23,-10384.99,-10449.99,-10480.99,-10643.99,12680.240000000002,71.59346607074595,
16527.0,3020433.72,1085003.9,-10515.7,-10174.33,-10340.19,-10384.95,-10449.95,-10480.95,-10643.95,12680.2,68.95272346977582,
16528.0,3020433.16,1085004.73,-10515.63,-10174.3,-10340.16,-10384.92,-10449.92,-10480.92,-10643.92,12680.16,69.17278535319,
16529.0,3020432.61,1085005.56,-10515.55,-10174.26,-10340.12,-10384.88,-10449.88,-10480.88,-10643.88,12680.12,,
16530.0,3020432.06,1085006.39,-10515.48,-10174.22,-10340.08,-10384.84,-10449.84,-10480.84,-10643.84,12680.08,77.51417864831788,
16531.0,3020431.5,1085007.22,-10515.4,-10174.19,-10340.05,-10384.81,-10449.81,-10480.81,-10643.81,12680.04,79.70431834515423,
16532.0,3020430.95,1085008.05,-10515.32,-10174.15,-10340.01,-10384.77,-10449.77,-10480.77,-10643.77,12680.0,,
16533.0,3020430.39,1085008.87,-10515.25,-10174.11,-10339.97,-10384.73,-10449.73,-10480.73,-10643.73,12679.96,70.92280128319797,
16534.0,3020429.84,1085009.7,-10515.17,-10174.08,-10339.94,-10384.7,-10449.7,-10480.7,-10643.7,12679.92,69.82249186612708,
16535.0,3020429.29,1085010.53,-10515.09,-10174.04,-10339.9,-10384.66,-10449.66,-10480.66,-10643.66,12679.88,,
16536.0,3020428.73,1085011.36,-10515.02,-10174.0,-10339.86,-10384.62,-10449.62,-10480.62,-10643.62,12679.85,,
16537.0,3020428.18,1085012.19,-10514.94,-10173.97,-10339.83,-10384.59,-10449.59,-10480.59,-10643.59,12679.81,,
16538.0,3020427.62,1085013.02,-10514.87,-10173.93,-10339.79,-10384.55,-10449.55,-10480.55,-10643.55,12679.77,,
16539.0,3020427.07,1085013.85,-10514.79,-10173.89,-10339.75,-10384.51,-10449.51,-10480.51,-10643.51,12679.73,,
16540.0,3020426.51,1085014.68,-10514.72,-10173.86,-10339.72,-10384.48,-10449.48,-10480.48,-10643.48,12679.69,,
16541.0,3020425.96,1085015.5,-10514.64,-10173.82,-10339.68,-10384.44,-10449.44,-10480.44,-10643.44,12679.65,70.70273939978381,
16542.0,3020425.41,1085016.33,-10514.56,-10173.78,-10339.64,-10384.4,-10449.4,-10480.4,-10643.4,12679.61,,
16543.0,3020424.85,1085017.16,-10514.49,-10173.75,-10339.61,-10384.37,-10449.37,-10480.37,-10643.37,12679.570000000002,73.56354388416813,
16544.0,3020424.3,1085017.99,-10514.41,-10173.71,-10339.57,-10384.33,-10449.33,-10480.33,-10643.33,12679.53,77.51417864831788,
16545.0,3020423.74,1085018.82,-10514.34,-10173.68,-10339.54,-10384.3,-10449.3,-10480.3,-10643.3,12679.490000000002,,
16546.0,3020423.19,1085019.65,-10514.26,-10173.64,-10339.5,-10384.26,-10449.26,-10480.26,-10643.26,12679.45,84.26274307301935,
16547.0,3020422.63,1085020.48,-10514.19,-10173.6,-10339.46,-10384.22,-10449.22,-10480.22,-10643.22,12679.41,88.20289869986368,
16548.0,3020422.08,1085021.3,-10514.11,-10173.57,-10339.43,-10384.19,-10449.19,-10480.19,-10643.19,12679.37,89.6804570599303,
16549.0,3020421.52,1085022.13,-10514.03,-10173.53,-10339.39,-10384.15,-10449.15,-10480.15,-10643.15,12679.34,89.02027140968778,
16550.0,3020420.97,1085022.96,-10513.96,-10173.49,-10339.35,-10384.11,-10449.11,-10480.11,-10643.11,12679.3,87.2178597931526,
16551.0,3020420.41,1085023.79,-10513.88,-10173.46,-10339.32,-10384.08,-10449.08,-10480.08,-10643.08,12679.26,80.63696156533814,
16552.0,3020419.86,1085024.62,-10513.81,-10173.42,-10339.28,-10384.04,-10449.04,-10480.04,-10643.04,12679.22,80.80462776222512,
16553.0,3020419.3,1085025.45,-10513.73,-10173.38,-10339.24,-10384.0,-10449.0,-10480.0,-10643.0,12679.18,,
16554.0,3020418.75,1085026.27,-10513.66,-10173.35,-10339.21,-10383.97,-10448.97,-10479.97,-10642.97,12679.14,93.19096805725172,
16555.0,3020418.19,1085027.1,-10513.58,-10173.31,-10339.17,-10383.93,-10448.93,-10479.93,-10642.93,12679.1,96.70147905457314,
16556.0,3020417.63,1085027.93,-10513.51,-10173.28,-10339.14,-10383.9,-10448.9,-10479.9,-10642.9,12679.06,100.22246918919998,
16557.0,3020417.08,1085028.76,-10513.43,-10173.25,-10339.11,-10383.87,-10448.87,-10479.87,-10642.87,12679.02,101.09223758555126,
16558.0,3020416.52,1085029.59,-10513.36,-10173.21,-10339.07,-10383.83,-10448.83,-10479.83,-10642.83,12678.98,,
16559.0,3020415.97,1085030.41,-10513.28,-10173.18,-10339.04,-10383.8,-10448.8,-10479.8,-10642.8,12678.93,101.57427790160138,
16560.0,3020415.41,1085031.24,-10513.21,-10173.15,-10339.01,-10383.77,-10448.77,-10479.77,-10642.77,12678.89,,
16561.0,3020414.85,1085032.07,-10513.13,-10173.12,-10338.98,-10383.74,-10448.74,-10479.74,-10642.74,12678.85,105.36772560616956,
16562.0,3020414.3,1085032.9,-10513.06,-10173.08,-10338.94,-10383.7,-10448.7,-10479.7,-10642.7,12678.81,105.83928678491424,
16563.0,3020413.74,1085033.72,-10512.98,-10173.05,-10338.91,-10383.67,-10448.67,-10479.67,-10642.67,12678.77,,
16564.0,3020413.18,1085034.55,-10512.91,-10173.02,-10338.88,-10383.64,-10448.64,-10479.64,-10642.64,12678.72,,
16565.0,3020412.62,1085035.38,-10512.84,-10172.98,-10338.84,-10383.6,-10448.6,-10479.6,-10642.6,12678.68,,
16566.0,3020412.07,1085036.2,-10512.76,-10172.96,-10338.82,-10383.58,-10448.58,-10479.58,-10642.58,12678.63,106.3946810621024,
16567.0,3020411.51,1085037.03,-10512.69,-10172.93,-10338.79,-10383.55,-10448.55,-10479.55,-10642.55,12678.59,107.128220673483,
16568.0,3020410.95,1085037.86,-10512.62,-10172.91,-10338.77,-10383.53,-10448.53,-10479.53,-10642.53,12678.54,104.38268669945847,
16569.0,3020410.39,1085038.68,-10512.54,-10172.88,-10338.74,-10383.5,-10448.5,-10479.5,-10642.5,12678.490000000002,100.0024073057858,
16570.0,3020409.83,1085039.51,-10512.47,-10172.86,-10338.72,-10383.48,-10448.48,-10479.48,-10642.48,12678.44,97.81226760894948,
16571.0,3020409.28,1085040.34,-10512.39,-10172.83,-10338.69,-10383.45,-10448.45,-10479.45,-10642.45,12678.39,100.22246918919998,
16572.0,3020408.72,1085041.16,-10512.32,-10172.81,-10338.67,-10383.43,-10448.43,-10479.43,-10642.43,12678.34,100.66259295602836,
16573.0,3020408.16,1085041.99,-10512.25,-10172.78,-10338.64,-10383.4,-10448.4,-10479.4,-10642.4,12678.29,98.03232949236364,
16574.0,3020407.6,1085042.81,-10512.18,-10172.76,-10338.62,-10383.38,-10448.38,-10479.38,-10642.38,12678.25,96.27183442505022,
16575.0,3020407.04,1085043.64,-10512.1,-10172.73,-10338.59,-10383.35,-10448.35,-10479.35,-10642.35,12678.2,99.1221597721291,
16576.0,3020406.48,1085044.47,-10512.03,-10172.71,-10338.57,-10383.33,-10448.33,-10479.33,-10642.33,12678.15,103.50243916580176,
16577.0,3020405.92,1085045.29,-10511.96,-10172.68,-10338.54,-10383.3,-10448.3,-10479.3,-10642.3,12678.1,104.38268669945847,
16578.0,3020405.36,1085046.12,-10511.88,-10172.66,-10338.52,-10383.28,-10448.28,-10479.28,-10642.28,12678.06,,
16579.0,3020404.8,1085046.94,-10511.81,-10172.63,-10338.49,-10383.25,-10448.25,-10479.25,-10642.25,12678.01,98.472453259192,
16580.0,3020404.24,1085047.77,-10511.74,-10172.61,-10338.47,-10383.23,-10448.23,-10479.23,-10642.23,12677.96,97.20447764523412,
16581.0,3020403.68,1085048.59,-10511.67,-10172.58,-10338.44,-10383.2,-10448.2,-10479.2,-10642.2,12677.91,96.93202007529275,
16582.0,3020403.12,1085049.42,-10511.6,-10172.56,-10338.42,-10383.18,-10448.18,-10479.18,-10642.18,12677.87,98.0742460415854,
16583.0,3020402.56,1085050.24,-10511.52,-10172.53,-10338.39,-10383.15,-10448.15,-10479.15,-10642.15,12677.820000000002,96.70147905457314,
16584.0,3020402.0,1085051.07,-10511.45,-10172.51,-10338.37,-10383.13,-10448.13,-10479.13,-10642.13,12677.77,93.4110299406659,
16585.0,3020401.44,1085051.89,-10511.38,-10172.48,-10338.34,-10383.1,-10448.1,-10479.1,-10642.1,12677.73,91.00082836041538,
16586.0,3020400.88,1085052.72,-10511.31,-10172.46,-10338.32,-10383.08,-10448.08,-10479.08,-10642.08,12677.68,92.32119966090046,
16587.0,3020400.32,1085053.54,-10511.24,-10172.43,-10338.29,-10383.05,-10448.05,-10479.05,-10642.05,12677.63,,
16588.0,3020399.75,1085054.37,-10511.17,-10172.41,-10338.27,-10383.03,-10448.03,-10479.03,-10642.03,12677.59,,
16589.0,3020399.19,1085055.19,-10511.09,-10172.38,-10338.24,-10383.0,-10448.0,-10479.0,-10642.0,12677.54,92.981385311143,
16590.0,3020398.63,1085056.01,-10511.02,-10172.36,-10338.22,-10382.98,-10447.98,-10478.98,-10641.98,12677.5,93.36911339144416,
16591.0,3020398.07,1085056.84,-10510.95,-10172.33,-10338.19,-10382.95,-10447.95,-10478.95,-10641.95,12677.45,86.99779790973842,
16592.0,3020397.51,1085057.66,-10510.88,-10172.31,-10338.17,-10382.93,-10447.93,-10478.93,-10641.93,12677.4,81.9573328658232,
16593.0,3020396.94,1085058.49,-10510.81,-10172.28,-10338.14,-10382.9,-10447.9,-10478.9,-10641.9,12677.36,80.80462776222512,
16594.0,3020396.38,1085059.31,-10510.74,-10172.26,-10338.12,-10382.88,-10447.88,-10478.88,-10641.88,12677.31,82.28218612229175,
16595.0,3020395.82,1085060.13,-10510.67,-10172.23,-10338.09,-10382.85,-10447.85,-10478.85,-10641.85,12677.26,80.80462776222512,
16596.0,3020395.26,1085060.96,-10510.6,-10172.21,-10338.07,-10382.83,-10447.83,-10478.83,-10641.83,12677.22,79.65192265862706,
16597.0,3020394.69,1085061.78,-10510.53,-10172.18,-10338.04,-10382.8,-10447.8,-10478.8,-10641.8,12677.17,78.83454994880296,
16598.0,3020394.13,1085062.6,-10510.46,-10172.16,-10338.02,-10382.78,-10447.78,-10478.78,-10641.78,12677.13,80.80462776222512,
16599.0,3020393.57,1085063.43,-10510.39,-10172.13,-10337.99,-10382.75,-10447.75,-10478.75,-10641.75,12677.09,,
16600.0,3020393.0,1085064.25,-10510.32,-10172.11,-10337.97,-10382.73,-10447.73,-10478.73,-10641.73,12677.04,89.74333188376293,
16601.0,3020392.44,1085065.07,-10510.25,-10172.08,-10337.94,-10382.7,-10447.7,-10478.7,-10641.7,12677.0,92.75084429042336,
16602.0,3020391.87,1085065.9,-10510.18,-10172.06,-10337.92,-10382.68,-10447.68,-10478.68,-10641.68,12676.95,92.310720523595,
16603.0,3020391.31,1085066.72,-10510.11,-10172.03,-10337.89,-10382.65,-10447.65,-10478.65,-10641.65,12676.91,91.00082836041538,
16604.0,3020390.75,1085067.54,-10510.04,-10172.01,-10337.87,-10382.63,-10447.63,-10478.63,-10641.63,12676.86,,
16605.0,3020390.18,1085068.36,-10509.97,-10171.98,-10337.84,-10382.6,-10447.6,-10478.6,-10641.6,12676.820000000002,,
16606.0,3020389.62,1085069.18,-10509.9,-10171.96,-10337.82,-10382.58,-10447.58,-10478.58,-10641.58,12676.77,89.02027140968778,
16607.0,3020389.05,1085070.01,-10509.83,-10171.93,-10337.79,-10382.55,-10447.55,-10478.55,-10641.55,12676.73,89.69093619723574,
16608.0,3020388.49,1085070.83,-10509.76,-10171.91,-10337.77,-10382.53,-10447.53,-10478.53,-10641.53,12676.68,86.67294465326988,
16609.0,3020387.92,1085071.65,-10509.69,-10171.88,-10337.74,-10382.5,-10447.5,-10478.5,-10641.5,12676.64,88.16098215064194,
16610.0,3020387.36,1085072.47,-10509.62,-10171.86,-10337.72,-10382.48,-10447.48,-10478.48,-10641.48,12676.59,92.15353346401344,
16611.0,3020386.79,1085073.29,-10509.55,-10172.5,-10338.36,-10383.12,-10448.12,-10479.12,-10642.12,12675.88,100.66259295602836,
16612.0,3020386.22,1085074.12,-10509.48,-10172.48,-10338.34,-10383.1,-10448.1,-10479.1,-10642.1,12675.84,99.06976408560192,
16613.0,3020385.66,1085074.94,-10509.42,-10172.46,-10338.32,-10383.08,-10448.08,-10479.08,-10642.08,12675.79,94.40654798468242,
16614.0,3020385.09,1085075.76,-10509.35,-10172.44,-10338.3,-10383.06,-10448.06,-10479.06,-10642.06,12675.740000000002,93.96642421785408,
16615.0,3020384.52,1085076.58,-10509.28,-10172.41,-10338.27,-10383.03,-10448.03,-10479.03,-10642.03,12675.69,96.92154093798732,
16616.0,3020383.96,1085077.4,-10509.21,-10172.39,-10338.25,-10383.01,-10448.01,-10479.01,-10642.01,12675.65,,
16617.0,3020383.39,1085078.22,-10509.14,-10172.37,-10338.23,-10382.99,-10447.99,-10478.99,-10641.99,12675.6,96.71195819187858,
16618.0,3020382.82,1085079.04,-10509.07,-10172.35,-10338.21,-10382.97,-10447.97,-10478.97,-10641.97,12675.56,94.30175661162806,
16619.0,3020382.26,1085079.86,-10509.01,-10172.33,-10338.19,-10382.95,-10447.95,-10478.95,-10641.95,12675.51,94.52181849504224,
16620.0,3020381.69,1085080.69,-10508.94,-10172.31,-10338.17,-10382.93,-10447.93,-10478.93,-10641.93,12675.46,91.8810758940721,
16621.0,3020381.12,1085081.51,-10508.87,-10172.29,-10338.15,-10382.91,-10447.91,-10478.91,-10641.91,12675.42,92.7613234277288,
16622.0,3020380.56,1085082.33,-10508.8,-10172.27,-10338.13,-10382.89,-10447.89,-10478.89,-10641.89,12675.37,93.8616328447997,
16623.0,3020379.99,1085083.15,-10508.74,-10172.24,-10338.1,-10382.86,-10447.86,-10478.86,-10641.86,12675.320000000002,,
16624.0,3020379.42,1085083.97,-10508.67,-10172.22,-10338.08,-10382.84,-10447.84,-10478.84,-10641.84,12675.28,90.0157894537043,
16625.0,3020378.85,1085084.79,-10508.6,-10172.2,-10338.06,-10382.82,-10447.82,-10478.82,-10641.82,12675.23,89.84812325681732,
16626.0,3020378.28,1085085.61,-10508.53,-10172.18,-10338.04,-10382.8,-10447.8,-10478.8,-10641.8,12675.18,90.34064271017284,
16627.0,3020377.71,1085086.43,-10508.47,-10172.16,-10338.02,-10382.78,-10447.78,-10478.78,-10641.78,12675.14,91.00082836041538,
16628.0,3020377.15,1085087.25,-10508.4,-10172.14,-10338.0,-10382.76,-10447.76,-10478.76,-10641.76,12675.09,90.13105996406412,
16629.0,3020376.58,1085088.07,-10508.33,-10172.12,-10337.98,-10382.74,-10447.74,-10478.74,-10641.74,12675.05,91.00082836041538,
16630.0,3020376.01,1085088.89,-10508.27,-10172.1,-10337.96,-10382.72,-10447.72,-10478.72,-10641.72,12675.0,88.37056489675068,
16631.0,3020375.44,1085089.71,-10508.2,-10172.07,-10337.93,-10382.69,-10447.69,-10478.69,-10641.69,12674.96,91.44095212724372,
16632.0,3020374.87,1085090.52,-10508.13,-10172.05,-10337.91,-10382.67,-10447.67,-10478.67,-10641.67,12674.91,92.10113777748629,
16633.0,3020374.3,1085091.34,-10508.07,-10172.03,-10337.89,-10382.65,-10447.65,-10478.65,-10641.65,12674.87,90.23585133711848,
16634.0,3020373.73,1085092.16,-10508.0,-10172.01,-10337.87,-10382.63,-10447.63,-10478.63,-10641.63,12674.820000000002,89.69093619723574,
16635.0,3020373.16,1085092.98,-10507.94,-10171.99,-10337.85,-10382.61,-10447.61,-10478.61,-10641.61,12674.78,92.43647017126028,
16636.0,3020372.59,1085093.8,-10507.87,-10171.97,-10337.83,-10382.59,-10447.59,-10478.59,-10641.59,12674.73,92.9289896246158,
16637.0,3020372.02,1085094.62,-10507.8,-10171.95,-10337.81,-10382.57,-10447.57,-10478.57,-10641.57,12674.69,86.5681532802155,
16638.0,3020371.45,1085095.44,-10507.74,-10171.92,-10337.78,-10382.54,-10447.54,-10478.54,-10641.54,12674.64,81.29714721558067,
16639.0,3020370.88,1085096.26,-10507.67,-10171.9,-10337.76,-10382.52,-10447.52,-10478.52,-10641.52,12674.6,84.26274307301935,
16640.0,3020370.31,1085097.08,-10507.61,-10171.88,-10337.74,-10382.5,-10447.5,-10478.5,-10641.5,12674.56,82.11451992540475,
16641.0,3020369.74,1085097.89,-10507.54,-10171.86,-10337.72,-10382.48,-10447.48,-10478.48,-10641.48,12674.51,80.19683779850978,
16642.0,3020369.16,1085098.71,-10507.48,-10171.84,-10337.7,-10382.46,-10447.46,-10478.46,-10641.46,12674.47,76.36147354471981,
16643.0,3020368.59,1085099.53,-10507.41,-10171.82,-10337.68,-10382.44,-10447.44,-10478.44,-10641.44,12674.42,80.63696156533814,
16644.0,3020368.02,1085100.35,-10507.35,-10171.8,-10337.66,-10382.42,-10447.42,-10478.42,-10641.42,12674.38,81.02468964563931,
16645.0,3020367.45,1085101.17,-10507.28,-10171.78,-10337.64,-10382.4,-10447.4,-10478.4,-10641.4,12674.34,77.39890813795807,
16646.0,3020366.88,1085101.98,-10507.22,-10171.75,-10337.61,-10382.37,-10447.37,-10478.37,-10641.37,12674.29,78.38394704466916,
16647.0,3020366.31,1085102.8,-10507.15,-10171.73,-10337.59,-10382.35,-10447.35,-10478.35,-10641.35,12674.25,81.6743961585764,
16648.0,3020365.73,1085103.62,-10507.09,-10171.71,-10337.57,-10382.33,-10447.33,-10478.33,-10641.33,12674.21,81.29714721558067,
16649.0,3020365.16,1085104.44,-10507.02,-10171.69,-10337.55,-10382.31,-10447.31,-10478.31,-10641.31,12674.17,80.80462776222512,
16650.0,3020364.59,1085105.26,-10506.96,-10171.67,-10337.53,-10382.29,-10447.29,-10478.29,-10641.29,12674.12,78.83454994880296,
16651.0,3020364.02,1085106.07,-10506.89,-10171.65,-10337.51,-10382.27,-10447.27,-10478.27,-10641.27,12674.08,70.59794802672944,
16652.0,3020363.45,1085106.89,-10506.83,-10171.63,-10337.49,-10382.25,-10447.25,-10478.25,-10641.25,12674.04,61.16672445183609,
16653.0,3020362.88,1085107.71,-10506.77,-10171.6,-10337.46,-10382.22,-10447.22,-10478.22,-10641.22,12674.0,55.56038599342725,
16654.0,3020362.31,1085108.53,-10506.71,-10171.58,-10337.44,-10382.2,-10447.2,-10478.2,-10641.2,12673.95,57.42567243379505,
16655.0,3020361.74,1085109.35,-10506.64,-10171.56,-10337.42,-10382.18,-10447.18,-10478.18,-10641.18,12673.91,65.55748298281421,
16656.0,3020361.17,1085110.17,-10506.58,-10171.54,-10337.4,-10382.16,-10447.16,-10478.16,-10641.16,12673.87,76.14141166130563,
16657.0,3020360.61,1085110.99,-10506.52,-10171.52,-10337.38,-10382.14,-10447.14,-10478.14,-10641.14,12673.84,82.11451992540475,
16658.0,3020360.04,1085111.81,-10506.46,-10171.5,-10337.36,-10382.12,-10447.12,-10478.12,-10641.12,12673.8,82.7747055756473,
16659.0,3020359.47,1085112.64,-10506.4,-10171.48,-10337.34,-10382.1,-10447.1,-10478.1,-10641.1,12673.76,81.29714721558067,
16660.0,3020358.9,1085113.46,-10506.34,-10171.46,-10337.32,-10382.08,-10447.08,-10478.08,-10641.08,12673.72,80.80462776222512,
16661.0,3020358.34,1085114.28,-10506.28,-10171.43,-10337.29,-10382.05,-10447.05,-10478.05,-10641.05,12673.68,82.28218612229175,
16662.0,3020357.77,1085115.1,-10506.22,-10171.41,-10337.27,-10382.03,-10447.03,-10478.03,-10641.03,12673.64,82.7747055756473,
16663.0,3020357.21,1085115.93,-10506.16,-10171.39,-10337.25,-10382.01,-10447.01,-10478.01,-10641.01,12673.6,80.31210830886958,
16664.0,3020356.64,1085116.75,-10506.1,-10171.37,-10337.23,-10381.99,-10446.99,-10477.99,-10640.99,12673.56,77.07405488148953,
16665.0,3020356.08,1085117.57,-10506.05,-10171.35,-10337.21,-10381.97,-10446.97,-10477.97,-10640.97,12673.53,75.32403895148154,
16666.0,3020355.51,1085118.4,-10505.99,-10171.33,-10337.19,-10381.95,-10446.95,-10477.95,-10640.95,12673.490000000002,,
16667.0,3020354.95,1085119.22,-10505.93,-10171.31,-10337.17,-10381.93,-10446.93,-10477.93,-10640.93,12673.46,82.61751851606574,
16668.0,3020354.39,1085120.04,-10505.87,-10171.28,-10337.14,-10381.9,-10446.9,-10477.9,-10640.9,12673.42,83.26722502900284,
16669.0,3020353.83,1085120.87,-10505.82,-10171.26,-10337.12,-10381.88,-10446.88,-10477.88,-10640.88,12673.39,82.28218612229175,
16670.0,3020353.26,1085121.69,-10505.76,-10171.24,-10337.1,-10381.86,-10446.86,-10477.86,-10640.86,12673.35,,
16671.0,3020352.7,1085122.52,-10505.7,-10171.22,-10337.08,-10381.84,-10446.84,-10477.84,-10640.84,12673.320000000002,,
16672.0,3020352.14,1085123.35,-10505.65,-10171.2,-10337.06,-10381.82,-10446.82,-10477.82,-10640.82,12673.28,81.7896666689362,
16673.0,3020351.58,1085124.17,-10505.59,-10171.18,-10337.04,-10381.8,-10446.8,-10477.8,-10640.8,12673.25,77.95430241514624,
16674.0,3020351.02,1085125.0,-10505.54,-10171.16,-10337.02,-10381.78,-10446.78,-10477.78,-10640.78,12673.21,78.60400892808335,
16675.0,3020350.46,1085125.82,-10505.48,-10171.14,-10337.0,-10381.76,-10446.76,-10477.76,-10640.76,12673.18,82.66991420259292,
16676.0,3020349.9,1085126.65,-10505.43,-10171.11,-10336.97,-10381.73,-10446.73,-10477.73,-10640.73,12673.15,87.3855259900396,
16677.0,3020349.34,1085127.48,-10505.37,-10171.09,-10336.95,-10381.71,-10446.71,-10477.71,-10640.71,12673.11,84.47232581912809,
16678.0,3020348.78,1085128.31,-10505.32,-10171.07,-10336.93,-10381.69,-10446.69,-10477.69,-10640.69,12673.08,79.75671403168141,
16679.0,3020348.22,1085129.14,-10505.27,-10171.05,-10336.91,-10381.67,-10446.67,-10477.67,-10640.67,12673.05,73.17581580386695,
16680.0,3020347.67,1085129.96,-10505.21,-10171.03,-10336.89,-10381.65,-10446.65,-10477.65,-10640.65,12673.02,68.96320260708126,
16681.0,3020347.11,1085130.79,-10505.16,-10171.01,-10336.87,-10381.63,-10446.63,-10477.63,-10640.63,12672.990000000002,66.33293914341655,
16682.0,3020346.55,1085131.62,-10505.11,-10170.99,-10336.85,-10381.61,-10446.61,-10477.61,-10640.61,12672.96,69.62338825732378,
16683.0,3020346.0,1085132.45,-10505.06,-10170.96,-10336.82,-10381.58,-10446.58,-10477.58,-10640.58,12672.93,,
16684.0,3020345.44,1085133.28,-10505.01,-10170.94,-10336.8,-10381.56,-10446.56,-10477.56,-10640.56,12672.89,80.09204642545541,
16685.0,3020344.89,1085134.11,-10504.96,-10170.92,-10336.78,-10381.54,-10446.54,-10477.54,-10640.54,12672.86,86.62054896674269,
16686.0,3020344.33,1085134.94,-10504.9,-10170.9,-10336.76,-10381.52,-10446.52,-10477.52,-10640.52,12672.84,87.77325407034077,
16687.0,3020343.78,1085135.77,-10504.85,-10170.88,-10336.74,-10381.5,-10446.5,-10477.5,-10640.5,12672.81,81.07708533216649,
16688.0,3020343.22,1085136.6,-10504.8,-10170.86,-10336.72,-10381.48,-10446.48,-10477.48,-10640.48,12672.78,78.1114894747278,
16689.0,3020342.67,1085137.44,-10504.75,-10170.84,-10336.7,-10381.46,-10446.46,-10477.46,-10640.46,12672.75,78.55161324155615,
16690.0,3020342.12,1085138.27,-10504.71,-10170.82,-10336.68,-10381.44,-10446.44,-10477.44,-10640.44,12672.72,78.163885161255,
16691.0,3020341.56,1085139.1,-10504.66,-10170.79,-10336.65,-10381.41,-10446.41,-10477.41,-10640.41,12672.7,78.21628084778217,
16692.0,3020341.01,1085139.93,-10504.61,-10170.77,-10336.63,-10381.39,-10446.39,-10477.39,-10640.39,12672.67,80.63696156533814,
16693.0,3020340.46,1085140.76,-10504.56,-10170.75,-10336.61,-10381.37,-10446.37,-10477.37,-10640.37,12672.64,88.0352325029767,
16694.0,3020339.91,1085141.6,-10504.51,-10170.73,-10336.59,-10381.35,-10446.35,-10477.35,-10640.35,12672.61,90.34064271017284,
16695.0,3020339.36,1085142.43,-10504.46,-10170.71,-10336.57,-10381.33,-10446.33,-10477.33,-10640.33,12672.59,88.81068866357903,
16696.0,3020338.81,1085143.26,-10504.42,-10170.69,-10336.55,-10381.31,-10446.31,-10477.31,-10640.31,12672.56,89.63854051070857,
16697.0,3020338.26,1085144.1,-10504.37,-10170.67,-10336.53,-10381.29,-10446.29,-10477.29,-10640.29,12672.54,88.81068866357903,
16698.0,3020337.71,1085144.93,-10504.32,-10170.64,-10336.5,-10381.26,-10446.26,-10477.26,-10640.26,12672.51,88.1505030133365,
16699.0,3020337.16,1085145.77,-10504.28,-10170.62,-10336.48,-10381.24,-10446.24,-10477.24,-10640.24,12672.490000000002,92.48886585778745,
16700.0,3020336.61,1085146.6,-10504.23,-10170.6,-10336.46,-10381.22,-10446.22,-10477.22,-10640.22,12672.47,92.10113777748629,
16701.0,3020336.07,1085147.44,-10504.19,-10170.58,-10336.44,-10381.2,-10446.2,-10477.2,-10640.2,12672.44,89.03075054699322,
16702.0,3020335.52,1085148.27,-10504.14,-10170.56,-10336.42,-10381.18,-10446.18,-10477.18,-10640.18,12672.42,86.83013171285143,
16703.0,3020334.97,1085149.11,-10504.1,-10170.54,-10336.4,-10381.16,-10446.16,-10477.16,-10640.16,12672.39,,
16704.0,3020334.42,1085149.95,-10504.05,-10170.52,-10336.38,-10381.14,-10446.14,-10477.14,-10640.14,12672.37,95.62212791211311,
16705.0,3020333.88,1085150.78,-10504.01,-10170.5,-10336.36,-10381.12,-10446.12,-10477.12,-10640.12,12672.35,96.71195819187858,
16706.0,3020333.33,1085151.62,-10503.97,-10170.47,-10336.33,-10381.09,-10446.09,-10477.09,-10640.09,12672.33,95.61164877480768,
16707.0,3020332.79,1085152.46,-10503.92,-10170.45,-10336.31,-10381.07,-10446.07,-10477.07,-10640.07,12672.31,87.71037924650814,
16708.0,3020332.24,1085153.29,-10503.88,-10170.43,-10336.29,-10381.05,-10446.05,-10477.05,-10640.05,12672.29,81.99924941504494,
16709.0,3020331.7,1085154.13,-10503.84,-10170.41,-10336.27,-10381.03,-10446.03,-10477.03,-10640.03,12672.26,83.75974448235839,
16710.0,3020331.16,1085154.97,-10503.8,-10170.39,-10336.25,-10381.01,-10446.01,-10477.01,-10640.01,12672.240000000002,,
16711.0,3020330.61,1085155.81,-10503.76,-10170.37,-10336.23,-10380.99,-10445.99,-10476.99,-10639.99,12672.22,97.80178847164402,
16712.0,3020330.07,1085156.65,-10503.72,-10170.35,-10336.21,-10380.97,-10445.97,-10476.97,-10639.97,12672.2,98.46197412188656,
16713.0,3020329.53,1085157.49,-10503.67,-10170.32,-10336.18,-10380.94,-10445.94,-10476.94,-10639.94,12672.18,95.17152500797933,
16714.0,3020328.99,1085158.33,-10503.63,-10170.3,-10336.16,-10380.92,-10445.92,-10476.92,-10639.92,12672.16,96.71195819187858,
16715.0,3020328.44,1085159.17,-10503.59,-10170.28,-10336.14,-10380.9,-10445.9,-10476.9,-10639.9,12672.14,99.34222165554328,
16716.0,3020327.9,1085160.01,-10503.55,-10170.26,-10336.12,-10380.88,-10445.88,-10476.88,-10639.88,12672.13,100.0024073057858,
16717.0,3020327.36,1085160.85,-10503.52,-10170.24,-10336.1,-10380.86,-10445.86,-10476.86,-10639.86,12672.11,101.97248511920796,
16718.0,3020326.82,1085161.69,-10503.48,-10170.22,-10336.08,-10380.84,-10445.84,-10476.84,-10639.84,12672.09,105.26293423311522,
16719.0,3020326.28,1085162.53,-10503.44,-10170.2,-10336.06,-10380.82,-10445.82,-10476.82,-10639.82,12672.08,,
16720.0,3020325.74,1085163.37,-10503.4,-10170.17,-10336.03,-10380.79,-10445.79,-10476.79,-10639.79,12672.06,101.7524232357938,
16721.0,3020325.21,1085164.21,-10503.36,-10170.15,-10336.01,-10380.77,-10445.77,-10476.77,-10639.77,12672.04,96.4918963084644,
16722.0,3020324.67,1085165.05,-10503.32,-10170.13,-10335.99,-10380.75,-10445.75,-10476.75,-10639.75,12672.03,97.80178847164402,
16723.0,3020324.13,1085165.9,-10503.29,-10170.11,-10335.97,-10380.73,-10445.73,-10476.73,-10639.73,12672.01,103.50243916580176,
16724.0,3020323.59,1085166.74,-10503.25,-10170.09,-10335.95,-10380.71,-10445.71,-10476.71,-10639.71,12671.990000000002,105.92311988335774,
16725.0,3020323.06,1085167.58,-10503.21,-10170.07,-10335.93,-10380.69,-10445.69,-10476.69,-10639.69,12671.98,102.19254700262216,
16726.0,3020322.52,1085168.43,-10503.18,-10170.05,-10335.91,-10380.67,-10445.67,-10476.67,-10639.67,12671.96,101.1027167228567,
16727.0,3020321.98,1085169.27,-10503.14,-10170.03,-10335.89,-10380.65,-10445.65,-10476.65,-10639.65,12671.95,104.38268669945847,
16728.0,3020321.45,1085170.11,-10503.11,-10170.0,-10335.86,-10380.62,-10445.62,-10476.62,-10639.62,12671.94,112.28395622775804,
16729.0,3020320.91,1085170.96,-10503.07,-10169.98,-10335.84,-10380.6,-10445.6,-10476.6,-10639.6,12671.92,111.84383246092968,
16730.0,3020320.38,1085171.8,-10503.04,-10169.96,-10335.82,-10380.58,-10445.58,-10476.58,-10639.58,12671.91,110.9740640645784,
16731.0,3020319.85,1085172.65,-10503.0,-10169.94,-10335.8,-10380.56,-10445.56,-10476.56,-10639.56,12671.9,107.68361495067116,
16732.0,3020319.31,1085173.49,-10502.97,-10169.92,-10335.78,-10380.54,-10445.54,-10476.54,-10639.54,12671.88,107.19109549731564,
16733.0,3020318.78,1085174.34,-10502.94,-10169.9,-10335.76,-10380.52,-10445.52,-10476.52,-10639.52,12671.87,102.08775562956778,
16734.0,3020318.25,1085175.18,-10502.9,-10169.88,-10335.74,-10380.5,-10445.5,-10476.5,-10639.5,12671.86,,
16735.0,3020317.72,1085176.03,-10502.87,-10169.85,-10335.71,-10380.47,-10445.47,-10476.47,-10639.47,12671.85,104.6132277201781,
16736.0,3020317.18,1085176.88,-10502.84,-10169.83,-10335.69,-10380.45,-10445.45,-10476.45,-10639.45,12671.84,105.48299611652938,
16737.0,3020316.65,1085177.72,-10502.81,-10169.81,-10335.67,-10380.43,-10445.43,-10476.43,-10639.43,12671.83,105.04287234970104,
16738.0,3020316.12,1085178.57,-10502.77,-10169.79,-10335.65,-10380.41,-10445.41,-10476.41,-10639.41,12671.820000000002,105.92311988335774,
16739.0,3020315.59,1085179.42,-10502.74,-10169.77,-10335.63,-10380.39,-10445.39,-10476.39,-10639.39,12671.81,103.51291830310724,
16740.0,3020315.06,1085180.26,-10502.71,-10169.75,-10335.61,-10380.37,-10445.37,-10476.37,-10639.37,12671.8,103.07279453627886,
16741.0,3020314.53,1085181.11,-10502.68,-10169.73,-10335.59,-10380.35,-10445.35,-10476.35,-10639.35,12671.79,102.41260888603634,
16742.0,3020314.0,1085181.96,-10502.65,-10169.7,-10335.56,-10380.32,-10445.32,-10476.32,-10639.32,12671.78,99.1221597721291,
16743.0,3020313.47,1085182.81,-10502.62,-10169.68,-10335.54,-10380.3,-10445.3,-10476.3,-10639.3,12671.77,96.27183442505022,
16744.0,3020312.95,1085183.66,-10502.59,-10169.66,-10335.52,-10380.28,-10445.28,-10476.28,-10639.28,12671.76,98.03232949236364,
16745.0,3020312.42,1085184.5,-10502.56,-10169.64,-10335.5,-10380.26,-10445.26,-10476.26,-10639.26,12671.75,99.39461734207046,
16746.0,3020311.89,1085185.35,-10502.53,-10169.62,-10335.48,-10380.24,-10445.24,-10476.24,-10639.24,12671.740000000002,100.19103177728368,
16747.0,3020311.36,1085186.2,-10502.5,-10169.6,-10335.46,-10380.22,-10445.22,-10476.22,-10639.22,12671.740000000002,99.80330369698252,
16748.0,3020310.83,1085187.05,-10502.47,-10169.58,-10335.44,-10380.2,-10445.2,-10476.2,-10639.2,12671.73,99.9395324819532,
16749.0,3020310.3,1085187.9,-10502.45,-10169.56,-10335.42,-10380.18,-10445.18,-10476.18,-10639.18,12671.72,100.4530102099196,
16750.0,3020309.77,1085188.74,-10502.42,-10169.53,-10335.39,-10380.15,-10445.15,-10476.15,-10639.15,12671.72,98.33622447422132,
16751.0,3020309.24,1085189.59,-10502.39,-10169.51,-10335.37,-10380.13,-10445.13,-10476.13,-10639.13,12671.71,94.95146312456517,
16752.0,3020308.71,1085190.44,-10502.36,-10169.49,-10335.35,-10380.11,-10445.11,-10476.11,-10639.11,12671.7,,
16753.0,3020308.18,1085191.28,-10502.33,-10169.47,-10335.33,-10380.09,-10445.09,-10476.09,-10639.09,12671.69,,
16754.0,3020307.64,1085192.13,-10502.3,-10169.45,-10335.31,-10380.07,-10445.07,-10476.07,-10639.07,12671.69,105.48299611652938,
16755.0,3020307.11,1085192.98,-10502.28,-10169.43,-10335.29,-10380.05,-10445.05,-10476.05,-10639.05,12671.68,104.39316583676394,
16756.0,3020306.58,1085193.83,-10502.25,-10169.41,-10335.27,-10380.03,-10445.03,-10476.03,-10639.03,12671.68,101.09223758555126,
16757.0,3020306.05,1085194.67,-10502.22,-10169.38,-10335.24,-10380.0,-10445.0,-10476.0,-10639.0,12671.67,100.66259295602836,
16758.0,3020305.52,1085195.52,-10502.2,-10169.36,-10335.22,-10379.98,-10444.98,-10475.98,-10638.98,12671.67,100.44253107261416,
16759.0,3020304.99,1085196.37,-10502.17,-10169.34,-10335.2,-10379.96,-10444.96,-10475.96,-10638.96,12671.66,103.7329801865214,
16760.0,3020304.46,1085197.21,-10502.14,-10169.32,-10335.18,-10379.94,-10444.94,-10475.94,-10638.94,12671.66,,
16761.0,3020303.93,1085198.06,-10502.12,-10169.3,-10335.16,-10379.92,-10444.92,-10475.92,-10638.92,12671.65,99.78234542237163,
16762.0,3020303.39,1085198.9,-10502.09,-10169.28,-10335.14,-10379.9,-10444.9,-10475.9,-10638.9,12671.65,102.42308802334178,
16763.0,3020302.86,1085199.75,-10502.07,-10169.26,-10335.12,-10379.88,-10444.88,-10475.88,-10638.88,12671.64,104.6132277201781,
16764.0,3020302.33,1085200.6,-10502.04,-10169.24,-10335.1,-10379.86,-10444.86,-10475.86,-10638.86,12671.64,100.88265483944252,
16765.0,3020301.8,1085201.44,-10502.02,-10169.21,-10335.07,-10379.83,-10444.83,-10475.83,-10638.83,12671.63,98.472453259192,
16766.0,3020301.26,1085202.29,-10501.99,-10169.19,-10335.05,-10379.81,-10444.81,-10475.81,-10638.81,12671.63,98.03232949236364,
16767.0,3020300.73,1085203.14,-10501.97,-10169.16,-10335.02,-10379.78,-10444.78,-10475.78,-10638.78,12671.63,,
16768.0,3020300.2,1085203.98,-10501.94,-10169.14,-10335.0,-10379.76,-10444.76,-10475.76,-10638.76,12671.64,96.27183442505022,
16769.0,3020299.67,1085204.83,-10501.92,-10169.11,-10334.97,-10379.73,-10444.73,-10475.73,-10638.73,12671.64,95.83171065822188,
16770.0,3020299.13,1085205.67,-10501.89,-10169.09,-10334.95,-10379.71,-10444.71,-10475.71,-10638.71,12671.64,94.07121559090842,
16771.0,3020298.6,1085206.52,-10501.87,-10169.06,-10334.92,-10379.68,-10444.68,-10475.68,-10638.68,12671.64,94.5113393577368,
16772.0,3020298.07,1085207.36,-10501.85,-10169.04,-10334.9,-10379.66,-10444.66,-10475.66,-10638.66,12671.64,,
16773.0,3020297.53,1085208.21,-10501.82,-10169.01,-10334.87,-10379.63,-10444.63,-10475.63,-10638.63,12671.64,97.15208195870692,
16774.0,3020297.0,1085209.06,-10501.8,-10168.99,-10334.85,-10379.61,-10444.61,-10475.61,-10638.61,12671.64,98.90209788871492,
16775.0,3020296.47,1085209.9,-10501.78,-10168.96,-10334.82,-10379.58,-10444.58,-10475.58,-10638.58,12671.65,99.34222165554328,
16776.0,3020295.93,1085210.75,-10501.75,-10168.93,-10334.79,-10379.55,-10444.55,-10475.55,-10638.55,12671.65,97.36166470481568,
16777.0,3020295.4,1085211.59,-10501.73,-10168.9,-10334.76,-10379.52,-10444.52,-10475.52,-10638.52,12671.66,99.34222165554328,
16778.0,3020294.86,1085212.44,-10501.71,-10168.88,-10334.74,-10379.5,-10444.5,-10475.5,-10638.5,12671.66,103.94256293263014,
16779.0,3020294.33,1085213.28,-10501.69,-10168.85,-10334.71,-10379.47,-10444.47,-10475.47,-10638.47,12671.67,103.29285641969304,
16780.0,3020293.79,1085214.13,-10501.66,-10168.82,-10334.68,-10379.44,-10444.44,-10475.44,-10638.44,12671.68,102.19254700262216,
16781.0,3020293.26,1085214.97,-10501.64,-10168.79,-10334.65,-10379.41,-10444.41,-10475.41,-10638.41,12671.68,,
16782.0,3020292.73,1085215.82,-10501.62,-10168.76,-10334.62,-10379.38,-10444.38,-10475.38,-10638.38,12671.69,95.83171065822188,
16783.0,3020292.19,1085216.66,-10501.6,-10168.73,-10334.59,-10379.35,-10444.35,-10475.35,-10638.35,12671.7,97.15208195870692,
16784.0,3020291.66,1085217.5,-10501.58,-10168.71,-10334.57,-10379.33,-10444.33,-10475.33,-10638.33,12671.7,,
16785.0,3020291.12,1085218.35,-10501.56,-10168.68,-10334.54,-10379.3,-10444.3,-10475.3,-10638.3,12671.71,,
16786.0,3020290.58,1085219.19,-10501.54,-10168.65,-10334.51,-10379.27,-10444.27,-10475.27,-10638.27,12671.72,96.27183442505022,
16787.0,3020290.05,1085220.04,-10501.52,-10168.62,-10334.48,-10379.24,-10444.24,-10475.24,-10638.24,12671.73,98.03232949236364,
16788.0,3020289.51,1085220.88,-10501.5,-10168.59,-10334.45,-10379.21,-10444.21,-10475.21,-10638.21,12671.740000000002,104.39316583676394,
16789.0,3020288.98,1085221.73,-10501.48,-10168.56,-10334.42,-10379.18,-10444.18,-10475.18,-10638.18,12671.75,108.56386248432788,
16790.0,3020288.44,1085222.57,-10501.46,-10168.54,-10334.4,-10379.16,-10444.16,-10475.16,-10638.16,12671.75,105.49347525383484,
16791.0,3020287.91,1085223.41,-10501.44,-10168.51,-10334.37,-10379.13,-10444.13,-10475.13,-10638.13,12671.76,99.56228353895746,
16792.0,3020287.37,1085224.26,-10501.42,-10168.48,-10334.34,-10379.1,-10444.1,-10475.1,-10638.1,12671.77,99.1221597721291,
16793.0,3020286.83,1085225.1,-10501.4,-10168.45,-10334.31,-10379.07,-10444.07,-10475.07,-10638.07,12671.78,103.51291830310724,
16794.0,3020286.3,1085225.95,-10501.38,-10168.42,-10334.28,-10379.04,-10444.04,-10475.04,-10638.04,12671.79,105.48299611652938,
16795.0,3020285.76,1085226.79,-10501.36,-10168.39,-10334.25,-10379.01,-10444.01,-10475.01,-10638.01,12671.8,103.29285641969304,
16796.0,3020285.22,1085227.63,-10501.34,-10168.37,-10334.23,-10378.99,-10443.99,-10474.99,-10637.99,12671.81,98.68203600530074,
16797.0,3020284.69,1085228.48,-10501.33,-10168.34,-10334.2,-10378.96,-10443.96,-10474.96,-10637.96,12671.820000000002,98.46197412188656,
16798.0,3020284.15,1085229.32,-10501.31,-10168.31,-10334.17,-10378.93,-10443.93,-10474.93,-10637.93,12671.83,,
16799.0,3020283.61,1085230.16,-10501.29,-10168.28,-10334.14,-10378.9,-10443.9,-10474.9,-10637.9,12671.84,101.09223758555126,
16800.0,3020283.07,1085231.01,-10501.27,-10168.25,-10334.11,-10378.87,-10443.87,-10474.87,-10637.87,12671.85,100.0024073057858,
16801.0,3020282.54,1085231.85,-10501.26,-10168.22,-10334.08,-10378.84,-10443.84,-10474.84,-10637.84,12671.86,101.09223758555126,
16802.0,3020282.0,1085232.69,-10501.24,-10168.2,-10334.06,-10378.82,-10443.82,-10474.82,-10637.82,12671.88,99.34222165554328,
16803.0,3020281.46,1085233.53,-10501.22,-10168.17,-10334.03,-10378.79,-10443.79,-10474.79,-10637.79,12671.89,96.93202007529275,
16804.0,3020280.92,1085234.38,-10501.21,-10168.14,-10334.0,-10378.76,-10443.76,-10474.76,-10637.76,12671.9,97.15208195870692,
16805.0,3020280.39,1085235.22,-10501.19,-10168.11,-10333.97,-10378.73,-10443.73,-10474.73,-10637.73,12671.91,95.3915868913935,
16806.0,3020279.85,1085236.06,-10501.17,-10168.08,-10333.94,-10378.7,-10443.7,-10474.7,-10637.7,12671.92,94.07121559090842,
16807.0,3020279.31,1085236.91,-10501.16,-10168.05,-10333.91,-10378.67,-10443.67,-10474.67,-10637.67,12671.94,90.12058082675868,
16808.0,3020278.77,1085237.75,-10501.14,-10168.03,-10333.89,-10378.65,-10443.65,-10474.65,-10637.65,12671.95,90.56070459358702,
16809.0,3020278.23,1085238.59,-10501.13,-10168.0,-10333.86,-10378.62,-10443.62,-10474.62,-10637.62,12671.96,94.07121559090842,
16810.0,3020277.69,1085239.43,-10501.11,-10167.97,-10333.83,-10378.59,-10443.59,-10474.59,-10637.59,12671.97,101.9829642565134,
16811.0,3020277.15,1085240.27,-10501.1,-10167.94,-10333.8,-10378.56,-10443.56,-10474.56,-10637.56,12671.990000000002,103.7329801865214,
16812.0,3020276.61,1085241.12,-10501.08,-10167.91,-10333.77,-10378.53,-10443.53,-10474.53,-10637.53,12672.0,100.0024073057858,
16813.0,3020276.08,1085241.96,-10501.07,-10167.88,-10333.74,-10378.5,-10443.5,-10474.5,-10637.5,12672.01,98.472453259192,
16814.0,3020275.54,1085242.8,-10501.05,-10167.86,-10333.72,-10378.48,-10443.48,-10474.48,-10637.48,12672.03,99.78234542237163,
16815.0,3020275.0,1085243.64,-10501.04,-10167.83,-10333.69,-10378.45,-10443.45,-10474.45,-10637.45,12672.04,101.32277860627087,
16816.0,3020274.46,1085244.48,-10501.02,-10167.8,-10333.66,-10378.42,-10443.42,-10474.42,-10637.42,12672.06,,
16817.0,3020273.92,1085245.33,-10501.01,-10167.77,-10333.63,-10378.39,-10443.39,-10474.39,-10637.39,12672.070000000002,110.10429566822714,
16818.0,3020273.38,1085246.17,-10501.0,-10167.74,-10333.6,-10378.36,-10443.36,-10474.36,-10637.36,12672.09,109.21356899726496,
16819.0,3020272.84,1085247.01,-10500.98,-10167.71,-10333.57,-10378.33,-10443.33,-10474.33,-10637.33,12672.1,106.80336741701446,
16820.0,3020272.3,1085247.85,-10500.97,-10167.69,-10333.55,-10378.31,-10443.31,-10474.31,-10637.31,12672.12,105.70305799994355,
16821.0,3020271.76,1085248.69,-10500.96,-10167.66,-10333.52,-10378.28,-10443.28,-10474.28,-10637.28,12672.13,101.7524232357938,
16822.0,3020271.22,1085249.53,-10500.95,-10167.63,-10333.49,-10378.25,-10443.25,-10474.25,-10637.25,12672.15,98.90209788871492,
16823.0,3020270.68,1085250.37,-10500.93,-10167.6,-10333.46,-10378.22,-10443.22,-10474.22,-10637.22,12672.16,100.6521138187229,
16824.0,3020270.13,1085251.22,-10500.92,-10167.57,-10333.43,-10378.19,-10443.19,-10474.19,-10637.19,12672.18,102.85273265286467,
16825.0,3020269.59,1085252.06,-10500.91,-10167.54,-10333.4,-10378.16,-10443.16,-10474.16,-10637.16,12672.19,100.88265483944252,
16826.0,3020269.05,1085252.9,-10500.9,-10167.52,-10333.38,-10378.14,-10443.14,-10474.14,-10637.14,12672.21,101.09223758555126,
16827.0,3020268.51,1085253.74,-10500.89,-10167.49,-10333.35,-10378.11,-10443.11,-10474.11,-10637.11,12672.23,99.78234542237163,
16828.0,3020267.97,1085254.58,-10500.88,-10167.46,-10333.32,-10378.08,-10443.08,-10474.08,-10637.08,12672.25,98.03232949236364,
16829.0,3020267.43,1085255.42,-10500.86,-10167.43,-10333.29,-10378.05,-10443.05,-10474.05,-10637.05,12672.27,96.71195819187858,
16830.0,3020266.89,1085256.26,-10500.85,-10167.4,-10333.26,-10378.02,-10443.02,-10474.02,-10637.02,12672.28,,
16831.0,3020266.35,1085257.1,-10500.84,-10167.37,-10333.23,-10377.99,-10442.99,-10473.99,-10636.99,12672.3,97.15208195870692,
16832.0,3020265.8,1085257.94,-10500.83,-10167.35,-10333.21,-10377.97,-10442.97,-10473.97,-10636.97,12672.320000000002,100.88265483944252,
16833.0,3020265.26,1085258.78,-10500.82,-10167.32,-10333.18,-10377.94,-10442.94,-10473.94,-10636.94,12672.34,101.97248511920796,
16834.0,3020264.72,1085259.62,-10500.81,-10167.29,-10333.15,-10377.91,-10442.91,-10473.91,-10636.91,12672.35,98.68203600530074,
16835.0,3020264.18,1085260.46,-10500.8,-10167.26,-10333.12,-10377.88,-10442.88,-10473.88,-10636.88,12672.37,93.63109182408007,
16836.0,3020263.63,1085261.3,-10500.79,-10167.23,-10333.09,-10377.85,-10442.85,-10473.85,-10636.85,12672.39,92.75084429042336,
16837.0,3020263.09,1085262.14,-10500.78,-10167.2,-10333.06,-10377.82,-10442.82,-10473.82,-10636.82,12672.41,,
16838.0,3020262.55,1085262.98,-10500.77,-10167.18,-10333.04,-10377.8,-10442.8,-10473.8,-10636.8,12672.42,95.3915868913935,
16839.0,3020262.01,1085263.82,-10500.76,-10167.15,-10333.01,-10377.77,-10442.77,-10473.77,-10636.77,12672.44,93.36911339144416,
16840.0,3020261.47,1085264.66,-10500.75,-10167.12,-10332.98,-10377.74,-10442.74,-10473.74,-10636.74,12672.46,,
16841.0,3020260.93,1085265.51,-10500.74,-10167.09,-10332.95,-10377.71,-10442.71,-10473.71,-10636.71,12672.48,74.49618710435202,
16842.0,3020260.39,1085266.35,-10500.73,-10167.06,-10332.92,-10377.68,-10442.68,-10473.68,-10636.68,12672.490000000002,75.58601738411747,
16843.0,3020259.85,1085267.19,-10500.72,-10167.03,-10332.89,-10377.65,-10442.65,-10473.65,-10636.65,12672.51,,
16844.0,3020259.31,1085268.03,-10500.71,-10167.01,-10332.87,-10377.63,-10442.63,-10473.63,-10636.63,12672.53,96.4395006219372,
16845.0,3020258.77,1085268.87,-10500.7,-10166.98,-10332.84,-10377.6,-10442.6,-10473.6,-10636.6,12672.55,96.71195819187858,
16846.0,3020258.23,1085269.72,-10500.68,-10166.95,-10332.81,-10377.57,-10442.57,-10473.57,-10636.57,12672.56,97.15208195870692,
16847.0,3020257.69,1085270.56,-10500.67,-10166.92,-10332.78,-10377.54,-10442.54,-10473.54,-10636.54,12672.58,96.27183442505022,
16848.0,3020257.16,1085271.4,-10500.66,-10166.89,-10332.75,-10377.51,-10442.51,-10473.51,-10636.51,12672.59,97.58172658822986,
16849.0,3020256.62,1085272.24,-10500.65,-10166.86,-10332.72,-10377.48,-10442.48,-10473.48,-10636.48,12672.61,,
16850.0,3020256.08,1085273.09,-10500.63,-10166.84,-10332.7,-10377.46,-10442.46,-10473.46,-10636.46,12672.63,96.27183442505022,
16851.0,3020255.54,1085273.93,-10500.62,-10166.81,-10332.67,-10377.43,-10442.43,-10473.43,-10636.43,12672.64,95.3915868913935,
16852.0,3020255.01,1085274.77,-10500.61,-10166.78,-10332.64,-10377.4,-10442.4,-10473.4,-10636.4,12672.66,94.08169472821388,
16853.0,3020254.47,1085275.62,-10500.6,-10166.75,-10332.61,-10377.37,-10442.37,-10473.37,-10636.37,12672.67,92.32119966090046,
16854.0,3020253.94,1085276.46,-10500.58,-10166.72,-10332.58,-10377.34,-10442.34,-10473.34,-10636.34,12672.69,,
16855.0,3020253.4,1085277.31,-10500.57,-10166.7,-10332.56,-10377.32,-10442.32,-10473.32,-10636.32,12672.7,89.6804570599303,
16856.0,3020252.86,1085278.15,-10500.55,-10166.67,-10332.53,-10377.29,-10442.29,-10473.29,-10636.29,12672.72,89.02027140968778,
16857.0,3020252.33,1085279.0,-10500.54,-10166.64,-10332.5,-10377.26,-10442.26,-10473.26,-10636.26,12672.73,,
16858.0,3020251.8,1085279.84,-10500.53,-10166.61,-10332.47,-10377.23,-10442.23,-10473.23,-10636.23,12672.740000000002,90.12058082675868,
16859.0,3020251.26,1085280.69,-10500.51,-10166.58,-10332.44,-10377.2,-10442.2,-10473.2,-10636.2,12672.76,90.56070459358702,
16860.0,3020250.73,1085281.53,-10500.5,-10166.55,-10332.41,-10377.17,-10442.17,-10473.17,-10636.17,12672.77,88.09810732680933,
16861.0,3020250.19,1085282.38,-10500.48,-10166.53,-10332.39,-10377.15,-10442.15,-10473.15,-10636.15,12672.78,82.17739474923738,
16862.0,3020249.66,1085283.22,-10500.47,-10166.5,-10332.36,-10377.12,-10442.12,-10473.12,-10636.12,12672.8,78.2791556716148,
16863.0,3020249.13,1085284.07,-10500.45,-10166.47,-10332.33,-10377.09,-10442.09,-10473.09,-10636.09,12672.81,79.75671403168141,
16864.0,3020248.6,1085284.92,-10500.44,-10166.44,-10332.3,-10377.06,-10442.06,-10473.06,-10636.06,12672.820000000002,84.09507687613235,
16865.0,3020248.06,1085285.76,-10500.42,-10166.41,-10332.27,-10377.03,-10442.03,-10473.03,-10636.03,12672.84,84.74478338906945,
16866.0,3020247.53,1085286.61,-10500.4,-10166.38,-10332.24,-10377.0,-10442.0,-10473.0,-10636.0,12672.85,83.26722502900284,
16867.0,3020247.0,1085287.46,-10500.39,-10166.36,-10332.22,-10376.98,-10441.98,-10472.98,-10635.98,12672.86,82.28218612229175,
16868.0,3020246.47,1085288.31,-10500.37,-10166.33,-10332.19,-10376.95,-10441.95,-10472.95,-10635.95,12672.87,81.7896666689362,
16869.0,3020245.94,1085289.15,-10500.35,-10166.3,-10332.16,-10376.92,-10441.92,-10472.92,-10635.92,12672.88,,
16870.0,3020245.41,1085290.0,-10500.34,-10166.27,-10332.13,-10376.89,-10441.89,-10472.89,-10635.89,12672.89,79.98725505240103,
16871.0,3020244.88,1085290.85,-10500.32,-10166.24,-10332.1,-10376.86,-10441.86,-10472.86,-10635.86,12672.91,,
16872.0,3020244.35,1085291.7,-10500.3,-10166.21,-10332.07,-10376.83,-10441.83,-10472.83,-10635.83,12672.92,81.12948101869367,
16873.0,3020243.82,1085292.55,-10500.28,-10166.19,-10332.05,-10376.81,-10441.81,-10472.81,-10635.81,12672.93,78.93934132185733,
16874.0,3020243.29,1085293.39,-10500.27,-10166.16,-10332.02,-10376.78,-10441.78,-10472.78,-10635.78,12672.94,76.46626491777418,
16875.0,3020242.77,1085294.24,-10500.25,-10166.13,-10331.99,-10376.75,-10441.75,-10472.75,-10635.75,12672.95,79.2117988917987,
16876.0,3020242.24,1085295.09,-10500.23,-10166.1,-10331.96,-10376.72,-10441.72,-10472.72,-10635.72,12672.96,85.74030143308599,
16877.0,3020241.71,1085295.94,-10500.21,-10166.07,-10331.93,-10376.69,-10441.69,-10472.69,-10635.69,12672.97,85.404969039312,
16878.0,3020241.18,1085296.79,-10500.19,-10166.04,-10331.9,-10376.66,-10441.66,-10472.66,-10635.66,12672.98,83.43489122588983,
16879.0,3020240.66,1085297.64,-10500.18,-10166.02,-10331.88,-10376.64,-10441.64,-10472.64,-10635.64,12672.990000000002,82.7747055756473,
16880.0,3020240.13,1085298.49,-10500.16,-10165.99,-10331.85,-10376.61,-10441.61,-10472.61,-10635.61,12673.0,82.28218612229175,
16881.0,3020239.6,1085299.34,-10500.14,-10165.96,-10331.82,-10376.58,-10441.58,-10472.58,-10635.58,12673.01,80.80462776222512,
16882.0,3020239.08,1085300.19,-10500.12,-10165.93,-10331.79,-10376.55,-10441.55,-10472.55,-10635.55,12673.02,81.29714721558067,
16883.0,3020238.55,1085301.04,-10500.1,-10165.9,-10331.76,-10376.52,-10441.52,-10472.52,-10635.52,12673.02,,
16884.0,3020238.03,1085301.89,-10500.08,-10165.87,-10331.73,-10376.49,-10441.49,-10472.49,-10635.49,12673.03,86.72534033979707,
16885.0,3020237.5,1085302.74,-10500.06,-10165.85,-10331.71,-10376.47,-10441.47,-10472.47,-10635.47,12673.04,82.61751851606574,
16886.0,3020236.98,1085303.6,-10500.04,-10165.82,-10331.68,-10376.44,-10441.44,-10472.44,-10635.44,12673.05,74.05606333752367,
16887.0,3020236.45,1085304.45,-10500.02,-10165.79,-10331.65,-10376.41,-10441.41,-10472.41,-10635.41,12673.06,72.25365172098849,
16888.0,3020235.93,1085305.3,-10500.0,-10165.76,-10331.62,-10376.38,-10441.38,-10472.38,-10635.38,12673.06,,
16889.0,3020235.41,1085306.15,-10499.98,-10165.73,-10331.59,-10376.35,-10441.35,-10472.35,-10635.35,12673.070000000002,73.12342011733976,
16890.0,3020234.88,1085307.0,-10499.95,-10165.7,-10331.56,-10376.32,-10441.32,-10472.32,-10635.32,12673.08,,
16891.0,3020234.36,1085307.85,-10499.93,-10165.68,-10331.54,-10376.3,-10441.3,-10472.3,-10635.3,12673.09,72.46323446709724,
16892.0,3020233.84,1085308.71,-10499.91,-10165.65,-10331.51,-10376.27,-10441.27,-10472.27,-10635.27,12673.09,71.80304881685468,
16893.0,3020233.32,1085309.56,-10499.89,-10165.62,-10331.48,-10376.24,-10441.24,-10472.24,-10635.24,12673.1,70.71321853708925,
16894.0,3020232.8,1085310.41,-10499.87,-10165.59,-10331.45,-10376.21,-10441.21,-10472.21,-10635.21,12673.11,75.64889220795008,
16895.0,3020232.28,1085311.27,-10499.85,-10165.56,-10331.42,-10376.18,-10441.18,-10472.18,-10635.18,12673.11,76.07853683747301,
16896.0,3020231.75,1085312.12,-10499.82,-10165.55,-10331.41,-10376.17,-10441.17,-10472.17,-10635.17,12673.11,76.24620303436001,
16897.0,3020231.23,1085312.97,-10499.8,-10165.53,-10331.39,-10376.15,-10441.15,-10472.15,-10635.15,12673.1,78.39442618197461,
16898.0,3020230.71,1085313.83,-10499.78,-10165.52,-10331.38,-10376.14,-10441.14,-10472.14,-10635.14,12673.09,78.83454994880296,
16899.0,3020230.19,1085314.68,-10499.75,-10165.5,-10331.36,-10376.12,-10441.12,-10472.12,-10635.12,12673.08,74.88391518465318,
16900.0,3020229.68,1085315.54,-10499.73,-10165.49,-10331.35,-10376.11,-10441.11,-10472.11,-10635.11,12673.070000000002,72.46323446709724,
16901.0,3020229.16,1085316.39,-10499.71,-10165.47,-10331.33,-10376.09,-10441.09,-10472.09,-10635.09,12673.070000000002,72.90335823392557,
16902.0,3020228.64,1085317.24,-10499.68,-10165.45,-10331.31,-10376.07,-10441.07,-10472.07,-10635.07,12673.06,74.22372953441065,
16903.0,3020228.12,1085318.1,-10499.66,-10165.44,-10331.3,-10376.06,-10441.06,-10472.06,-10635.06,12673.05,,
16904.0,3020227.6,1085318.95,-10499.64,-10165.42,-10331.28,-10376.04,-10441.04,-10472.04,-10635.04,12673.04,,
16905.0,3020227.08,1085319.81,-10499.61,-10165.41,-10331.27,-10376.03,-10441.03,-10472.03,-10635.03,12673.03,75.37643463800872,
16906.0,3020226.57,1085320.67,-10499.59,-10165.4,-10331.26,-10376.02,-10441.02,-10472.02,-10635.02,12673.02,79.48425646174005,
16907.0,3020226.05,1085321.52,-10499.56,-10165.38,-10331.24,-10376.0,-10441.0,-10472.0,-10635.0,12673.01,82.11451992540475,
16908.0,3020225.53,1085322.38,-10499.54,-10165.37,-10331.23,-10375.99,-10440.99,-10471.99,-10634.99,12672.990000000002,78.44682186850179,
16909.0,3020225.02,1085323.23,-10499.51,-10165.36,-10331.22,-10375.98,-10440.98,-10471.98,-10634.98,12672.98,78.77167512497034,
16910.0,3020224.5,1085324.09,-10499.49,-10165.35,-10331.21,-10375.97,-10440.97,-10471.97,-10634.97,12672.97,81.34954290210786,
16911.0,3020223.99,1085324.95,-10499.46,-10165.33,-10331.19,-10375.95,-10440.95,-10471.95,-10634.95,12672.96,82.61751851606574,
16912.0,3020223.47,1085325.8,-10499.44,-10165.32,-10331.18,-10375.94,-10440.94,-10471.94,-10634.94,12672.94,,
16913.0,3020222.96,1085326.66,-10499.41,-10165.31,-10331.17,-10375.93,-10440.93,-10471.93,-10634.93,12672.93,77.51417864831788,
16914.0,3020222.44,1085327.52,-10499.38,-10165.29,-10331.15,-10375.91,-10440.91,-10471.91,-10634.91,12672.92,78.66688375191596,
16915.0,3020221.93,1085328.38,-10499.36,-10165.28,-10331.14,-10375.9,-10440.9,-10471.9,-10634.9,12672.9,81.29714721558067,
16916.0,3020221.42,1085329.23,-10499.33,-10165.27,-10331.13,-10375.89,-10440.89,-10471.89,-10634.89,12672.89,85.237302842425,
16917.0,3020220.9,1085330.09,-10499.3,-10165.26,-10331.12,-10375.88,-10440.88,-10471.88,-10634.88,12672.87,,
16918.0,3020220.39,1085330.95,-10499.28,-10165.24,-10331.1,-10375.86,-10440.86,-10471.86,-10634.86,12672.86,81.29714721558067,
16919.0,3020219.88,1085331.81,-10499.25,-10165.23,-10331.09,-10375.85,-10440.85,-10471.85,-10634.85,12672.84,77.3465124514309,
16920.0,3020219.37,1085332.67,-10499.22,-10165.22,-10331.08,-10375.84,-10440.84,-10471.84,-10634.84,12672.83,76.85399299807536,
16921.0,3020218.85,1085333.53,-10499.19,-10165.21,-10331.07,-10375.83,-10440.83,-10471.83,-10634.83,12672.81,78.00669810167342,
16922.0,3020218.34,1085334.38,-10499.17,-10165.19,-10331.05,-10375.81,-10440.81,-10471.81,-10634.81,12672.8,80.63696156533814,
16923.0,3020217.83,1085335.24,-10499.14,-10165.18,-10331.04,-10375.8,-10440.8,-10471.8,-10634.8,12672.78,,
16924.0,3020217.32,1085336.1,-10499.11,-10165.17,-10331.03,-10375.79,-10440.79,-10471.79,-10634.79,12672.77,88.0352325029767,
16925.0,3020216.81,1085336.96,-10499.08,-10165.16,-10331.02,-10375.78,-10440.78,-10471.78,-10634.78,12672.76,88.20289869986368,
16926.0,3020216.3,1085337.82,-10499.05,-10165.14,-10331.0,-10375.76,-10440.76,-10471.76,-10634.76,12672.740000000002,87.82564975686795,
16927.0,3020215.79,1085338.68,-10499.02,-10165.13,-10330.99,-10375.75,-10440.75,-10471.75,-10634.75,12672.72,88.48583540711049,
16928.0,3020215.28,1085339.54,-10498.99,-10165.12,-10330.98,-10375.74,-10440.74,-10471.74,-10634.74,12672.7,85.5202395496718,
16929.0,3020214.77,1085340.4,-10498.96,-10165.11,-10330.97,-10375.73,-10440.73,-10471.73,-10634.73,12672.69,83.77022361966381,
16930.0,3020214.27,1085341.26,-10498.94,-10165.09,-10330.95,-10375.71,-10440.71,-10471.71,-10634.71,12672.67,91.38855644071656,
16931.0,3020213.76,1085342.12,-10498.91,-10165.08,-10330.94,-10375.7,-10440.7,-10471.7,-10634.7,12672.65,97.80178847164402,
16932.0,3020213.25,1085342.98,-10498.88,-10165.07,-10330.93,-10375.69,-10440.69,-10471.69,-10634.69,12672.64,98.0218503550582,
16933.0,3020212.74,1085343.84,-10498.85,-10165.06,-10330.92,-10375.68,-10440.68,-10471.68,-10634.68,12672.62,96.71195819187858,
16934.0,3020212.23,1085344.7,-10498.82,-10165.04,-10330.9,-10375.66,-10440.66,-10471.66,-10634.66,12672.6,94.95146312456517,
16935.0,3020211.72,1085345.57,-10498.79,-10165.03,-10330.89,-10375.65,-10440.65,-10471.65,-10634.65,12672.59,95.3915868913935,
16936.0,3020211.21,1085346.43,-10498.76,-10165.02,-10330.88,-10375.64,-10440.64,-10471.64,-10634.64,12672.570000000002,95.12960845875756,
16937.0,3020210.7,1085347.29,-10498.73,-10165.0,-10330.86,-10375.62,-10440.62,-10471.62,-10634.62,12672.55,89.91099808064992,
16938.0,3020210.2,1085348.15,-10498.7,-10164.99,-10330.85,-10375.61,-10440.61,-10471.61,-10634.61,12672.54,87.49031736309398,
16939.0,3020209.69,1085349.01,-10498.67,-10164.98,-10330.84,-10375.6,-10440.6,-10471.6,-10634.6,12672.52,89.40799948998895,
16940.0,3020209.18,1085349.87,-10498.64,-10164.97,-10330.83,-10375.59,-10440.59,-10471.59,-10634.59,12672.5,94.07121559090842,
16941.0,3020208.67,1085350.73,-10498.61,-10164.95,-10330.81,-10375.57,-10440.57,-10471.57,-10634.57,12672.490000000002,97.80178847164402,
16942.0,3020208.16,1085351.59,-10498.58,-10164.94,-10330.8,-10375.56,-10440.56,-10471.56,-10634.56,12672.47,96.27183442505022,
16943.0,3020207.65,1085352.45,-10498.55,-10164.93,-10330.79,-10375.55,-10440.55,-10471.55,-10634.55,12672.45,93.8616328447997,
16944.0,3020207.14,1085353.31,-10498.52,-10164.92,-10330.78,-10375.54,-10440.54,-10471.54,-10634.54,12672.44,91.8810758940721,
16945.0,3020206.63,1085354.17,-10498.49,-10164.9,-10330.76,-10375.52,-10440.52,-10471.52,-10634.52,12672.42,85.57263523619898,
16946.0,3020206.12,1085355.03,-10498.46,-10164.89,-10330.75,-10375.51,-10440.51,-10471.51,-10634.51,12672.4,83.33009985283545,
16947.0,3020205.61,1085355.89,-10498.44,-10164.88,-10330.74,-10375.5,-10440.5,-10471.5,-10634.5,12672.39,81.7896666689362,
16948.0,3020205.1,1085356.75,-10498.41,-10164.87,-10330.73,-10375.49,-10440.49,-10471.49,-10634.49,12672.37,83.26722502900284,
16949.0,3020204.59,1085357.61,-10498.38,-10164.85,-10330.71,-10375.47,-10440.47,-10471.47,-10634.47,12672.35,81.29714721558067,
16950.0,3020204.08,1085358.47,-10498.35,-10164.84,-10330.7,-10375.46,-10440.46,-10471.46,-10634.46,12672.34,80.80462776222512,
16951.0,3020203.57,1085359.33,-10498.32,-10164.83,-10330.69,-10375.45,-10440.45,-10471.45,-10634.45,12672.320000000002,78.83454994880296,
16952.0,3020203.06,1085360.19,-10498.29,-10164.82,-10330.68,-10375.44,-10440.44,-10471.44,-10634.44,12672.3,81.62200047204921,
16953.0,3020202.55,1085361.05,-10498.26,-10164.8,-10330.66,-10375.42,-10440.42,-10471.42,-10634.42,12672.29,84.91244958595645,
16954.0,3020202.04,1085361.9,-10498.23,-10164.79,-10330.65,-10375.41,-10440.41,-10471.41,-10634.41,12672.27,92.10113777748629,
16955.0,3020201.53,1085362.76,-10498.2,-10164.78,-10330.64,-10375.4,-10440.4,-10471.4,-10634.4,12672.25,90.12058082675868,
16956.0,3020201.02,1085363.62,-10498.17,-10164.77,-10330.63,-10375.39,-10440.39,-10471.39,-10634.39,12672.240000000002,91.22089024382956,
16957.0,3020200.51,1085364.48,-10498.14,-10164.75,-10330.61,-10375.37,-10440.37,-10471.37,-10634.37,12672.22,90.13105996406412,
16958.0,3020200.0,1085365.34,-10498.11,-10164.74,-10330.6,-10375.36,-10440.36,-10471.36,-10634.36,12672.2,92.32119966090046,
16959.0,3020199.49,1085366.2,-10498.08,-10164.73,-10330.59,-10375.35,-10440.35,-10471.35,-10634.35,12672.19,90.13105996406412,
16960.0,3020198.98,1085367.06,-10498.05,-10164.71,-10330.57,-10375.33,-10440.33,-10471.33,-10634.33,12672.17,87.55319218692658,
16961.0,3020198.47,1085367.92,-10498.03,-10164.7,-10330.56,-10375.32,-10440.32,-10471.32,-10634.32,12672.15,87.06067273357104,
16962.0,3020197.96,1085368.78,-10498.0,-10164.69,-10330.55,-10375.31,-10440.31,-10471.31,-10634.31,12672.14,88.31816921022349,
16963.0,3020197.45,1085369.64,-10497.97,-10164.68,-10330.54,-10375.3,-10440.3,-10471.3,-10634.3,12672.12,92.21640828784608,
16964.0,3020196.94,1085370.5,-10497.94,-10164.66,-10330.52,-10375.28,-10440.28,-10471.28,-10634.28,12672.1,92.91851048731036,
16965.0,3020196.43,1085371.36,-10497.91,-10164.65,-10330.51,-10375.27,-10440.27,-10471.27,-10634.27,12672.09,95.3915868913935,
16966.0,3020195.92,1085372.22,-10497.88,-10164.64,-10330.5,-10375.26,-10440.26,-10471.26,-10634.26,12672.070000000002,94.95146312456517,
16967.0,3020195.41,1085373.08,-10497.85,-10164.63,-10330.49,-10375.25,-10440.25,-10471.25,-10634.25,12672.05,95.83171065822188,
16968.0,3020194.9,1085373.94,-10497.82,-10164.61,-10330.47,-10375.23,-10440.23,-10471.23,-10634.23,12672.04,,
16969.0,3020194.38,1085374.8,-10497.79,-10164.6,-10330.46,-10375.22,-10440.22,-10471.22,-10634.22,12672.02,94.08169472821388,
16970.0,3020193.87,1085375.65,-10497.76,-10164.59,-10330.45,-10375.21,-10440.21,-10471.21,-10634.21,12672.0,94.95146312456517,
16971.0,3020193.36,1085376.51,-10497.73,-10164.58,-10330.44,-10375.2,-10440.2,-10471.2,-10634.2,12671.990000000002,97.80178847164402,
16972.0,3020192.85,1085377.37,-10497.7,-10164.56,-10330.42,-10375.18,-10440.18,-10471.18,-10634.18,12671.97,101.97248511920796,
16973.0,3020192.34,1085378.23,-10497.67,-10164.55,-10330.41,-10375.17,-10440.17,-10471.17,-10634.17,12671.95,100.66259295602836,
16974.0,3020191.83,1085379.09,-10497.65,-10164.54,-10330.4,-10375.16,-10440.16,-10471.16,-10634.16,12671.94,100.0024073057858,
16975.0,3020191.32,1085379.95,-10497.62,-10164.53,-10330.39,-10375.15,-10440.15,-10471.15,-10634.15,12671.92,100.66259295602836,
16976.0,3020190.81,1085380.81,-10497.59,-10164.51,-10330.37,-10375.13,-10440.13,-10471.13,-10634.13,12671.9,100.22246918919998,
16977.0,3020190.29,1085381.67,-10497.56,-10164.5,-10330.36,-10375.12,-10440.12,-10471.12,-10634.12,12671.89,100.88265483944252,
16978.0,3020189.78,1085382.53,-10497.53,-10164.49,-10330.35,-10375.11,-10440.11,-10471.11,-10634.11,12671.87,103.29285641969304,
16979.0,3020189.27,1085383.38,-10497.5,-10164.48,-10330.34,-10375.1,-10440.1,-10471.1,-10634.1,12671.85,103.72250104921596,
16980.0,3020188.76,1085384.24,-10497.47,-10164.46,-10330.32,-10375.08,-10440.08,-10471.08,-10634.08,12671.84,,
16981.0,3020188.25,1085385.1,-10497.44,-10164.45,-10330.31,-10375.07,-10440.07,-10471.07,-10634.07,12671.820000000002,99.78234542237163,
16982.0,3020187.74,1085385.96,-10497.41,-10164.44,-10330.3,-10375.06,-10440.06,-10471.06,-10634.06,12671.81,99.1221597721291,
16983.0,3020187.22,1085386.82,-10497.38,-10164.42,-10330.28,-10375.04,-10440.04,-10471.04,-10634.04,12671.79,101.54284048968506,
16984.0,3020186.71,1085387.68,-10497.35,-10164.41,-10330.27,-10375.03,-10440.03,-10471.03,-10634.03,12671.77,103.29285641969304,
16985.0,3020186.2,1085388.54,-10497.32,-10164.4,-10330.26,-10375.02,-10440.02,-10471.02,-10634.02,12671.76,102.6326707694505,
16986.0,3020185.69,1085389.39,-10497.3,-10164.39,-10330.25,-10375.01,-10440.01,-10471.01,-10634.01,12671.740000000002,100.66259295602836,
16987.0,3020185.18,1085390.25,-10497.27,-10164.37,-10330.23,-10374.99,-10439.99,-10470.99,-10633.99,12671.72,99.56228353895746,
16988.0,3020184.66,1085391.11,-10497.24,-10164.36,-10330.22,-10374.98,-10439.98,-10470.98,-10633.98,12671.71,99.78234542237163,
16989.0,3020184.15,1085391.97,-10497.21,-10164.35,-10330.21,-10374.97,-10439.97,-10470.97,-10633.97,12671.69,100.22246918919998,
16990.0,3020183.64,1085392.83,-10497.18,-10164.34,-10330.2,-10374.96,-10439.96,-10470.96,-10633.96,12671.67,100.88265483944252,
16991.0,3020183.13,1085393.69,-10497.15,-10164.32,-10330.18,-10374.94,-10439.94,-10470.94,-10633.94,12671.66,102.85273265286467,
16992.0,3020182.62,1085394.54,-10497.12,-10164.31,-10330.17,-10374.93,-10439.93,-10470.93,-10633.93,12671.64,102.41260888603634,
16993.0,3020182.1,1085395.4,-10497.09,-10164.3,-10330.16,-10374.92,-10439.92,-10470.92,-10633.92,12671.62,98.90209788871492,
16994.0,3020181.59,1085396.26,-10497.06,-10164.29,-10330.15,-10374.91,-10439.91,-10470.91,-10633.91,12671.61,,
16995.0,3020181.08,1085397.12,-10497.03,-10164.27,-10330.13,-10374.89,-10439.89,-10470.89,-10633.89,12671.59,102.85273265286467,
16996.0,3020180.57,1085397.98,-10497.01,-10164.26,-10330.12,-10374.88,-10439.88,-10470.88,-10633.88,12671.570000000002,103.51291830310724,
16997.0,3020180.05,1085398.84,-10496.98,-10164.25,-10330.11,-10374.87,-10439.87,-10470.87,-10633.87,12671.56,102.6326707694505,
16998.0,3020179.54,1085399.69,-10496.95,-10164.24,-10330.1,-10374.86,-10439.86,-10470.86,-10633.86,12671.54,103.94256293263014,
16999.0,3020179.03,1085400.55,-10496.92,-10164.22,-10330.08,-10374.84,-10439.84,-10470.84,-10633.84,12671.53,100.66259295602836,
17000.0,3020178.51,1085401.41,-10496.89,-10164.21,-10330.07,-10374.83,-10439.83,-10470.83,-10633.83,12671.51,96.93202007529275,
17001.0,3020178.0,1085402.27,-10496.86,-10164.2,-10330.06,-10374.82,-10439.82,-10470.82,-10633.82,12671.490000000002,96.71195819187858,
17002.0,3020177.49,1085403.13,-10496.83,-10164.19,-10330.05,-10374.81,-10439.81,-10470.81,-10633.81,12671.48,,
17003.0,3020176.98,1085403.98,-10496.8,-10164.17,-10330.03,-10374.79,-10439.79,-10470.79,-10633.79,12671.46,97.5922057255353,
17004.0,3020176.46,1085404.84,-10496.77,-10164.16,-10330.02,-10374.78,-10439.78,-10470.78,-10633.78,12671.44,98.90209788871492,
17005.0,3020175.95,1085405.7,-10496.74,-10164.15,-10330.01,-10374.77,-10439.77,-10470.77,-10633.77,12671.43,99.34222165554328,
17006.0,3020175.44,1085406.56,-10496.72,-10164.13,-10329.99,-10374.75,-10439.75,-10470.75,-10633.75,12671.41,96.70147905457314,
17007.0,3020174.92,1085407.41,-10496.69,-10164.12,-10329.98,-10374.74,-10439.74,-10470.74,-10633.74,12671.4,95.83171065822188,
17008.0,3020174.41,1085408.27,-10496.66,-10164.11,-10329.97,-10374.73,-10439.73,-10470.73,-10633.73,12671.38,,
17009.0,3020173.9,1085409.13,-10496.63,-10164.1,-10329.96,-10374.72,-10439.72,-10470.72,-10633.72,12671.36,94.95146312456517,
17010.0,3020173.38,1085409.99,-10496.6,-10164.08,-10329.94,-10374.7,-10439.7,-10470.7,-10633.7,12671.35,93.63109182408007,
17011.0,3020172.87,1085410.85,-10496.57,-10164.07,-10329.93,-10374.69,-10439.69,-10470.69,-10633.69,12671.33,97.15208195870692,
17012.0,3020172.35,1085411.7,-10496.54,-10164.06,-10329.92,-10374.68,-10439.68,-10470.68,-10633.68,12671.31,100.22246918919998,
17013.0,3020171.84,1085412.56,-10496.51,-10164.05,-10329.91,-10374.67,-10439.67,-10470.67,-10633.67,12671.3,99.1221597721291,
17014.0,3020171.33,1085413.42,-10496.48,-10164.03,-10329.89,-10374.65,-10439.65,-10470.65,-10633.65,12671.28,98.91257702602036,
17015.0,3020170.81,1085414.28,-10496.46,-10164.02,-10329.88,-10374.64,-10439.64,-10470.64,-10633.64,12671.26,102.19254700262216,
17016.0,3020170.3,1085415.13,-10496.43,-10164.01,-10329.87,-10374.63,-10439.63,-10470.63,-10633.63,12671.25,103.7329801865214,
17017.0,3020169.79,1085415.99,-10496.4,-10164.0,-10329.86,-10374.62,-10439.62,-10470.62,-10633.62,12671.23,102.19254700262216,
17018.0,3020169.27,1085416.85,-10496.37,-10163.98,-10329.84,-10374.6,-10439.6,-10470.6,-10633.6,12671.22,100.44253107261416,
17019.0,3020168.76,1085417.7,-10496.34,-10163.97,-10329.83,-10374.59,-10439.59,-10470.59,-10633.59,12671.2,98.0218503550582,
17020.0,3020168.24,1085418.56,-10496.31,-10163.96,-10329.82,-10374.58,-10439.58,-10470.58,-10633.58,12671.18,96.93202007529275,
17021.0,3020167.73,1085419.42,-10496.28,-10163.95,-10329.81,-10374.57,-10439.57,-10470.57,-10633.57,12671.17,99.34222165554328,
17022.0,3020167.22,1085420.28,-10496.25,-10163.93,-10329.79,-10374.55,-10439.55,-10470.55,-10633.55,12671.15,97.81226760894948,
17023.0,3020166.7,1085421.13,-10496.23,-10163.92,-10329.78,-10374.54,-10439.54,-10470.54,-10633.54,12671.14,95.83171065822188,
17024.0,3020166.19,1085421.99,-10496.2,-10163.91,-10329.77,-10374.53,-10439.53,-10470.53,-10633.53,12671.12,95.3915868913935,
17025.0,3020165.67,1085422.85,-10496.17,-10163.89,-10329.75,-10374.51,-10439.51,-10470.51,-10633.51,12671.1,98.472453259192,
17026.0,3020165.16,1085423.7,-10496.14,-10163.88,-10329.74,-10374.5,-10439.5,-10470.5,-10633.5,12671.09,100.44253107261416,
17027.0,3020164.64,1085424.56,-10496.11,-10163.87,-10329.73,-10374.49,-10439.49,-10470.49,-10633.49,12671.070000000002,,
17028.0,3020164.13,1085425.42,-10496.08,-10163.86,-10329.72,-10374.48,-10439.48,-10470.48,-10633.48,12671.05,102.6326707694505,
17029.0,3020163.62,1085426.28,-10496.05,-10163.84,-10329.7,-10374.46,-10439.46,-10470.46,-10633.46,12671.04,106.14318176677192,
17030.0,3020163.1,1085427.13,-10496.02,-10163.83,-10329.69,-10374.45,-10439.45,-10470.45,-10633.45,12671.02,110.9740640645784,
17031.0,3020162.59,1085427.99,-10495.99,-10163.82,-10329.68,-10374.44,-10439.44,-10470.44,-10633.44,12671.0,112.07437348164927,
17032.0,3020162.08,1085428.85,-10495.96,-10163.81,-10329.67,-10374.43,-10439.43,-10470.43,-10633.43,12670.990000000002,,
17033.0,3020161.56,1085429.71,-10495.94,-10163.79,-10329.65,-10374.41,-10439.41,-10470.41,-10633.41,12670.97,,
17034.0,3020161.05,1085430.56,-10495.91,-10163.78,-10329.64,-10374.4,-10439.4,-10470.4,-10633.4,12670.96,,
17035.0,3020160.54,1085431.42,-10495.88,-10163.77,-10329.63,-10374.39,-10439.39,-10470.39,-10633.39,12670.94,111.63424971482094,
17036.0,3020160.02,1085432.28,-10495.85,-10163.76,-10329.62,-10374.38,-10439.38,-10470.38,-10633.38,12670.92,,
17037.0,3020159.51,1085433.14,-10495.82,-10163.74,-10329.6,-10374.36,-10439.36,-10470.36,-10633.36,12670.91,101.76290237309924,
17038.0,3020159.0,1085434.0,-10495.79,-10163.73,-10329.59,-10374.35,-10439.35,-10470.35,-10633.35,12670.89,98.90209788871492,
17039.0,3020158.49,1085434.85,-10495.76,-10163.72,-10329.58,-10374.34,-10439.34,-10470.34,-10633.34,12670.87,99.34222165554328,
17040.0,3020157.97,1085435.71,-10495.73,-10163.71,-10329.57,-10374.33,-10439.33,-10470.33,-10633.33,12670.86,,
17041.0,3020157.46,1085436.57,-10495.7,-10163.69,-10329.55,-10374.31,-10439.31,-10470.31,-10633.31,12670.84,100.66259295602836,
17042.0,3020156.95,1085437.43,-10495.67,-10163.68,-10329.54,-10374.3,-10439.3,-10470.3,-10633.3,12670.820000000002,98.90209788871492,
17043.0,3020156.44,1085438.29,-10495.64,-10163.67,-10329.53,-10374.29,-10439.29,-10470.29,-10633.29,12670.8,97.5922057255353,
17044.0,3020155.92,1085439.15,-10495.61,-10163.66,-10329.52,-10374.28,-10439.28,-10470.28,-10633.28,12670.79,100.88265483944252,
17045.0,3020155.41,1085440.01,-10495.58,-10163.64,-10329.5,-10374.26,-10439.26,-10470.26,-10633.26,12670.77,100.6521138187229,
17046.0,3020154.9,1085440.86,-10495.55,-10163.63,-10329.49,-10374.25,-10439.25,-10470.25,-10633.25,12670.75,101.53236135237962,
17047.0,3020154.39,1085441.72,-10495.52,-10163.62,-10329.48,-10374.24,-10439.24,-10470.24,-10633.24,12670.740000000002,103.06231539897344,
17048.0,3020153.88,1085442.58,-10495.5,-10163.6,-10329.46,-10374.22,-10439.22,-10470.22,-10633.22,12670.72,,
17049.0,3020153.37,1085443.44,-10495.47,-10163.59,-10329.45,-10374.21,-10439.21,-10470.21,-10633.21,12670.7,98.24191223847238,
17050.0,3020152.86,1085444.3,-10495.44,-10163.58,-10329.44,-10374.2,-10439.2,-10470.2,-10633.2,12670.69,95.3915868913935,
17051.0,3020152.34,1085445.16,-10495.41,-10163.57,-10329.43,-10374.19,-10439.19,-10470.19,-10633.19,12670.67,,
17052.0,3020151.83,1085446.02,-10495.38,-10163.55,-10329.41,-10374.17,-10439.17,-10470.17,-10633.17,12670.65,96.27183442505022,
17053.0,3020151.32,1085446.88,-10495.35,-10163.54,-10329.4,-10374.16,-10439.16,-10470.16,-10633.16,12670.63,100.43205193530872,
17054.0,3020150.81,1085447.74,-10495.32,-10163.53,-10329.39,-10374.15,-10439.15,-10470.15,-10633.15,12670.62,102.41260888603634,
17055.0,3020150.3,1085448.6,-10495.29,-10163.52,-10329.38,-10374.14,-10439.14,-10470.14,-10633.14,12670.6,103.29285641969304,
17056.0,3020149.79,1085449.45,-10495.26,-10163.5,-10329.36,-10374.12,-10439.12,-10470.12,-10633.12,12670.58,104.38268669945847,
17057.0,3020149.28,1085450.31,-10495.23,-10163.49,-10329.35,-10374.11,-10439.11,-10470.11,-10633.11,12670.570000000002,106.14318176677192,
17058.0,3020148.77,1085451.17,-10495.2,-10163.48,-10329.34,-10374.1,-10439.1,-10470.1,-10633.1,12670.55,100.87217570213708,
17059.0,3020148.26,1085452.03,-10495.17,-10163.47,-10329.33,-10374.09,-10439.09,-10470.09,-10633.09,12670.53,97.80178847164402,
17060.0,3020147.75,1085452.89,-10495.14,-10163.45,-10329.31,-10374.07,-10439.07,-10470.07,-10633.07,12670.51,99.34222165554328,
17061.0,3020147.24,1085453.75,-10495.11,-10163.44,-10329.3,-10374.06,-10439.06,-10470.06,-10633.06,12670.5,97.58172658822986,
17062.0,3020146.73,1085454.61,-10495.08,-10163.43,-10329.29,-10374.05,-10439.05,-10470.05,-10633.05,12670.48,,
17063.0,3020146.22,1085455.47,-10495.05,-10163.42,-10329.28,-10374.04,-10439.04,-10470.04,-10633.04,12670.46,99.78234542237163,
17064.0,3020145.71,1085456.33,-10495.02,-10163.4,-10329.26,-10374.02,-10439.02,-10470.02,-10633.02,12670.44,101.53236135237962,
17065.0,3020145.2,1085457.19,-10494.99,-10163.39,-10329.25,-10374.01,-10439.01,-10470.01,-10633.01,12670.43,99.34222165554328,
17066.0,3020144.69,1085458.05,-10494.96,-10163.38,-10329.24,-10374.0,-10439.0,-10470.0,-10633.0,12670.41,,
17067.0,3020144.18,1085458.91,-10494.93,-10163.37,-10329.23,-10373.99,-10438.99,-10469.99,-10632.99,12670.39,105.92311988335774,
17068.0,3020143.68,1085459.77,-10494.9,-10163.35,-10329.21,-10373.97,-10438.97,-10469.97,-10632.97,12670.37,103.51291830310724,
17069.0,3020143.17,1085460.63,-10494.86,-10163.34,-10329.2,-10373.96,-10438.96,-10469.96,-10632.96,12670.35,101.09223758555126,
17070.0,3020142.66,1085461.49,-10494.83,-10163.33,-10329.19,-10373.95,-10438.95,-10469.95,-10632.95,12670.34,99.78234542237163,
17071.0,3020142.15,1085462.35,-10494.8,-10163.31,-10329.17,-10373.93,-10438.93,-10469.93,-10632.93,12670.320000000002,98.03232949236364,
17072.0,3020141.64,1085463.21,-10494.77,-10163.3,-10329.16,-10373.92,-10438.92,-10469.92,-10632.92,12670.3,,
17073.0,3020141.13,1085464.08,-10494.74,-10163.29,-10329.15,-10373.91,-10438.91,-10469.91,-10632.91,12670.28,99.78234542237163,
17074.0,3020140.62,1085464.94,-10494.71,-10163.28,-10329.14,-10373.9,-10438.9,-10469.9,-10632.9,12670.27,101.09223758555126,
17075.0,3020140.12,1085465.8,-10494.68,-10163.26,-10329.12,-10373.88,-10438.88,-10469.88,-10632.88,12670.25,,
17076.0,3020139.61,1085466.66,-10494.65,-10163.25,-10329.11,-10373.87,-10438.87,-10469.87,-10632.87,12670.23,104.39316583676394,
17077.0,3020139.1,1085467.52,-10494.62,-10163.24,-10329.1,-10373.86,-10438.86,-10469.86,-10632.86,12670.21,107.68361495067116,
17078.0,3020138.59,1085468.38,-10494.59,-10163.23,-10329.09,-10373.85,-10438.85,-10469.85,-10632.85,12670.19,106.58330553360028,
17079.0,3020138.09,1085469.24,-10494.56,-10163.21,-10329.07,-10373.83,-10438.83,-10469.83,-10632.83,12670.18,101.7524232357938,
17080.0,3020137.58,1085470.1,-10494.53,-10163.2,-10329.06,-10373.82,-10438.82,-10469.82,-10632.82,12670.16,99.34222165554328,
17081.0,3020137.07,1085470.96,-10494.5,-10163.19,-10329.05,-10373.81,-10438.81,-10469.81,-10632.81,12670.14,,
17082.0,3020136.56,1085471.82,-10494.47,-10163.18,-10329.04,-10373.8,-10438.8,-10469.8,-10632.8,12670.12,,
17083.0,3020136.06,1085472.69,-10494.44,-10163.16,-10329.02,-10373.78,-10438.78,-10469.78,-10632.78,12670.1,98.472453259192,
17084.0,3020135.55,1085473.55,-10494.41,-10163.15,-10329.01,-10373.77,-10438.77,-10469.77,-10632.77,12670.08,,
17085.0,3020135.04,1085474.41,-10494.37,-10163.14,-10329.0,-10373.76,-10438.76,-10469.76,-10632.76,12670.070000000002,98.03232949236364,
17086.0,3020134.54,1085475.27,-10494.34,-10163.12,-10328.98,-10373.74,-10438.74,-10469.74,-10632.74,12670.05,97.5922057255353,
17087.0,3020134.03,1085476.13,-10494.31,-10163.11,-10328.97,-10373.73,-10438.73,-10469.73,-10632.73,12670.03,,
17088.0,3020133.52,1085476.99,-10494.28,-10163.1,-10328.96,-10373.72,-10438.72,-10469.72,-10632.72,12670.02,99.34222165554328,
17089.0,3020133.02,1085477.86,-10494.25,-10163.08,-10328.94,-10373.7,-10438.7,-10469.7,-10632.7,12670.0,98.90209788871492,
17090.0,3020132.51,1085478.72,-10494.22,-10163.07,-10328.93,-10373.69,-10438.69,-10469.69,-10632.69,12669.98,98.03232949236364,
17091.0,3020132.0,1085479.58,-10494.19,-10163.05,-10328.91,-10373.67,-10438.67,-10469.67,-10632.67,12669.96,96.27183442505022,
17092.0,3020131.5,1085480.44,-10494.16,-10163.04,-10328.9,-10373.66,-10438.66,-10469.66,-10632.66,12669.95,,
17093.0,3020130.99,1085481.3,-10494.13,-10163.02,-10328.88,-10373.64,-10438.64,-10469.64,-10632.64,12669.93,97.5922057255353,
17094.0,3020130.49,1085482.17,-10494.09,-10163.01,-10328.87,-10373.63,-10438.63,-10469.63,-10632.63,12669.91,98.90209788871492,
17095.0,3020129.98,1085483.03,-10494.06,-10163.0,-10328.86,-10373.62,-10438.62,-10469.62,-10632.62,12669.9,97.5922057255353,
17096.0,3020129.48,1085483.89,-10494.03,-10162.97,-10328.83,-10373.59,-10438.59,-10469.59,-10632.59,12669.89,96.05177254163604,
17097.0,3020128.97,1085484.75,-10494.0,-10162.95,-10328.81,-10373.57,-10438.57,-10469.57,-10632.57,12669.88,94.08169472821388,
17098.0,3020128.47,1085485.61,-10493.97,-10162.93,-10328.79,-10373.55,-10438.55,-10469.55,-10632.55,12669.87,93.20144719455716,
17099.0,3020127.96,1085486.48,-10493.94,-10162.9,-10328.76,-10373.52,-10438.52,-10469.52,-10632.52,12669.87,93.8616328447997,
17100.0,3020127.46,1085487.34,-10493.91,-10162.88,-10328.74,-10373.5,-10438.5,-10469.5,-10632.5,12669.86,93.20144719455716,
17101.0,3020126.95,1085488.2,-10493.87,-10162.85,-10328.71,-10373.47,-10438.47,-10469.47,-10632.47,12669.85,92.9289896246158,
17102.0,3020126.45,1085489.07,-10493.84,-10162.83,-10328.69,-10373.45,-10438.45,-10469.45,-10632.45,12669.84,88.75829297705185,
17103.0,3020125.94,1085489.93,-10493.81,-10162.81,-10328.67,-10373.43,-10438.43,-10469.43,-10632.43,12669.83,87.16546410662542,
17104.0,3020125.44,1085490.79,-10493.78,-10162.78,-10328.64,-10373.4,-10438.4,-10469.4,-10632.4,12669.83,89.96339376717712,
17105.0,3020124.93,1085491.65,-10493.75,-10162.76,-10328.62,-10373.38,-10438.38,-10469.38,-10632.38,12669.820000000002,91.00082836041538,
17106.0,3020124.43,1085492.52,-10493.72,-10162.74,-10328.6,-10373.36,-10438.36,-10469.36,-10632.36,12669.81,90.12058082675868,
17107.0,3020123.92,1085493.38,-10493.68,-10162.71,-10328.57,-10373.33,-10438.33,-10469.33,-10632.33,12669.8,93.42150907797134,
17108.0,3020123.42,1085494.24,-10493.65,-10162.69,-10328.55,-10373.31,-10438.31,-10469.31,-10632.31,12669.79,,
17109.0,3020122.92,1085495.11,-10493.62,-10162.67,-10328.53,-10373.29,-10438.29,-10469.29,-10632.29,12669.78,90.56070459358702,
17110.0,3020122.41,1085495.97,-10493.59,-10162.64,-10328.5,-10373.26,-10438.26,-10469.26,-10632.26,12669.78,91.8810758940721,
17111.0,3020121.91,1085496.83,-10493.56,-10162.62,-10328.48,-10373.24,-10438.24,-10469.24,-10632.24,12669.77,95.62212791211311,
17112.0,3020121.41,1085497.7,-10493.53,-10162.6,-10328.46,-10373.22,-10438.22,-10469.22,-10632.22,12669.76,98.03232949236364,
17113.0,3020120.9,1085498.56,-10493.49,-10162.57,-10328.43,-10373.19,-10438.19,-10469.19,-10632.19,12669.75,98.472453259192,
17114.0,3020120.4,1085499.42,-10493.46,-10162.55,-10328.41,-10373.17,-10438.17,-10469.17,-10632.17,12669.740000000002,99.34222165554328,
17115.0,3020119.9,1085500.29,-10493.43,-10162.53,-10328.39,-10373.15,-10438.15,-10469.15,-10632.15,12669.73,,
17116.0,3020119.39,1085501.15,-10493.4,-10162.5,-10328.36,-10373.12,-10438.12,-10469.12,-10632.12,12669.73,98.46197412188656,
17117.0,3020118.89,1085502.01,-10493.37,-10162.48,-10328.34,-10373.1,-10438.1,-10469.1,-10632.1,12669.72,95.83171065822188,
17118.0,3020118.39,1085502.88,-10493.33,-10162.45,-10328.31,-10373.07,-10438.07,-10469.07,-10632.07,12669.71,97.14160282140148,
17119.0,3020117.89,1085503.74,-10493.3,-10162.43,-10328.29,-10373.05,-10438.05,-10469.05,-10632.05,12669.7,102.19254700262216,
17120.0,3020117.38,1085504.61,-10493.27,-10162.41,-10328.27,-10373.03,-10438.03,-10469.03,-10632.03,12669.69,101.09223758555126,
17121.0,3020116.88,1085505.47,-10493.24,-10162.38,-10328.24,-10373.0,-10438.0,-10469.0,-10632.0,12669.69,96.92154093798732,
17122.0,3020116.38,1085506.33,-10493.21,-10162.36,-10328.22,-10372.98,-10437.98,-10468.98,-10631.98,12669.68,94.95146312456517,
17123.0,3020115.88,1085507.2,-10493.17,-10162.34,-10328.2,-10372.96,-10437.96,-10468.96,-10631.96,12669.67,97.15208195870692,
17124.0,3020115.37,1085508.06,-10493.14,-10162.31,-10328.17,-10372.93,-10437.93,-10468.93,-10631.93,12669.66,98.03232949236364,
17125.0,3020114.87,1085508.93,-10493.11,-10162.29,-10328.15,-10372.91,-10437.91,-10468.91,-10631.91,12669.65,96.71195819187858,
17126.0,3020114.37,1085509.79,-10493.08,-10162.27,-10328.13,-10372.89,-10437.89,-10468.89,-10631.89,12669.65,93.42150907797134,
17127.0,3020113.87,1085510.66,-10493.05,-10162.24,-10328.1,-10372.86,-10437.86,-10468.86,-10631.86,12669.64,89.03075054699322,
17128.0,3020113.36,1085511.52,-10493.02,-10162.22,-10328.08,-10372.84,-10437.84,-10468.84,-10631.84,12669.63,86.83013171285143,
17129.0,3020112.86,1085512.38,-10492.99,-10162.2,-10328.06,-10372.82,-10437.82,-10468.82,-10631.82,12669.62,90.13105996406412,
17130.0,3020112.36,1085513.25,-10492.96,-10162.17,-10328.03,-10372.79,-10437.79,-10468.79,-10631.79,12669.62,91.22089024382956,
17131.0,3020111.86,1085514.11,-10492.93,-10162.15,-10328.01,-10372.77,-10437.77,-10468.77,-10631.77,12669.61,91.8810758940721,
17132.0,3020111.36,1085514.98,-10492.9,-10162.12,-10327.98,-10372.74,-10437.74,-10468.74,-10631.74,12669.6,93.42150907797134,
17133.0,3020110.85,1085515.84,-10492.87,-10162.1,-10327.96,-10372.72,-10437.72,-10468.72,-10631.72,12669.6,92.75084429042336,
17134.0,3020110.35,1085516.71,-10492.84,-10162.08,-10327.94,-10372.7,-10437.7,-10468.7,-10631.7,12669.59,93.19096805725172,
17135.0,3020109.85,1085517.57,-10492.81,-10162.05,-10327.91,-10372.67,-10437.67,-10468.67,-10631.67,12669.58,96.70147905457314,
17136.0,3020109.35,1085518.43,-10492.78,-10162.03,-10327.89,-10372.65,-10437.65,-10468.65,-10631.65,12669.58,98.90209788871492,
17137.0,3020108.85,1085519.3,-10492.75,-10162.01,-10327.87,-10372.63,-10437.63,-10468.63,-10631.63,12669.570000000002,,
17138.0,3020108.35,1085520.16,-10492.72,-10161.98,-10327.84,-10372.6,-10437.6,-10468.6,-10631.6,12669.56,90.13105996406412,
17139.0,3020107.84,1085521.03,-10492.69,-10161.96,-10327.82,-10372.58,-10437.58,-10468.58,-10631.58,12669.56,91.22089024382956,
17140.0,3020107.34,1085521.89,-10492.66,-10161.94,-10327.8,-10372.56,-10437.56,-10468.56,-10631.56,12669.55,95.18200414528476,
17141.0,3020106.84,1085522.76,-10492.63,-10161.91,-10327.77,-10372.53,-10437.53,-10468.53,-10631.53,12669.55,94.5113393577368,
17142.0,3020106.34,1085523.62,-10492.6,-10161.89,-10327.75,-10372.51,-10437.51,-10468.51,-10631.51,12669.54,90.7807664770012,
17143.0,3020105.84,1085524.49,-10492.57,-10161.87,-10327.73,-10372.49,-10437.49,-10468.49,-10631.49,12669.54,88.37056489675068,
17144.0,3020105.34,1085525.35,-10492.54,-10161.84,-10327.7,-10372.46,-10437.46,-10468.46,-10631.46,12669.53,89.02027140968778,
17145.0,3020104.84,1085526.22,-10492.51,-10161.82,-10327.68,-10372.44,-10437.44,-10468.44,-10631.44,12669.52,91.66101401065792,
17146.0,3020104.33,1085527.08,-10492.48,-10161.8,-10327.66,-10372.42,-10437.42,-10468.42,-10631.42,12669.52,91.16849455730237,
17147.0,3020103.83,1085527.95,-10492.46,-10161.77,-10327.63,-10372.39,-10437.39,-10468.39,-10631.39,12669.52,91.33616075418936,
17148.0,3020103.33,1085528.81,-10492.43,-10161.75,-10327.61,-10372.37,-10437.37,-10468.37,-10631.37,12669.51,93.0966558215028,
17149.0,3020102.83,1085529.68,-10492.4,-10161.72,-10327.58,-10372.34,-10437.34,-10468.34,-10631.34,12669.51,91.94395071790473,
17150.0,3020102.33,1085530.54,-10492.37,-10161.7,-10327.56,-10372.32,-10437.32,-10468.32,-10631.32,12669.5,88.26577352369631,
17151.0,3020101.83,1085531.41,-10492.34,-10161.68,-10327.54,-10372.3,-10437.3,-10468.3,-10631.3,12669.5,,
17152.0,3020101.33,1085532.27,-10492.32,-10161.65,-10327.51,-10372.27,-10437.27,-10468.27,-10631.27,12669.490000000002,97.30926901828848,
17153.0,3020100.83,1085533.14,-10492.29,-10161.63,-10327.49,-10372.25,-10437.25,-10468.25,-10631.25,12669.490000000002,94.73140124115098,
17154.0,3020100.33,1085534.0,-10492.26,-10161.61,-10327.47,-10372.23,-10437.23,-10468.23,-10631.23,12669.48,96.27183442505022,
17155.0,3020099.83,1085534.87,-10492.23,-10161.58,-10327.44,-10372.2,-10437.2,-10468.2,-10631.2,12669.48,98.03232949236364,
17156.0,3020099.32,1085535.73,-10492.2,-10161.56,-10327.42,-10372.18,-10437.18,-10468.18,-10631.18,12669.48,97.5922057255353,
17157.0,3020098.82,1085536.6,-10492.18,-10161.54,-10327.4,-10372.16,-10437.16,-10468.16,-10631.16,12669.47,97.3721438421211,
17158.0,3020098.32,1085537.46,-10492.15,-10161.51,-10327.37,-10372.13,-10437.13,-10468.13,-10631.13,12669.47,92.981385311143,
17159.0,3020097.82,1085538.33,-10492.12,-10161.49,-10327.35,-10372.11,-10437.11,-10468.11,-10631.11,12669.47,89.24033329310195,
17160.0,3020097.32,1085539.19,-10492.1,-10161.47,-10327.33,-10372.09,-10437.09,-10468.09,-10631.09,12669.46,90.34064271017284,
17161.0,3020096.82,1085540.06,-10492.07,-10161.44,-10327.3,-10372.06,-10437.06,-10468.06,-10631.06,12669.46,,
17162.0,3020096.32,1085540.92,-10492.04,-10161.42,-10327.28,-10372.04,-10437.04,-10468.04,-10631.04,12669.46,94.95146312456517,
17163.0,3020095.82,1085541.79,-10492.02,-10161.39,-10327.25,-10372.01,-10437.01,-10468.01,-10631.01,12669.45,98.46197412188656,
17164.0,3020095.32,1085542.65,-10491.99,-10161.37,-10327.23,-10371.99,-10436.99,-10467.99,-10630.99,12669.45,99.34222165554328,
17165.0,3020094.82,1085543.52,-10491.96,-10161.35,-10327.21,-10371.97,-10436.97,-10467.97,-10630.97,12669.45,96.93202007529275,
17166.0,3020094.32,1085544.38,-10491.94,-10161.32,-10327.18,-10371.94,-10436.94,-10467.94,-10630.94,12669.44,91.8810758940721,
17167.0,3020093.82,1085545.25,-10491.91,-10161.3,-10327.16,-10371.92,-10436.92,-10467.92,-10630.92,12669.44,90.12058082675868,
17168.0,3020093.32,1085546.12,-10491.89,-10161.28,-10327.14,-10371.9,-10436.9,-10467.9,-10630.9,12669.44,91.66101401065792,
17169.0,3020092.82,1085546.98,-10491.86,-10161.25,-10327.11,-10371.87,-10436.87,-10467.87,-10630.87,12669.44,93.63109182408007,
17170.0,3020092.32,1085547.85,-10491.83,-10161.23,-10327.09,-10371.85,-10436.85,-10467.85,-10630.85,12669.44,94.95146312456517,
17171.0,3020091.82,1085548.71,-10491.81,-10161.21,-10327.07,-10371.83,-10436.83,-10467.83,-10630.83,12669.43,,
17172.0,3020091.32,1085549.58,-10491.78,-10161.18,-10327.04,-10371.8,-10436.8,-10467.8,-10630.8,12669.43,83.55016173624963,
17173.0,3020090.82,1085550.44,-10491.76,-10161.16,-10327.02,-10371.78,-10436.78,-10467.78,-10630.78,12669.43,84.25226393571393,
17174.0,3020090.32,1085551.31,-10491.73,-10161.14,-10327.0,-10371.76,-10436.76,-10467.76,-10630.76,12669.43,88.47535626980505,
17175.0,3020089.82,1085552.18,-10491.71,-10161.11,-10326.97,-10371.73,-10436.73,-10467.73,-10630.73,12669.43,92.21640828784608,
17176.0,3020089.32,1085553.04,-10491.68,-10161.09,-10326.95,-10371.71,-10436.71,-10467.71,-10630.71,12669.43,95.12960845875756,
17177.0,3020088.82,1085553.91,-10491.66,-10161.07,-10326.93,-10371.69,-10436.69,-10467.69,-10630.69,12669.43,95.3915868913935,
17178.0,3020088.32,1085554.77,-10491.63,-10161.04,-10326.9,-10371.66,-10436.66,-10467.66,-10630.66,12669.42,91.66101401065792,
17179.0,3020087.82,1085555.64,-10491.61,-10161.02,-10326.88,-10371.64,-10436.64,-10467.64,-10630.64,12669.42,89.24033329310195,
17180.0,3020087.32,1085556.5,-10491.59,-10160.99,-10326.85,-10371.61,-10436.61,-10467.61,-10630.61,12669.42,92.981385311143,
17181.0,3020086.82,1085557.37,-10491.56,-10160.97,-10326.83,-10371.59,-10436.59,-10467.59,-10630.59,12669.42,97.3721438421211,
17182.0,3020086.32,1085558.24,-10491.54,-10160.95,-10326.81,-10371.57,-10436.57,-10467.57,-10630.57,12669.42,97.15208195870692,
17183.0,3020085.82,1085559.1,-10491.51,-10160.92,-10326.78,-10371.54,-10436.54,-10467.54,-10630.54,12669.42,93.42150907797134,
17184.0,3020085.32,1085559.97,-10491.49,-10160.9,-10326.76,-10371.52,-10436.52,-10467.52,-10630.52,12669.42,87.55319218692658,
17185.0,3020084.82,1085560.83,-10491.47,-10160.88,-10326.74,-10371.5,-10436.5,-10467.5,-10630.5,12669.42,83.75974448235839,
17186.0,3020084.32,1085561.7,-10491.44,-10160.85,-10326.71,-10371.47,-10436.47,-10467.47,-10630.47,12669.42,86.23282088644153,
17187.0,3020083.83,1085562.57,-10491.42,-10160.83,-10326.69,-10371.45,-10436.45,-10467.45,-10630.45,12669.42,92.97090617383756,
17188.0,3020083.33,1085563.43,-10491.4,-10160.81,-10326.67,-10371.43,-10436.43,-10467.43,-10630.43,12669.42,95.83171065822188,
17189.0,3020082.83,1085564.3,-10491.37,-10160.78,-10326.64,-10371.4,-10436.4,-10467.4,-10630.4,12669.42,94.2912774743226,
17190.0,3020082.33,1085565.17,-10491.35,-10160.76,-10326.62,-10371.38,-10436.38,-10467.38,-10630.38,12669.42,86.50527845638288,
17191.0,3020081.83,1085566.03,-10491.33,-10160.74,-10326.6,-10371.36,-10436.36,-10467.36,-10630.36,12669.42,86.94540222321123,
17192.0,3020081.33,1085566.9,-10491.3,-10160.71,-10326.57,-10371.33,-10436.33,-10467.33,-10630.33,12669.42,92.26880397437326,
17193.0,3020080.83,1085567.76,-10491.28,-10160.69,-10326.55,-10371.31,-10436.31,-10467.31,-10630.31,12669.42,92.981385311143,
17194.0,3020080.33,1085568.63,-10491.26,-10160.66,-10326.52,-10371.28,-10436.28,-10467.28,-10630.28,12669.42,91.00082836041538,
17195.0,3020079.83,1085569.5,-10491.24,-10160.64,-10326.5,-10371.26,-10436.26,-10467.26,-10630.26,12669.42,92.97090617383756,
17196.0,3020079.34,1085570.36,-10491.21,-10160.62,-10326.48,-10371.24,-10436.24,-10467.24,-10630.24,12669.43,93.85115370749426,
17197.0,3020078.84,1085571.23,-10491.19,-10160.59,-10326.45,-10371.21,-10436.21,-10467.21,-10630.21,12669.43,90.34064271017284,
17198.0,3020078.34,1085572.1,-10491.17,-10160.57,-10326.43,-10371.19,-10436.19,-10467.19,-10630.19,12669.43,87.71037924650814,
17199.0,3020077.84,1085572.96,-10491.15,-10160.55,-10326.41,-10371.17,-10436.17,-10467.17,-10630.17,12669.43,90.7807664770012,
17200.0,3020077.34,1085573.83,-10491.13,-10160.52,-10326.38,-10371.14,-10436.14,-10467.14,-10630.14,12669.43,94.5113393577368,
17201.0,3020076.84,1085574.7,-10491.1,-10160.5,-10326.36,-10371.12,-10436.12,-10467.12,-10630.12,12669.44,,
17202.0,3020076.34,1085575.56,-10491.08,-10160.48,-10326.34,-10371.1,-10436.1,-10467.1,-10630.1,12669.44,98.90209788871492,
17203.0,3020075.85,1085576.43,-10491.06,-10160.45,-10326.31,-10371.07,-10436.07,-10467.07,-10630.07,12669.44,99.34222165554328,
17204.0,3020075.35,1085577.3,-10491.04,-10160.43,-10326.29,-10371.05,-10436.05,-10467.05,-10630.05,12669.44,98.472453259192,
17205.0,3020074.85,1085578.16,-10491.02,-10160.41,-10326.27,-10371.03,-10436.03,-10467.03,-10630.03,12669.44,,
17206.0,3020074.35,1085579.03,-10491.0,-10160.38,-10326.24,-10371.0,-10436.0,-10467.0,-10630.0,12669.45,98.03232949236364,
17207.0,3020073.85,1085579.9,-10490.98,-10160.36,-10326.22,-10370.98,-10435.98,-10466.98,-10629.98,12669.45,94.95146312456517,
17208.0,3020073.35,1085580.76,-10490.96,-10160.33,-10326.19,-10370.95,-10435.95,-10466.95,-10629.95,12669.45,97.36166470481568,
17209.0,3020072.86,1085581.63,-10490.93,-10160.31,-10326.17,-10370.93,-10435.93,-10466.93,-10629.93,12669.45,100.22246918919998,
17210.0,3020072.36,1085582.5,-10490.91,-10160.29,-10326.15,-10370.91,-10435.91,-10466.91,-10629.91,12669.46,102.19254700262216,
17211.0,3020071.86,1085583.36,-10490.89,-10160.26,-10326.12,-10370.88,-10435.88,-10466.88,-10629.88,12669.46,96.05177254163604,
17212.0,3020071.36,1085584.23,-10490.87,-10160.24,-10326.1,-10370.86,-10435.86,-10466.86,-10629.86,12669.46,88.86308435010622,
17213.0,3020070.86,1085585.1,-10490.85,-10160.22,-10326.08,-10370.84,-10435.84,-10466.84,-10629.84,12669.47,85.96036331650015,
17214.0,3020070.37,1085585.97,-10490.83,-10160.19,-10326.05,-10370.81,-10435.81,-10466.81,-10629.81,12669.47,87.55319218692658,
17215.0,3020069.87,1085586.83,-10490.81,-10160.17,-10326.03,-10370.79,-10435.79,-10466.79,-10629.79,12669.47,92.32119966090046,
17216.0,3020069.37,1085587.7,-10490.79,-10160.15,-10326.01,-10370.77,-10435.77,-10466.77,-10629.77,12669.47,94.30175661162806,
17217.0,3020068.88,1085588.57,-10490.77,-10160.13,-10325.99,-10370.75,-10435.75,-10466.75,-10629.75,12669.48,97.74939278511684,
17218.0,3020068.38,1085589.44,-10490.75,-10160.1,-10325.96,-10370.72,-10435.72,-10466.72,-10629.72,12669.48,,
17219.0,3020067.89,1085590.31,-10490.73,-10160.08,-10325.94,-10370.7,-10435.7,-10466.7,-10629.7,12669.48,121.8933251368438,
17220.0,3020067.39,1085591.17,-10490.71,-10160.06,-10325.92,-10370.68,-10435.68,-10466.68,-10629.68,12669.48,124.69125479739552,
17221.0,3020066.9,1085592.04,-10490.69,-10160.04,-10325.9,-10370.66,-10435.66,-10466.66,-10629.66,12669.48,,
17222.0,3020066.4,1085592.91,-10490.67,-10160.01,-10325.87,-10370.63,-10435.63,-10466.63,-10629.63,12669.490000000002,111.51897920446112,
17223.0,3020065.91,1085593.78,-10490.65,-10159.99,-10325.85,-10370.61,-10435.61,-10466.61,-10629.61,12669.490000000002,97.4245395286483,
17224.0,3020065.41,1085594.65,-10490.63,-10159.97,-10325.83,-10370.59,-10435.59,-10466.59,-10629.59,12669.490000000002,88.86308435010622,
17225.0,3020064.92,1085595.52,-10490.61,-10159.95,-10325.81,-10370.57,-10435.57,-10466.57,-10629.57,12669.490000000002,93.19096805725172,
17226.0,3020064.43,1085596.39,-10490.59,-10159.92,-10325.78,-10370.54,-10435.54,-10466.54,-10629.54,12669.490000000002,95.3915868913935,
17227.0,3020063.94,1085597.26,-10490.57,-10159.9,-10325.76,-10370.52,-10435.52,-10466.52,-10629.52,12669.490000000002,96.05177254163604,
17228.0,3020063.44,1085598.13,-10490.54,-10159.88,-10325.74,-10370.5,-10435.5,-10466.5,-10629.5,12669.490000000002,92.32119966090046,
17229.0,3020062.95,1085599.0,-10490.52,-10159.86,-10325.72,-10370.48,-10435.48,-10466.48,-10629.48,12669.490000000002,92.7613234277288,
17230.0,3020062.46,1085599.87,-10490.5,-10159.84,-10325.7,-10370.46,-10435.46,-10466.46,-10629.46,12669.490000000002,96.93202007529275,
17231.0,3020061.97,1085600.74,-10490.48,-10159.82,-10325.68,-10370.44,-10435.44,-10466.44,-10629.44,12669.490000000002,96.27183442505022,
17232.0,3020061.48,1085601.61,-10490.46,-10159.8,-10325.66,-10370.42,-10435.42,-10466.42,-10629.42,12669.490000000002,93.4110299406659,
17233.0,3020060.99,1085602.49,-10490.44,-10159.78,-10325.64,-10370.4,-10435.4,-10466.4,-10629.4,12669.490000000002,93.20144719455716,
17234.0,3020060.5,1085603.36,-10490.42,-10159.75,-10325.61,-10370.37,-10435.37,-10466.37,-10629.37,12669.490000000002,99.13263890943452,
17235.0,3020060.01,1085604.23,-10490.4,-10159.73,-10325.59,-10370.35,-10435.35,-10466.35,-10629.35,12669.490000000002,101.54284048968506,
17236.0,3020059.52,1085605.1,-10490.38,-10159.71,-10325.57,-10370.33,-10435.33,-10466.33,-10629.33,12669.490000000002,100.88265483944252,
17237.0,3020059.03,1085605.97,-10490.35,-10159.69,-10325.55,-10370.31,-10435.31,-10466.31,-10629.31,12669.490000000002,95.83171065822188,
17238.0,3020058.54,1085606.85,-10490.33,-10159.67,-10325.53,-10370.29,-10435.29,-10466.29,-10629.29,12669.490000000002,95.2763163810337,
17239.0,3020058.06,1085607.72,-10490.31,-10159.65,-10325.51,-10370.27,-10435.27,-10466.27,-10629.27,12669.490000000002,94.84667175151078,
17240.0,3020057.57,1085608.59,-10490.29,-10159.63,-10325.49,-10370.25,-10435.25,-10466.25,-10629.25,12669.490000000002,98.40957843535936,
17241.0,3020057.08,1085609.47,-10490.27,-10159.61,-10325.47,-10370.23,-10435.23,-10466.23,-10629.23,12669.490000000002,99.1221597721291,
17242.0,3020056.6,1085610.34,-10490.25,-10159.58,-10325.44,-10370.2,-10435.2,-10466.2,-10629.2,12669.490000000002,94.07121559090842,
17243.0,3020056.11,1085611.21,-10490.23,-10159.56,-10325.42,-10370.18,-10435.18,-10466.18,-10629.18,12669.490000000002,90.56070459358702,
17244.0,3020055.62,1085612.09,-10490.21,-10159.54,-10325.4,-10370.16,-10435.16,-10466.16,-10629.16,12669.490000000002,92.53078240700918,
17245.0,3020055.14,1085612.96,-10490.18,-10159.52,-10325.38,-10370.14,-10435.14,-10466.14,-10629.14,12669.490000000002,94.07121559090842,
17246.0,3020054.65,1085613.83,-10490.16,-10159.5,-10325.36,-10370.12,-10435.12,-10466.12,-10629.12,12669.490000000002,95.3915868913935,
17247.0,3020054.17,1085614.71,-10490.14,-10159.48,-10325.34,-10370.1,-10435.1,-10466.1,-10629.1,12669.490000000002,,
17248.0,3020053.68,1085615.58,-10490.12,-10159.46,-10325.32,-10370.08,-10435.08,-10466.08,-10629.08,12669.490000000002,93.42150907797134,
17249.0,3020053.2,1085616.46,-10490.1,-10159.44,-10325.3,-10370.06,-10435.06,-10466.06,-10629.06,12669.490000000002,90.13105996406412,
17250.0,3020052.72,1085617.33,-10490.08,-10159.41,-10325.27,-10370.03,-10435.03,-10466.03,-10629.03,12669.490000000002,91.22089024382956,
17251.0,3020052.23,1085618.21,-10490.05,-10159.39,-10325.25,-10370.01,-10435.01,-10466.01,-10629.01,12669.490000000002,95.62212791211311,
17252.0,3020051.75,1085619.08,-10490.03,-10159.37,-10325.23,-10369.99,-10434.99,-10465.99,-10628.99,12669.490000000002,,
17253.0,3020051.27,1085619.96,-10490.01,-10159.35,-10325.21,-10369.97,-10434.97,-10465.97,-10628.97,12669.490000000002,,
17254.0,3020050.79,1085620.84,-10489.99,-10159.33,-10325.19,-10369.95,-10434.95,-10465.95,-10628.95,12669.490000000002,,
17255.0,3020050.3,1085621.71,-10489.97,-10159.31,-10325.17,-10369.93,-10434.93,-10465.93,-10628.93,12669.490000000002,91.22089024382956,
17256.0,3020049.82,1085622.59,-10489.94,-10159.29,-10325.15,-10369.91,-10434.91,-10465.91,-10628.91,12669.490000000002,88.37056489675068,
17257.0,3020049.34,1085623.46,-10489.92,-10159.27,-10325.13,-10369.89,-10434.89,-10465.89,-10628.89,12669.490000000002,,
17258.0,3020048.86,1085624.34,-10489.9,-10159.24,-10325.1,-10369.86,-10434.86,-10465.86,-10628.86,12669.490000000002,97.3721438421211,
17259.0,3020048.38,1085625.22,-10489.88,-10159.22,-10325.08,-10369.84,-10434.84,-10465.84,-10628.84,12669.48,92.38407448473306,
17260.0,3020047.9,1085626.1,-10489.86,-10159.2,-10325.06,-10369.82,-10434.82,-10465.82,-10628.82,12669.48,87.06067273357104,
17261.0,3020047.42,1085626.97,-10489.83,-10159.18,-10325.04,-10369.8,-10434.8,-10465.8,-10628.8,12669.48,87.55319218692658,
17262.0,3020046.94,1085627.85,-10489.81,-10159.16,-10325.02,-10369.78,-10434.78,-10465.78,-10628.78,12669.48,91.44095212724372,
17263.0,3020046.47,1085628.73,-10489.79,-10159.14,-10325.0,-10369.76,-10434.76,-10465.76,-10628.76,12669.48,91.00082836041538,
17264.0,3020045.99,1085629.61,-10489.77,-10159.12,-10324.98,-10369.74,-10434.74,-10465.74,-10628.74,12669.48,90.12058082675868,
17265.0,3020045.51,1085630.48,-10489.75,-10159.1,-10324.96,-10369.72,-10434.72,-10465.72,-10628.72,12669.48,93.42150907797134,
17266.0,3020045.03,1085631.36,-10489.72,-10159.07,-10324.93,-10369.69,-10434.69,-10465.69,-10628.69,12669.48,94.07121559090842,
17267.0,3020044.56,1085632.24,-10489.7,-10159.05,-10324.91,-10369.67,-10434.67,-10465.67,-10628.67,12669.48,96.05177254163604,
17268.0,3020044.08,1085633.12,-10489.68,-10159.03,-10324.89,-10369.65,-10434.65,-10465.65,-10628.65,12669.48,100.21199005189456,
17269.0,3020043.6,1085634.0,-10489.66,-10159.01,-10324.87,-10369.63,-10434.63,-10465.63,-10628.63,12669.47,99.78234542237163,
17270.0,3020043.13,1085634.88,-10489.63,-10158.99,-10324.85,-10369.61,-10434.61,-10465.61,-10628.61,12669.47,96.4918963084644,
17271.0,3020042.65,1085635.76,-10489.61,-10158.97,-10324.83,-10369.59,-10434.59,-10465.59,-10628.59,12669.47,98.46197412188656,
17272.0,3020042.18,1085636.64,-10489.59,-10158.95,-10324.81,-10369.57,-10434.57,-10465.57,-10628.57,12669.47,98.0218503550582,
17273.0,3020041.7,1085637.52,-10489.57,-10158.93,-10324.79,-10369.55,-10434.55,-10465.55,-10628.55,12669.47,96.27183442505022,
17274.0,3020041.23,1085638.4,-10489.54,-10158.9,-10324.76,-10369.52,-10434.52,-10465.52,-10628.52,12669.47,94.95146312456517,
17275.0,3020040.75,1085639.28,-10489.52,-10158.88,-10324.74,-10369.5,-10434.5,-10465.5,-10628.5,12669.47,,
17276.0,3020040.28,1085640.16,-10489.5,-10158.86,-10324.72,-10369.48,-10434.48,-10465.48,-10628.48,12669.47,91.66101401065792,
17277.0,3020039.81,1085641.04,-10489.47,-10158.84,-10324.7,-10369.46,-10434.46,-10465.46,-10628.46,12669.46,90.56070459358702,
17278.0,3020039.33,1085641.92,-10489.45,-10158.82,-10324.68,-10369.44,-10434.44,-10465.44,-10628.44,12669.46,90.34064271017284,
17279.0,3020038.86,1085642.8,-10489.43,-10158.8,-10324.66,-10369.42,-10434.42,-10465.42,-10628.42,12669.46,92.54126154431462,
17280.0,3020038.39,1085643.68,-10489.41,-10158.78,-10324.64,-10369.4,-10434.4,-10465.4,-10628.4,12669.46,,
17281.0,3020037.92,1085644.56,-10489.38,-10158.76,-10324.62,-10369.38,-10434.38,-10465.38,-10628.38,12669.46,85.96036331650015,
17282.0,3020037.45,1085645.45,-10489.36,-10158.73,-10324.59,-10369.35,-10434.35,-10465.35,-10628.35,12669.46,84.48280495643354,
17283.0,3020036.98,1085646.33,-10489.34,-10158.71,-10324.57,-10369.33,-10434.33,-10465.33,-10628.33,12669.45,87.43792167656677,
17284.0,3020036.51,1085647.21,-10489.31,-10158.69,-10324.55,-10369.31,-10434.31,-10465.31,-10628.31,12669.45,89.74333188376293,
17285.0,3020036.04,1085648.09,-10489.29,-10158.67,-10324.53,-10369.29,-10434.29,-10465.29,-10628.29,12669.45,95.3915868913935,
17286.0,3020035.57,1085648.97,-10489.27,-10158.65,-10324.51,-10369.27,-10434.27,-10465.27,-10628.27,12669.45,93.8616328447997,
17287.0,3020035.1,1085649.86,-10489.25,-10158.63,-10324.49,-10369.25,-10434.25,-10465.25,-10628.25,12669.45,90.56070459358702,
17288.0,3020034.63,1085650.74,-10489.22,-10158.61,-10324.47,-10369.23,-10434.23,-10465.23,-10628.23,12669.44,92.54126154431462,
17289.0,3020034.16,1085651.62,-10489.2,-10158.59,-10324.45,-10369.21,-10434.21,-10465.21,-10628.21,12669.44,95.61164877480768,
17290.0,3020033.69,1085652.51,-10489.18,-10158.56,-10324.42,-10369.18,-10434.18,-10465.18,-10628.18,12669.44,95.83171065822188,
17291.0,3020033.22,1085653.39,-10489.15,-10158.54,-10324.4,-10369.16,-10434.16,-10465.16,-10628.16,12669.44,97.5922057255353,
17292.0,3020032.76,1085654.27,-10489.13,-10158.52,-10324.38,-10369.14,-10434.14,-10465.14,-10628.14,12669.44,96.27183442505022,
17293.0,3020032.29,1085655.16,-10489.11,-10158.5,-10324.36,-10369.12,-10434.12,-10465.12,-10628.12,12669.43,92.53078240700918,
17294.0,3020031.82,1085656.04,-10489.08,-10158.48,-10324.34,-10369.1,-10434.1,-10465.1,-10628.1,12669.43,89.6804570599303,
17295.0,3020031.36,1085656.93,-10489.06,-10158.46,-10324.32,-10369.08,-10434.08,-10465.08,-10628.08,12669.43,90.12058082675868,
17296.0,3020030.89,1085657.81,-10489.03,-10158.44,-10324.3,-10369.06,-10434.06,-10465.06,-10628.06,12669.43,92.54126154431462,
17297.0,3020030.43,1085658.7,-10489.01,-10158.42,-10324.28,-10369.04,-10434.04,-10465.04,-10628.04,12669.43,91.22089024382956,
17298.0,3020029.96,1085659.58,-10488.99,-10158.39,-10324.25,-10369.01,-10434.01,-10465.01,-10628.01,12669.42,89.6804570599303,
17299.0,3020029.5,1085660.47,-10488.96,-10158.37,-10324.23,-10368.99,-10433.99,-10464.99,-10627.99,12669.42,91.66101401065792,
17300.0,3020029.03,1085661.35,-10488.94,-10158.35,-10324.21,-10368.97,-10433.97,-10464.97,-10627.97,12669.42,95.83171065822188,
17301.0,3020028.57,1085662.24,-10488.92,-10158.33,-10324.19,-10368.95,-10433.95,-10464.95,-10627.95,12669.42,99.56228353895746,
17302.0,3020028.11,1085663.12,-10488.89,-10158.31,-10324.17,-10368.93,-10433.93,-10464.93,-10627.93,12669.41,102.85273265286467,
17303.0,3020027.64,1085664.01,-10488.87,-10158.29,-10324.15,-10368.91,-10433.91,-10464.91,-10627.91,12669.41,101.54284048968506,
17304.0,3020027.18,1085664.9,-10488.85,-10158.27,-10324.13,-10368.89,-10433.89,-10464.89,-10627.89,12669.41,96.4918963084644,
17305.0,3020026.72,1085665.78,-10488.82,-10158.25,-10324.11,-10368.87,-10433.87,-10464.87,-10627.87,12669.41,94.95146312456517,
17306.0,3020026.26,1085666.67,-10488.8,-10158.22,-10324.08,-10368.84,-10433.84,-10464.84,-10627.84,12669.4,,
17307.0,3020025.79,1085667.56,-10488.77,-10158.2,-10324.06,-10368.82,-10433.82,-10464.82,-10627.82,12669.4,94.5113393577368,
17308.0,3020025.33,1085668.44,-10488.75,-10158.18,-10324.04,-10368.8,-10433.8,-10464.8,-10627.8,12669.4,90.7807664770012,
17309.0,3020024.87,1085669.33,-10488.73,-10158.16,-10324.02,-10368.78,-10433.78,-10464.78,-10627.78,12669.4,91.00082836041538,
17310.0,3020024.4,1085670.21,-10488.7,-10158.14,-10324.0,-10368.76,-10433.76,-10464.76,-10627.76,12669.39,93.05473927228104,
17311.0,3020023.94,1085671.1,-10488.68,-10158.12,-10323.98,-10368.74,-10433.74,-10464.74,-10627.74,12669.39,93.4110299406659,
17312.0,3020023.47,1085671.98,-10488.66,-10158.1,-10323.96,-10368.72,-10433.72,-10464.72,-10627.72,12669.39,89.02027140968778,
17313.0,3020023.01,1085672.87,-10488.63,-10158.08,-10323.94,-10368.7,-10433.7,-10464.7,-10627.7,12669.39,86.72534033979707,
17314.0,3020022.54,1085673.75,-10488.61,-10158.05,-10323.91,-10368.67,-10433.67,-10464.67,-10627.67,12669.38,91.00082836041538,
17315.0,3020022.08,1085674.64,-10488.59,-10158.03,-10323.89,-10368.65,-10433.65,-10464.65,-10627.65,12669.38,92.75084429042336,
17316.0,3020021.61,1085675.52,-10488.56,-10158.01,-10323.87,-10368.63,-10433.63,-10464.63,-10627.63,12669.38,93.42150907797134,
17317.0,3020021.14,1085676.4,-10488.54,-10157.99,-10323.85,-10368.61,-10433.61,-10464.61,-10627.61,12669.38,90.7807664770012,
17318.0,3020020.67,1085677.29,-10488.52,-10157.97,-10323.83,-10368.59,-10433.59,-10464.59,-10627.59,12669.38,91.44095212724372,
17319.0,3020020.2,1085678.17,-10488.49,-10157.95,-10323.81,-10368.57,-10433.57,-10464.57,-10627.57,12669.38,93.85115370749426,
17320.0,3020019.73,1085679.05,-10488.47,-10157.93,-10323.79,-10368.55,-10433.55,-10464.55,-10627.55,12669.37,94.95146312456517,
17321.0,3020019.26,1085679.93,-10488.45,-10157.91,-10323.77,-10368.53,-10433.53,-10464.53,-10627.53,12669.37,92.310720523595,
17322.0,3020018.79,1085680.81,-10488.42,-10157.88,-10323.74,-10368.5,-10433.5,-10464.5,-10627.5,12669.37,91.16849455730237,
17323.0,3020018.31,1085681.69,-10488.4,-10157.86,-10323.72,-10368.48,-10433.48,-10464.48,-10627.48,12669.37,87.71037924650814,
17324.0,3020017.84,1085682.58,-10488.38,-10157.84,-10323.7,-10368.46,-10433.46,-10464.46,-10627.46,12669.37,89.03075054699322,
17325.0,3020017.37,1085683.46,-10488.36,-10157.82,-10323.68,-10368.44,-10433.44,-10464.44,-10627.44,12669.36,91.77628452101771,
17326.0,3020016.89,1085684.34,-10488.33,-10157.8,-10323.66,-10368.42,-10433.42,-10464.42,-10627.42,12669.36,91.33616075418936,
17327.0,3020016.42,1085685.22,-10488.31,-10157.78,-10323.64,-10368.4,-10433.4,-10464.4,-10627.4,12669.36,90.45591322053266,
17328.0,3020015.94,1085686.09,-10488.29,-10157.76,-10323.62,-10368.38,-10433.38,-10464.38,-10627.38,12669.36,94.5113393577368,
17329.0,3020015.47,1085686.97,-10488.26,-10157.74,-10323.6,-10368.36,-10433.36,-10464.36,-10627.36,12669.36,94.02929904168668,
17330.0,3020014.99,1085687.85,-10488.24,-10157.71,-10323.57,-10368.33,-10433.33,-10464.33,-10627.33,12669.36,88.4334397205833,
17331.0,3020014.51,1085688.73,-10488.22,-10157.69,-10323.55,-10368.31,-10433.31,-10464.31,-10627.31,12669.36,85.08011578284344,
17332.0,3020014.03,1085689.61,-10488.2,-10157.67,-10323.53,-10368.29,-10433.29,-10464.29,-10627.29,12669.36,90.0157894537043,
17333.0,3020013.55,1085690.49,-10488.18,-10157.65,-10323.51,-10368.27,-10433.27,-10464.27,-10627.27,12669.36,92.981385311143,
17334.0,3020013.07,1085691.36,-10488.15,-10157.63,-10323.49,-10368.25,-10433.25,-10464.25,-10627.25,12669.35,91.44095212724372,
17335.0,3020012.59,1085692.24,-10488.13,-10157.61,-10323.47,-10368.23,-10433.23,-10464.23,-10627.23,12669.35,93.19096805725172,
17336.0,3020012.11,1085693.12,-10488.11,-10157.59,-10323.45,-10368.21,-10433.21,-10464.21,-10627.21,12669.35,92.32119966090046,
17337.0,3020011.63,1085693.99,-10488.09,-10157.57,-10323.43,-10368.19,-10433.19,-10464.19,-10627.19,12669.35,92.7613234277288,
17338.0,3020011.15,1085694.87,-10488.07,-10157.54,-10323.4,-10368.16,-10433.16,-10464.16,-10627.16,12669.35,90.9484326738882,
17339.0,3020010.67,1085695.74,-10488.04,-10157.52,-10323.38,-10368.14,-10433.14,-10464.14,-10627.14,12669.35,90.45591322053266,
17340.0,3020010.18,1085696.62,-10488.02,-10157.5,-10323.36,-10368.12,-10433.12,-10464.12,-10627.12,12669.35,91.55622263760354,
17341.0,3020009.7,1085697.49,-10488.0,-10157.48,-10323.34,-10368.1,-10433.1,-10464.1,-10627.1,12669.35,94.7418803784564,
17342.0,3020009.21,1085698.37,-10487.98,-10157.46,-10323.32,-10368.08,-10433.08,-10464.08,-10627.08,12669.35,94.08169472821388,
17343.0,3020008.73,1085699.24,-10487.96,-10157.44,-10323.3,-10368.06,-10433.06,-10464.06,-10627.06,12669.35,,
17344.0,3020008.24,1085700.11,-10487.94,-10157.42,-10323.28,-10368.04,-10433.04,-10464.04,-10627.04,12669.35,95.3915868913935,
17345.0,3020007.75,1085700.99,-10487.91,-10157.4,-10323.26,-10368.02,-10433.02,-10464.02,-10627.02,12669.35,93.63109182408007,
17346.0,3020007.27,1085701.86,-10487.89,-10157.37,-10323.23,-10367.99,-10432.99,-10463.99,-10626.99,12669.35,,
17347.0,3020006.78,1085702.73,-10487.87,-10157.35,-10323.21,-10367.97,-10432.97,-10463.97,-10626.97,12669.35,95.3915868913935,
17348.0,3020006.29,1085703.61,-10487.85,-10157.33,-10323.19,-10367.95,-10432.95,-10463.95,-10626.95,12669.35,92.97090617383756,
17349.0,3020005.8,1085704.48,-10487.83,-10157.31,-10323.17,-10367.93,-10432.93,-10463.93,-10626.93,12669.35,88.37056489675068,
17350.0,3020005.31,1085705.35,-10487.81,-10157.29,-10323.15,-10367.91,-10432.91,-10463.91,-10626.91,12669.35,89.02027140968778,
17351.0,3020004.82,1085706.22,-10487.79,-10157.27,-10323.13,-10367.89,-10432.89,-10463.89,-10626.89,12669.35,90.06818514023148,
17352.0,3020004.33,1085707.09,-10487.77,-10157.25,-10323.11,-10367.87,-10432.87,-10463.87,-10626.87,12669.35,89.13554192004759,
17353.0,3020003.84,1085707.96,-10487.75,-10157.23,-10323.09,-10367.85,-10432.85,-10463.85,-10626.85,12669.35,90.896036987361,
17354.0,3020003.34,1085708.83,-10487.72,-10157.2,-10323.06,-10367.82,-10432.82,-10463.82,-10626.82,12669.35,93.85115370749426,
17355.0,3020002.85,1085709.7,-10487.7,-10157.18,-10323.04,-10367.8,-10432.8,-10463.8,-10626.8,12669.35,94.5113393577368,
17356.0,3020002.36,1085710.57,-10487.68,-10157.16,-10323.02,-10367.78,-10432.78,-10463.78,-10626.78,12669.35,94.95146312456517,
17357.0,3020001.86,1085711.44,-10487.66,-10157.14,-10323.0,-10367.76,-10432.76,-10463.76,-10626.76,12669.35,91.66101401065792,
17358.0,3020001.37,1085712.31,-10487.64,-10157.12,-10322.98,-10367.74,-10432.74,-10463.74,-10626.74,12669.35,87.71037924650814,
17359.0,3020000.87,1085713.18,-10487.62,-10157.1,-10322.96,-10367.72,-10432.72,-10463.72,-10626.72,12669.35,,
17360.0,3020000.37,1085714.04,-10487.6,-10157.08,-10322.94,-10367.7,-10432.7,-10463.7,-10626.7,12669.36,90.34064271017284,
17361.0,3019999.88,1085714.91,-10487.58,-10157.06,-10322.92,-10367.68,-10432.68,-10463.68,-10626.68,12669.36,92.310720523595,
17362.0,3019999.38,1085715.78,-10487.56,-10157.03,-10322.89,-10367.65,-10432.65,-10463.65,-10626.65,12669.36,,
17363.0,3019998.88,1085716.64,-10487.54,-10157.01,-10322.87,-10367.63,-10432.63,-10463.63,-10626.63,12669.36,93.85115370749426,
17364.0,3019998.38,1085717.51,-10487.52,-10156.99,-10322.85,-10367.61,-10432.61,-10463.61,-10626.61,12669.36,99.99192816848036,
17365.0,3019997.88,1085718.38,-10487.5,-10156.97,-10322.83,-10367.59,-10432.59,-10463.59,-10626.59,12669.36,101.53236135237962,
17366.0,3019997.38,1085719.24,-10487.48,-10156.95,-10322.81,-10367.57,-10432.57,-10463.57,-10626.57,12669.36,,
17367.0,3019996.88,1085720.11,-10487.46,-10156.93,-10322.79,-10367.55,-10432.55,-10463.55,-10626.55,12669.36,92.310720523595,
17368.0,3019996.38,1085720.97,-10487.44,-10156.91,-10322.77,-10367.53,-10432.53,-10463.53,-10626.53,12669.36,,
17369.0,3019995.88,1085721.84,-10487.42,-10156.89,-10322.75,-10367.51,-10432.51,-10463.51,-10626.51,12669.37,93.63109182408007,
17370.0,3019995.37,1085722.7,-10487.4,-10156.86,-10322.72,-10367.48,-10432.48,-10463.48,-10626.48,12669.37,95.3915868913935,
17371.0,3019994.87,1085723.56,-10487.38,-10156.84,-10322.7,-10367.46,-10432.46,-10463.46,-10626.46,12669.37,91.94395071790473,
17372.0,3019994.37,1085724.43,-10487.36,-10156.82,-10322.68,-10367.44,-10432.44,-10463.44,-10626.44,12669.37,85.58311437350442,
17373.0,3019993.86,1085725.29,-10487.34,-10156.8,-10322.66,-10367.42,-10432.42,-10463.42,-10626.42,12669.37,80.80462776222512,
17374.0,3019993.36,1085726.15,-10487.32,-10156.78,-10322.64,-10367.4,-10432.4,-10463.4,-10626.4,12669.37,82.28218612229175,
17375.0,3019992.85,1085727.02,-10487.3,-10156.76,-10322.62,-10367.38,-10432.38,-10463.38,-10626.38,12669.37,84.25226393571393,
17376.0,3019992.34,1085727.88,-10487.28,-10156.74,-10322.6,-10367.36,-10432.36,-10463.36,-10626.36,12669.37,,
17377.0,3019991.84,1085728.74,-10487.26,-10156.72,-10322.58,-10367.34,-10432.34,-10463.34,-10626.34,12669.37,82.28218612229175,
17378.0,3019991.33,1085729.6,-10487.24,-10156.7,-10322.56,-10367.32,-10432.32,-10463.32,-10626.32,12669.37,84.26274307301935,
17379.0,3019990.82,1085730.46,-10487.22,-10156.68,-10322.54,-10367.3,-10432.3,-10463.3,-10626.3,12669.37,89.74333188376293,
17380.0,3019990.31,1085731.32,-10487.21,-10156.66,-10322.52,-10367.28,-10432.28,-10463.28,-10626.28,12669.37,96.70147905457314,
17381.0,3019989.8,1085732.18,-10487.19,-10156.64,-10322.5,-10367.26,-10432.26,-10463.26,-10626.26,12669.37,100.22246918919998,
17382.0,3019989.29,1085733.04,-10487.17,-10156.62,-10322.48,-10367.24,-10432.24,-10463.24,-10626.24,12669.37,98.46197412188656,
17383.0,3019988.78,1085733.9,-10487.15,-10156.61,-10322.47,-10367.23,-10432.23,-10463.23,-10626.23,12669.37,94.95146312456517,
17384.0,3019988.27,1085734.76,-10487.13,-10156.59,-10322.45,-10367.21,-10432.21,-10463.21,-10626.21,12669.37,92.310720523595,
17385.0,3019987.75,1085735.62,-10487.11,-10156.57,-10322.43,-10367.19,-10432.19,-10463.19,-10626.19,12669.37,,
17386.0,3019987.24,1085736.48,-10487.09,-10156.55,-10322.41,-10367.17,-10432.17,-10463.17,-10626.17,12669.37,,
17387.0,3019986.73,1085737.33,-10487.07,-10156.53,-10322.39,-10367.15,-10432.15,-10463.15,-10626.15,12669.37,,
17388.0,3019986.21,1085738.19,-10487.05,-10156.51,-10322.37,-10367.13,-10432.13,-10463.13,-10626.13,12669.37,,
17389.0,3019985.7,1085739.05,-10487.04,-10156.49,-10322.35,-10367.11,-10432.11,-10463.11,-10626.11,12669.38,92.75084429042336,
17390.0,3019985.18,1085739.9,-10487.02,-10156.47,-10322.33,-10367.09,-10432.09,-10463.09,-10626.09,12669.38,,
17391.0,3019984.66,1085740.76,-10487.0,-10156.45,-10322.31,-10367.07,-10432.07,-10463.07,-10626.07,12669.38,96.27183442505022,
17392.0,3019984.15,1085741.62,-10486.98,-10156.43,-10322.29,-10367.05,-10432.05,-10463.05,-10626.05,12669.38,100.0024073057858,
17393.0,3019983.63,1085742.47,-10486.96,-10156.42,-10322.28,-10367.04,-10432.04,-10463.04,-10626.04,12669.38,104.38268669945847,
17394.0,3019983.11,1085743.33,-10486.94,-10156.4,-10322.26,-10367.02,-10432.02,-10463.02,-10626.02,12669.38,107.67313581336572,
17395.0,3019982.59,1085744.18,-10486.93,-10156.38,-10322.24,-10367.0,-10432.0,-10463.0,-10626.0,12669.38,,
17396.0,3019982.07,1085745.03,-10486.91,-10156.36,-10322.22,-10366.98,-10431.98,-10462.98,-10625.98,12669.38,105.70305799994355,
17397.0,3019981.55,1085745.89,-10486.89,-10156.34,-10322.2,-10366.96,-10431.96,-10462.96,-10625.96,12669.38,103.07279453627886,
17398.0,3019981.03,1085746.74,-10486.87,-10156.32,-10322.18,-10366.94,-10431.94,-10462.94,-10625.94,12669.38,101.09223758555126,
17399.0,3019980.51,1085747.6,-10486.85,-10156.3,-10322.16,-10366.92,-10431.92,-10462.92,-10625.92,12669.38,,
17400.0,3019979.99,1085748.45,-10486.84,-10156.28,-10322.14,-10366.9,-10431.9,-10462.9,-10625.9,12669.38,103.07279453627886,
17401.0,3019979.47,1085749.3,-10486.82,-10156.26,-10322.12,-10366.88,-10431.88,-10462.88,-10625.88,12669.39,105.70305799994355,
17402.0,3019978.94,1085750.15,-10486.8,-10156.24,-10322.1,-10366.86,-10431.86,-10462.86,-10625.86,12669.39,107.67313581336572,
17403.0,3019978.42,1085751.01,-10486.78,-10156.23,-10322.09,-10366.85,-10431.85,-10462.85,-10625.85,12669.39,106.58330553360028,
17404.0,3019977.9,1085751.86,-10486.77,-10156.21,-10322.07,-10366.83,-10431.83,-10462.83,-10625.83,12669.39,,
17405.0,3019977.38,1085752.71,-10486.75,-10156.19,-10322.05,-10366.81,-10431.81,-10462.81,-10625.81,12669.39,97.3721438421211,
17406.0,3019976.85,1085753.56,-10486.73,-10156.17,-10322.03,-10366.79,-10431.79,-10462.79,-10625.79,12669.39,94.95146312456517,
17407.0,3019976.33,1085754.42,-10486.71,-10156.15,-10322.01,-10366.77,-10431.77,-10462.77,-10625.77,12669.39,,
17408.0,3019975.81,1085755.27,-10486.69,-10156.13,-10321.99,-10366.75,-10431.75,-10462.75,-10625.75,12669.39,,
17409.0,3019975.29,1085756.12,-10486.68,-10156.11,-10321.97,-10366.73,-10431.73,-10462.73,-10625.73,12669.39,,
17410.0,3019974.76,1085756.97,-10486.66,-10156.09,-10321.95,-10366.71,-10431.71,-10462.71,-10625.71,12669.39,95.3915868913935,
17411.0,3019974.24,1085757.82,-10486.64,-10156.07,-10321.93,-10366.69,-10431.69,-10462.69,-10625.69,12669.4,98.03232949236364,
17412.0,3019973.72,1085758.68,-10486.62,-10156.05,-10321.91,-10366.67,-10431.67,-10462.67,-10625.67,12669.4,98.90209788871492,
17413.0,3019973.19,1085759.53,-10486.6,-10156.04,-10321.9,-10366.66,-10431.66,-10462.66,-10625.66,12669.4,97.14160282140148,
17414.0,3019972.67,1085760.38,-10486.58,-10156.02,-10321.88,-10366.64,-10431.64,-10462.64,-10625.64,12669.4,94.95146312456517,
17415.0,3019972.15,1085761.23,-10486.57,-10156.0,-10321.86,-10366.62,-10431.62,-10462.62,-10625.62,12669.4,94.07121559090842,
17416.0,3019971.63,1085762.09,-10486.55,-10155.98,-10321.84,-10366.6,-10431.6,-10462.6,-10625.6,12669.4,92.75084429042336,
17417.0,3019971.1,1085762.94,-10486.53,-10155.96,-10321.82,-10366.58,-10431.58,-10462.58,-10625.58,12669.4,91.66101401065792,
17418.0,3019970.58,1085763.79,-10486.51,-10155.94,-10321.8,-10366.56,-10431.56,-10462.56,-10625.56,12669.4,89.02027140968778,
17419.0,3019970.06,1085764.64,-10486.49,-10155.92,-10321.78,-10366.54,-10431.54,-10462.54,-10625.54,12669.4,88.37056489675068,
17420.0,3019969.53,1085765.5,-10486.48,-10155.9,-10321.76,-10366.52,-10431.52,-10462.52,-10625.52,12669.4,,
17421.0,3019969.01,1085766.35,-10486.46,-10155.88,-10321.74,-10366.5,-10431.5,-10462.5,-10625.5,12669.4,92.310720523595,
17422.0,3019968.49,1085767.2,-10486.44,-10155.86,-10321.72,-10366.48,-10431.48,-10462.48,-10625.48,12669.4,90.34064271017284,
17423.0,3019967.97,1085768.05,-10486.42,-10155.85,-10321.71,-10366.47,-10431.47,-10462.47,-10625.47,12669.4,87.71037924650814,
17424.0,3019967.44,1085768.9,-10486.4,-10155.83,-10321.69,-10366.45,-10431.45,-10462.45,-10625.45,12669.4,89.03075054699322,
17425.0,3019966.92,1085769.76,-10486.38,-10155.81,-10321.67,-10366.43,-10431.43,-10462.43,-10625.43,12669.41,94.52181849504224,
17426.0,3019966.4,1085770.61,-10486.36,-10155.79,-10321.65,-10366.41,-10431.41,-10462.41,-10625.41,12669.41,102.19254700262216,
17427.0,3019965.87,1085771.46,-10486.35,-10155.77,-10321.63,-10366.39,-10431.39,-10462.39,-10625.39,12669.41,101.97248511920796,
17428.0,3019965.35,1085772.31,-10486.33,-10155.75,-10321.61,-10366.37,-10431.37,-10462.37,-10625.37,12669.41,99.56228353895746,
17429.0,3019964.83,1085773.16,-10486.31,-10155.73,-10321.59,-10366.35,-10431.35,-10462.35,-10625.35,12669.41,97.58172658822986,
17430.0,3019964.3,1085774.02,-10486.29,-10155.71,-10321.57,-10366.33,-10431.33,-10462.33,-10625.33,12669.41,96.70147905457314,
17431.0,3019963.78,1085774.87,-10486.27,-10155.69,-10321.55,-10366.31,-10431.31,-10462.31,-10625.31,12669.41,93.19096805725172,
17432.0,3019963.26,1085775.72,-10486.25,-10155.67,-10321.53,-10366.29,-10431.29,-10462.29,-10625.29,12669.41,92.310720523595,
17433.0,3019962.74,1085776.57,-10486.23,-10155.66,-10321.52,-10366.28,-10431.28,-10462.28,-10625.28,12669.41,91.66101401065792,
17434.0,3019962.21,1085777.42,-10486.22,-10155.64,-10321.5,-10366.26,-10431.26,-10462.26,-10625.26,12669.41,,
17435.0,3019961.69,1085778.28,-10486.2,-10155.62,-10321.48,-10366.24,-10431.24,-10462.24,-10625.24,12669.41,86.39000794602308,
17436.0,3019961.17,1085779.13,-10486.18,-10155.6,-10321.46,-10366.22,-10431.22,-10462.22,-10625.22,12669.41,84.25226393571393,
17437.0,3019960.64,1085779.98,-10486.16,-10155.58,-10321.44,-10366.2,-10431.2,-10462.2,-10625.2,12669.41,85.74030143308599,
17438.0,3019960.12,1085780.83,-10486.14,-10155.56,-10321.42,-10366.18,-10431.18,-10462.18,-10625.18,12669.41,,
17439.0,3019959.6,1085781.68,-10486.12,-10155.54,-10321.4,-10366.16,-10431.16,-10462.16,-10625.16,12669.41,92.310720523595,
17440.0,3019959.07,1085782.54,-10486.1,-10155.52,-10321.38,-10366.14,-10431.14,-10462.14,-10625.14,12669.41,,
17441.0,3019958.55,1085783.39,-10486.08,-10155.5,-10321.36,-10366.12,-10431.12,-10462.12,-10625.12,12669.41,93.63109182408007,
17442.0,3019958.03,1085784.24,-10486.06,-10155.48,-10321.34,-10366.1,-10431.1,-10462.1,-10625.1,12669.41,94.07121559090842,
17443.0,3019957.5,1085785.09,-10486.05,-10155.47,-10321.33,-10366.09,-10431.09,-10462.09,-10625.09,12669.41,96.27183442505022,
17444.0,3019956.98,1085785.94,-10486.03,-10155.45,-10321.31,-10366.07,-10431.07,-10462.07,-10625.07,12669.41,98.0218503550582,
17445.0,3019956.46,1085786.8,-10486.01,-10155.43,-10321.29,-10366.05,-10431.05,-10462.05,-10625.05,12669.41,98.90209788871492,
17446.0,3019955.93,1085787.65,-10485.99,-10155.41,-10321.27,-10366.03,-10431.03,-10462.03,-10625.03,12669.41,98.472453259192,
17447.0,3019955.41,1085788.5,-10485.97,-10155.39,-10321.25,-10366.01,-10431.01,-10462.01,-10625.01,12669.41,,
17448.0,3019954.88,1085789.35,-10485.95,-10155.37,-10321.23,-10365.99,-10430.99,-10461.99,-10624.99,12669.41,96.93202007529275,
17449.0,3019954.36,1085790.2,-10485.93,-10155.35,-10321.21,-10365.97,-10430.97,-10461.97,-10624.97,12669.41,91.22089024382956,
17450.0,3019953.84,1085791.05,-10485.91,-10155.33,-10321.19,-10365.95,-10430.95,-10461.95,-10624.95,12669.41,88.81068866357903,
17451.0,3019953.31,1085791.91,-10485.89,-10155.31,-10321.17,-10365.93,-10430.93,-10461.93,-10624.93,12669.41,90.34064271017284,
17452.0,3019952.79,1085792.76,-10485.87,-10155.29,-10321.15,-10365.91,-10430.91,-10461.91,-10624.91,12669.41,92.310720523595,
17453.0,3019952.27,1085793.61,-10485.85,-10155.28,-10321.14,-10365.9,-10430.9,-10461.9,-10624.9,12669.41,,
17454.0,3019951.74,1085794.46,-10485.83,-10155.26,-10321.12,-10365.88,-10430.88,-10461.88,-10624.88,12669.41,,
17455.0,3019951.22,1085795.31,-10485.82,-10155.24,-10321.1,-10365.86,-10430.86,-10461.86,-10624.86,12669.41,94.30175661162806,
17456.0,3019950.7,1085796.16,-10485.8,-10155.22,-10321.08,-10365.84,-10430.84,-10461.84,-10624.84,12669.41,91.22089024382956,
17457.0,3019950.17,1085797.02,-10485.78,-10155.2,-10321.06,-10365.82,-10430.82,-10461.82,-10624.82,12669.41,88.81068866357903,
17458.0,3019949.65,1085797.87,-10485.76,-10155.18,-10321.04,-10365.8,-10430.8,-10461.8,-10624.8,12669.41,91.66101401065792,
17459.0,3019949.12,1085798.72,-10485.74,-10155.16,-10321.02,-10365.78,-10430.78,-10461.78,-10624.78,12669.41,94.95146312456517,
17460.0,3019948.6,1085799.57,-10485.72,-10155.14,-10321.0,-10365.76,-10430.76,-10461.76,-10624.76,12669.41,94.5113393577368,
17461.0,3019948.08,1085800.42,-10485.7,-10155.12,-10320.98,-10365.74,-10430.74,-10461.74,-10624.74,12669.4,90.7807664770012,
17462.0,3019947.55,1085801.27,-10485.68,-10155.1,-10320.96,-10365.72,-10430.72,-10461.72,-10624.72,12669.4,84.25226393571393,
17463.0,3019947.03,1085802.13,-10485.66,-10155.09,-10320.95,-10365.71,-10430.71,-10461.71,-10624.71,12669.4,79.92438022856841,
17464.0,3019946.51,1085802.98,-10485.64,-10155.07,-10320.93,-10365.69,-10430.69,-10461.69,-10624.69,12669.4,83.87501499271819,
17465.0,3019945.98,1085803.83,-10485.62,-10155.05,-10320.91,-10365.67,-10430.67,-10461.67,-10624.67,12669.4,87.00827704704386,
17466.0,3019945.46,1085804.68,-10485.6,-10155.03,-10320.89,-10365.65,-10430.65,-10461.65,-10624.65,12669.4,84.36753444607373,
17467.0,3019944.93,1085805.53,-10485.58,-10155.01,-10320.87,-10365.63,-10430.63,-10461.63,-10624.63,12669.4,,
17468.0,3019944.41,1085806.38,-10485.56,-10154.99,-10320.85,-10365.61,-10430.61,-10461.61,-10624.61,12669.4,81.29714721558067,
17469.0,3019943.89,1085807.24,-10485.54,-10154.97,-10320.83,-10365.59,-10430.59,-10461.59,-10624.59,12669.4,81.9573328658232,
17470.0,3019943.36,1085808.09,-10485.52,-10154.95,-10320.81,-10365.57,-10430.57,-10461.57,-10624.57,12669.4,86.55767414291007,
17471.0,3019942.84,1085808.94,-10485.5,-10154.93,-10320.79,-10365.55,-10430.55,-10461.55,-10624.55,12669.4,90.50830890705984,
17472.0,3019942.31,1085809.79,-10485.48,-10154.91,-10320.77,-10365.53,-10430.53,-10461.53,-10624.53,12669.4,89.02027140968778,
17473.0,3019941.79,1085810.64,-10485.46,-10154.9,-10320.76,-10365.52,-10430.52,-10461.52,-10624.52,12669.4,89.69093619723574,
17474.0,3019941.26,1085811.49,-10485.44,-10154.88,-10320.74,-10365.5,-10430.5,-10461.5,-10624.5,12669.4,92.10113777748629,
17475.0,3019940.74,1085812.34,-10485.42,-10154.86,-10320.72,-10365.48,-10430.48,-10461.48,-10624.48,12669.4,94.95146312456517,
17476.0,3019940.22,1085813.2,-10485.4,-10154.84,-10320.7,-10365.46,-10430.46,-10461.46,-10624.46,12669.39,94.30175661162806,
17477.0,3019939.69,1085814.05,-10485.38,-10154.82,-10320.68,-10365.44,-10430.44,-10461.44,-10624.44,12669.39,91.8810758940721,
17478.0,3019939.17,1085814.9,-10485.36,-10154.8,-10320.66,-10365.42,-10430.42,-10461.42,-10624.42,12669.39,90.12058082675868,
17479.0,3019938.64,1085815.75,-10485.34,-10154.78,-10320.64,-10365.4,-10430.4,-10461.4,-10624.4,12669.39,92.10113777748629,
17480.0,3019938.12,1085816.6,-10485.32,-10154.76,-10320.62,-10365.38,-10430.38,-10461.38,-10624.38,12669.39,94.5113393577368,
17481.0,3019937.6,1085817.45,-10485.3,-10154.74,-10320.6,-10365.36,-10430.36,-10461.36,-10624.36,12669.39,95.83171065822188,
17482.0,3019937.07,1085818.3,-10485.28,-10154.72,-10320.58,-10365.34,-10430.34,-10461.34,-10624.34,12669.39,93.8616328447997,
17483.0,3019936.55,1085819.15,-10485.26,-10154.71,-10320.57,-10365.33,-10430.33,-10461.33,-10624.33,12669.39,89.46039517651613,
17484.0,3019936.02,1085820.01,-10485.24,-10154.69,-10320.55,-10365.31,-10430.31,-10461.31,-10624.31,12669.39,88.37056489675068,
17485.0,3019935.5,1085820.86,-10485.22,-10154.67,-10320.53,-10365.29,-10430.29,-10461.29,-10624.29,12669.39,,
17486.0,3019934.97,1085821.71,-10485.2,-10154.65,-10320.51,-10365.27,-10430.27,-10461.27,-10624.27,12669.38,92.310720523595,
17487.0,3019934.45,1085822.56,-10485.18,-10154.63,-10320.49,-10365.25,-10430.25,-10461.25,-10624.25,12669.38,,
17488.0,3019933.92,1085823.41,-10485.16,-10154.61,-10320.47,-10365.23,-10430.23,-10461.23,-10624.23,12669.38,88.86308435010622,
17489.0,3019933.4,1085824.26,-10485.14,-10154.59,-10320.45,-10365.21,-10430.21,-10461.21,-10624.21,12669.38,85.404969039312,
17490.0,3019932.88,1085825.11,-10485.12,-10154.57,-10320.43,-10365.19,-10430.19,-10461.19,-10624.19,12669.38,86.55767414291007,
17491.0,3019932.35,1085825.96,-10485.1,-10154.55,-10320.41,-10365.17,-10430.17,-10461.17,-10624.17,12669.38,91.16849455730237,
17492.0,3019931.83,1085826.82,-10485.08,-10154.53,-10320.39,-10365.15,-10430.15,-10461.15,-10624.15,12669.38,94.2912774743226,
17493.0,3019931.3,1085827.67,-10485.06,-10154.52,-10320.38,-10365.14,-10430.14,-10461.14,-10624.14,12669.37,99.56228353895746,
17494.0,3019930.78,1085828.52,-10485.04,-10154.5,-10320.36,-10365.12,-10430.12,-10461.12,-10624.12,12669.37,98.03232949236364,
17495.0,3019930.25,1085829.37,-10485.02,-10154.48,-10320.34,-10365.1,-10430.1,-10461.1,-10624.1,12669.37,93.8616328447997,
17496.0,3019929.73,1085830.22,-10485.0,-10154.46,-10320.32,-10365.08,-10430.08,-10461.08,-10624.08,12669.37,94.30175661162806,
17497.0,3019929.2,1085831.07,-10484.98,-10154.44,-10320.3,-10365.06,-10430.06,-10461.06,-10624.06,12669.37,93.63109182408007,
17498.0,3019928.68,1085831.92,-10484.96,-10154.42,-10320.28,-10365.04,-10430.04,-10461.04,-10624.04,12669.37,83.26722502900284,
17499.0,3019928.16,1085832.77,-10484.94,-10154.4,-10320.26,-10365.02,-10430.02,-10461.02,-10624.02,12669.37,71.19525885313934,
17500.0,3019927.63,1085833.63,-10484.92,-10154.38,-10320.24,-10365.0,-10430.0,-10461.0,-10624.0,12669.36,62.141284221241726,
17501.0,3019927.11,1085834.48,-10484.9,-10154.36,-10320.22,-10364.98,-10429.98,-10460.98,-10623.98,12669.36,,
17502.0,3019926.59,1085835.33,-10484.88,-10154.34,-10320.2,-10364.96,-10429.96,-10460.96,-10623.96,12669.36,,
17503.0,3019926.07,1085836.18,-10484.86,-10154.33,-10320.19,-10364.95,-10429.95,-10460.95,-10623.95,12669.36,,
17504.0,3019925.55,1085837.04,-10484.83,-10154.31,-10320.17,-10364.93,-10429.93,-10460.93,-10623.93,12669.36,,
17505.0,3019925.02,1085837.89,-10484.81,-10154.29,-10320.15,-10364.91,-10429.91,-10460.91,-10623.91,12669.36,,
17506.0,3019924.5,1085838.74,-10484.79,-10154.27,-10320.13,-10364.89,-10429.89,-10460.89,-10623.89,12669.35,71.19525885313934,
17507.0,3019923.98,1085839.6,-10484.77,-10154.25,-10320.11,-10364.87,-10429.87,-10460.87,-10623.87,12669.35,,
17508.0,3019923.46,1085840.45,-10484.75,-10154.23,-10320.09,-10364.85,-10429.85,-10460.85,-10623.85,12669.35,92.32119966090046,
17509.0,3019922.94,1085841.3,-10484.73,-10154.21,-10320.07,-10364.83,-10429.83,-10460.83,-10623.83,12669.35,96.4918963084644,
17510.0,3019922.42,1085842.16,-10484.71,-10154.19,-10320.05,-10364.81,-10429.81,-10460.81,-10623.81,12669.35,98.90209788871492,
17511.0,3019921.9,1085843.01,-10484.69,-10154.17,-10320.03,-10364.79,-10429.79,-10460.79,-10623.79,12669.34,97.15208195870692,
17512.0,3019921.38,1085843.87,-10484.67,-10154.15,-10320.01,-10364.77,-10429.77,-10460.77,-10623.77,12669.34,94.95146312456517,
17513.0,3019920.86,1085844.72,-10484.65,-10154.14,-10320.0,-10364.76,-10429.76,-10460.76,-10623.76,12669.34,92.981385311143,
17514.0,3019920.34,1085845.57,-10484.63,-10154.12,-10319.98,-10364.74,-10429.74,-10460.74,-10623.74,12669.34,90.12058082675868,
17515.0,3019919.82,1085846.43,-10484.6,-10154.1,-10319.96,-10364.72,-10429.72,-10460.72,-10623.72,12669.34,91.8810758940721,
17516.0,3019919.31,1085847.28,-10484.58,-10154.08,-10319.94,-10364.7,-10429.7,-10460.7,-10623.7,12669.33,95.62212791211311,
17517.0,3019918.79,1085848.14,-10484.56,-10154.06,-10319.92,-10364.68,-10429.68,-10460.68,-10623.68,12669.33,96.71195819187858,
17518.0,3019918.27,1085848.99,-10484.54,-10154.04,-10319.9,-10364.66,-10429.66,-10460.66,-10623.66,12669.33,,
17519.0,3019917.75,1085849.85,-10484.52,-10154.02,-10319.88,-10364.64,-10429.64,-10460.64,-10623.64,12669.33,,
17520.0,3019917.23,1085850.7,-10484.5,-10154.0,-10319.86,-10364.62,-10429.62,-10460.62,-10623.62,12669.320000000002,,
17521.0,3019916.72,1085851.56,-10484.48,-10153.98,-10319.84,-10364.6,-10429.6,-10460.6,-10623.6,12669.320000000002,97.15208195870692,
17522.0,3019916.2,1085852.42,-10484.46,-10153.96,-10319.82,-10364.58,-10429.58,-10460.58,-10623.58,12669.320000000002,98.90209788871492,
17523.0,3019915.68,1085853.27,-10484.43,-10153.95,-10319.81,-10364.57,-10429.57,-10460.57,-10623.57,12669.320000000002,95.5592530882805,
17524.0,3019915.17,1085854.13,-10484.41,-10153.93,-10319.79,-10364.55,-10429.55,-10460.55,-10623.55,12669.320000000002,90.56070459358702,
17525.0,3019914.65,1085854.99,-10484.39,-10153.91,-10319.77,-10364.53,-10429.53,-10460.53,-10623.53,12669.31,92.7613234277288,
17526.0,3019914.14,1085855.84,-10484.37,-10153.89,-10319.75,-10364.51,-10429.51,-10460.51,-10623.51,12669.31,99.49940871512484,
17527.0,3019913.62,1085856.7,-10484.35,-10153.87,-10319.73,-10364.49,-10429.49,-10460.49,-10623.49,12669.31,97.14160282140148,
17528.0,3019913.11,1085857.56,-10484.33,-10153.85,-10319.71,-10364.47,-10429.47,-10460.47,-10623.47,12669.31,95.3915868913935,
17529.0,3019912.59,1085858.41,-10484.31,-10153.83,-10319.69,-10364.45,-10429.45,-10460.45,-10623.45,12669.3,91.50382695107636,
17530.0,3019912.08,1085859.27,-10484.28,-10153.81,-10319.67,-10364.43,-10429.43,-10460.43,-10623.43,12669.3,89.03075054699322,
17531.0,3019911.56,1085860.13,-10484.26,-10153.79,-10319.65,-10364.41,-10429.41,-10460.41,-10623.41,12669.3,88.86308435010622,
17532.0,3019911.05,1085860.98,-10484.24,-10153.77,-10319.63,-10364.39,-10429.39,-10460.39,-10623.39,12669.3,92.310720523595,
17533.0,3019910.54,1085861.84,-10484.22,-10153.76,-10319.62,-10364.38,-10429.38,-10460.38,-10623.38,12669.29,,
17534.0,3019910.02,1085862.7,-10484.2,-10153.74,-10319.6,-10364.36,-10429.36,-10460.36,-10623.36,12669.29,,
17535.0,3019909.51,1085863.56,-10484.18,-10153.72,-10319.58,-10364.34,-10429.34,-10460.34,-10623.34,12669.29,93.63109182408007,
17536.0,3019909.0,1085864.42,-10484.15,-10153.7,-10319.56,-10364.32,-10429.32,-10460.32,-10623.32,12669.29,95.3915868913935,
17537.0,3019908.48,1085865.28,-10484.13,-10153.67,-10319.53,-10364.29,-10429.29,-10460.29,-10623.29,12669.29,96.27183442505022,
17538.0,3019907.97,1085866.13,-10484.11,-10153.65,-10319.51,-10364.27,-10429.27,-10460.27,-10623.27,12669.29,94.5113393577368,
17539.0,3019907.46,1085866.99,-10484.09,-10153.63,-10319.49,-10364.25,-10429.25,-10460.25,-10623.25,12669.29,,
17540.0,3019906.95,1085867.85,-10484.07,-10153.61,-10319.47,-10364.23,-10429.23,-10460.23,-10623.23,12669.29,89.6804570599303,
17541.0,3019906.44,1085868.71,-10484.04,-10153.59,-10319.45,-10364.21,-10429.21,-10460.21,-10623.21,12669.29,90.12058082675868,
17542.0,3019905.93,1085869.57,-10484.02,-10153.57,-10319.43,-10364.19,-10429.19,-10460.19,-10623.19,12669.29,,
17543.0,3019905.42,1085870.43,-10484.0,-10153.54,-10319.4,-10364.16,-10429.16,-10460.16,-10623.16,12669.29,98.46197412188656,
17544.0,3019904.91,1085871.29,-10483.98,-10153.52,-10319.38,-10364.14,-10429.14,-10460.14,-10623.14,12669.28,99.34222165554328,
17545.0,3019904.4,1085872.15,-10483.96,-10153.5,-10319.36,-10364.12,-10429.12,-10460.12,-10623.12,12669.28,97.5922057255353,
17546.0,3019903.89,1085873.01,-10483.93,-10153.48,-10319.34,-10364.1,-10429.1,-10460.1,-10623.1,12669.29,94.5113393577368,
17547.0,3019903.38,1085873.87,-10483.91,-10153.45,-10319.31,-10364.07,-10429.07,-10460.07,-10623.07,12669.29,95.3915868913935,
17548.0,3019902.87,1085874.73,-10483.89,-10153.43,-10319.29,-10364.05,-10429.05,-10460.05,-10623.05,12669.29,98.46197412188656,
17549.0,3019902.36,1085875.59,-10483.87,-10153.41,-10319.27,-10364.03,-10429.03,-10460.03,-10623.03,12669.29,99.56228353895746,
17550.0,3019901.85,1085876.45,-10483.84,-10153.38,-10319.24,-10364.0,-10429.0,-10460.0,-10623.0,12669.29,,
17551.0,3019901.34,1085877.31,-10483.82,-10153.36,-10319.22,-10363.98,-10428.98,-10459.98,-10622.98,12669.29,87.27025547967979,
17552.0,3019900.83,1085878.17,-10483.8,-10153.34,-10319.2,-10363.96,-10428.96,-10459.96,-10622.96,12669.29,87.71037924650814,
17553.0,3019900.33,1085879.03,-10483.78,-10153.31,-10319.17,-10363.93,-10428.93,-10459.93,-10622.93,12669.3,,
17554.0,3019899.82,1085879.9,-10483.76,-10153.29,-10319.15,-10363.91,-10428.91,-10459.91,-10622.91,12669.3,101.53236135237962,
17555.0,3019899.31,1085880.76,-10483.73,-10153.27,-10319.13,-10363.89,-10428.89,-10459.89,-10622.89,12669.3,99.99192816848036,
17556.0,3019898.8,1085881.62,-10483.71,-10153.24,-10319.1,-10363.86,-10428.86,-10459.86,-10622.86,12669.3,95.17152500797933,
17557.0,3019898.3,1085882.48,-10483.69,-10153.22,-10319.08,-10363.84,-10428.84,-10459.84,-10622.84,12669.3,,
17558.0,3019897.79,1085883.34,-10483.67,-10153.19,-10319.05,-10363.81,-10428.81,-10459.81,-10622.81,12669.3,98.24191223847238,
17559.0,3019897.28,1085884.21,-10483.64,-10153.17,-10319.03,-10363.79,-10428.79,-10459.79,-10622.79,12669.3,94.95146312456517,
17560.0,3019896.78,1085885.07,-10483.62,-10153.15,-10319.01,-10363.77,-10428.77,-10459.77,-10622.77,12669.3,,
17561.0,3019896.27,1085885.93,-10483.6,-10153.12,-10318.98,-10363.74,-10428.74,-10459.74,-10622.74,12669.3,98.68203600530074,
17562.0,3019895.77,1085886.79,-10483.58,-10153.1,-10318.96,-10363.72,-10428.72,-10459.72,-10622.72,12669.3,96.70147905457314,
17563.0,3019895.26,1085887.66,-10483.55,-10153.08,-10318.94,-10363.7,-10428.7,-10459.7,-10622.7,12669.31,91.22089024382956,
17564.0,3019894.76,1085888.52,-10483.53,-10153.05,-10318.91,-10363.67,-10428.67,-10459.67,-10622.67,12669.31,91.44095212724372,
17565.0,3019894.25,1085889.38,-10483.51,-10153.03,-10318.89,-10363.65,-10428.65,-10459.65,-10622.65,12669.31,95.61164877480768,
17566.0,3019893.75,1085890.25,-10483.48,-10153.01,-10318.87,-10363.63,-10428.63,-10459.63,-10622.63,12669.31,102.6326707694505,
17567.0,3019893.25,1085891.11,-10483.46,-10152.98,-10318.84,-10363.6,-10428.6,-10459.6,-10622.6,12669.31,102.41260888603634,
17568.0,3019892.74,1085891.97,-10483.44,-10152.96,-10318.82,-10363.58,-10428.58,-10459.58,-10622.58,12669.31,100.0024073057858,
17569.0,3019892.24,1085892.84,-10483.42,-10152.93,-10318.79,-10363.55,-10428.55,-10459.55,-10622.55,12669.31,96.71195819187858,
17570.0,3019891.74,1085893.7,-10483.39,-10152.91,-10318.77,-10363.53,-10428.53,-10459.53,-10622.53,12669.31,96.27183442505022,
17571.0,3019891.24,1085894.57,-10483.37,-10152.89,-10318.75,-10363.51,-10428.51,-10459.51,-10622.51,12669.31,94.5113393577368,
17572.0,3019890.73,1085895.43,-10483.35,-10152.86,-10318.72,-10363.48,-10428.48,-10459.48,-10622.48,12669.31,94.07121559090842,
17573.0,3019890.23,1085896.29,-10483.32,-10152.84,-10318.7,-10363.46,-10428.46,-10459.46,-10622.46,12669.31,92.10113777748629,
17574.0,3019889.73,1085897.16,-10483.3,-10152.82,-10318.68,-10363.44,-10428.44,-10459.44,-10622.44,12669.31,89.69093619723574,
17575.0,3019889.23,1085898.02,-10483.28,-10152.79,-10318.65,-10363.41,-10428.41,-10459.41,-10622.41,12669.31,89.02027140968778,
17576.0,3019888.73,1085898.89,-10483.25,-10152.77,-10318.63,-10363.39,-10428.39,-10459.39,-10622.39,12669.31,91.66101401065792,
17577.0,3019888.23,1085899.75,-10483.23,-10152.75,-10318.61,-10363.37,-10428.37,-10459.37,-10622.37,12669.320000000002,92.310720523595,
17578.0,3019887.73,1085900.62,-10483.21,-10152.72,-10318.58,-10363.34,-10428.34,-10459.34,-10622.34,12669.320000000002,91.66101401065792,
17579.0,3019887.23,1085901.49,-10483.19,-10152.7,-10318.56,-10363.32,-10428.32,-10459.32,-10622.32,12669.320000000002,90.56070459358702,
17580.0,3019886.73,1085902.35,-10483.16,-10152.68,-10318.54,-10363.3,-10428.3,-10459.3,-10622.3,12669.320000000002,93.19096805725172,
17581.0,3019886.23,1085903.22,-10483.14,-10152.65,-10318.51,-10363.27,-10428.27,-10459.27,-10622.27,12669.320000000002,95.17152500797933,
17582.0,3019885.73,1085904.08,-10483.12,-10152.63,-10318.49,-10363.25,-10428.25,-10459.25,-10622.25,12669.320000000002,93.19096805725172,
17583.0,3019885.23,1085904.95,-10483.09,-10152.6,-10318.46,-10363.22,-10428.22,-10459.22,-10622.22,12669.320000000002,93.63109182408007,
17584.0,3019884.73,1085905.82,-10483.07,-10152.58,-10318.44,-10363.2,-10428.2,-10459.2,-10622.2,12669.320000000002,92.21640828784608,
17585.0,3019884.23,1085906.68,-10483.05,-10152.56,-10318.42,-10363.18,-10428.18,-10459.18,-10622.18,12669.320000000002,93.53677958833114,
17586.0,3019883.73,1085907.55,-10483.02,-10152.53,-10318.39,-10363.15,-10428.15,-10459.15,-10622.15,12669.320000000002,,
17587.0,3019883.23,1085908.42,-10483.0,-10152.51,-10318.37,-10363.13,-10428.13,-10459.13,-10622.13,12669.320000000002,94.07121559090842,
17588.0,3019882.74,1085909.28,-10482.97,-10152.49,-10318.35,-10363.11,-10428.11,-10459.11,-10622.11,12669.320000000002,93.42150907797134,
17589.0,3019882.24,1085910.15,-10482.95,-10152.46,-10318.32,-10363.08,-10428.08,-10459.08,-10622.08,12669.320000000002,90.7807664770012,
17590.0,3019881.74,1085911.02,-10482.93,-10152.44,-10318.3,-10363.06,-10428.06,-10459.06,-10622.06,12669.320000000002,86.83013171285143,
17591.0,3019881.24,1085911.88,-10482.9,-10152.42,-10318.28,-10363.04,-10428.04,-10459.04,-10622.04,12669.320000000002,89.03075054699322,
17592.0,3019880.75,1085912.75,-10482.88,-10152.39,-10318.25,-10363.01,-10428.01,-10459.01,-10622.01,12669.320000000002,88.65350160399748,
17593.0,3019880.25,1085913.62,-10482.86,-10152.37,-10318.23,-10362.99,-10427.99,-10458.99,-10621.99,12669.320000000002,85.58311437350442,
17594.0,3019879.75,1085914.48,-10482.83,-10152.34,-10318.2,-10362.96,-10427.96,-10458.96,-10621.96,12669.320000000002,80.80462776222512,
17595.0,3019879.25,1085915.35,-10482.81,-10152.32,-10318.18,-10362.94,-10427.94,-10458.94,-10621.94,12669.320000000002,,
17596.0,3019878.75,1085916.21,-10482.79,-10152.3,-10318.16,-10362.92,-10427.92,-10458.92,-10621.92,12669.320000000002,,
17597.0,3019878.25,1085917.08,-10482.76,-10152.27,-10318.13,-10362.89,-10427.89,-10458.89,-10621.89,12669.320000000002,,
17598.0,3019877.75,1085917.94,-10482.74,-10152.25,-10318.11,-10362.87,-10427.87,-10458.87,-10621.87,12669.320000000002,,
17599.0,3019877.24,1085918.81,-10482.72,-10152.23,-10318.09,-10362.85,-10427.85,-10458.85,-10621.85,12669.320000000002,,
17600.0,3019876.74,1085919.67,-10482.69,-10152.2,-10318.06,-10362.82,-10427.82,-10458.82,-10621.82,12669.320000000002,,
17601.0,3019876.24,1085920.54,-10482.67,-10152.18,-10318.04,-10362.8,-10427.8,-10458.8,-10621.8,12669.320000000002,84.26274307301935,
17602.0,3019875.74,1085921.4,-10482.65,-10152.16,-10318.02,-10362.78,-10427.78,-10458.78,-10621.78,12669.320000000002,88.86308435010622,
17603.0,3019875.23,1085922.27,-10482.62,-10152.13,-10317.99,-10362.75,-10427.75,-10458.75,-10621.75,12669.320000000002,92.310720523595,
17604.0,3019874.73,1085923.13,-10482.6,-10152.11,-10317.97,-10362.73,-10427.73,-10458.73,-10621.73,12669.320000000002,90.34064271017284,
17605.0,3019874.22,1085923.99,-10482.57,-10152.09,-10317.95,-10362.71,-10427.71,-10458.71,-10621.71,12669.320000000002,91.00082836041538,
17606.0,3019873.72,1085924.85,-10482.55,-10152.06,-10317.92,-10362.68,-10427.68,-10458.68,-10621.68,12669.320000000002,93.42150907797134,
17607.0,3019873.21,1085925.72,-10482.53,-10152.04,-10317.9,-10362.66,-10427.66,-10458.66,-10621.66,12669.320000000002,95.3915868913935,
17608.0,3019872.71,1085926.58,-10482.5,-10152.01,-10317.87,-10362.63,-10427.63,-10458.63,-10621.63,12669.320000000002,92.981385311143,
17609.0,3019872.2,1085927.44,-10482.48,-10151.99,-10317.85,-10362.61,-10427.61,-10458.61,-10621.61,12669.320000000002,91.22089024382956,
17610.0,3019871.69,1085928.3,-10482.46,-10151.97,-10317.83,-10362.59,-10427.59,-10458.59,-10621.59,12669.320000000002,91.44095212724372,
17611.0,3019871.18,1085929.16,-10482.43,-10151.94,-10317.8,-10362.56,-10427.56,-10458.56,-10621.56,12669.320000000002,90.45591322053266,
17612.0,3019870.68,1085930.02,-10482.41,-10151.92,-10317.78,-10362.54,-10427.54,-10458.54,-10621.54,12669.320000000002,,
17613.0,3019870.17,1085930.88,-10482.39,-10151.9,-10317.76,-10362.52,-10427.52,-10458.52,-10621.52,12669.320000000002,92.9289896246158,
17614.0,3019869.66,1085931.75,-10482.36,-10151.87,-10317.73,-10362.49,-10427.49,-10458.49,-10621.49,12669.320000000002,94.7418803784564,
17615.0,3019869.15,1085932.61,-10482.34,-10151.85,-10317.71,-10362.47,-10427.47,-10458.47,-10621.47,12669.320000000002,95.3915868913935,
17616.0,3019868.64,1085933.46,-10482.32,-10151.83,-10317.69,-10362.45,-10427.45,-10458.45,-10621.45,12669.320000000002,94.07121559090842,
17617.0,3019868.13,1085934.32,-10482.29,-10151.8,-10317.66,-10362.42,-10427.42,-10458.42,-10621.42,12669.320000000002,90.9484326738882,
17618.0,3019867.62,1085935.18,-10482.27,-10151.78,-10317.64,-10362.4,-10427.4,-10458.4,-10621.4,12669.320000000002,88.69541815321922,
17619.0,3019867.1,1085936.04,-10482.25,-10151.75,-10317.61,-10362.37,-10427.37,-10458.37,-10621.37,12669.320000000002,86.72534033979707,
17620.0,3019866.59,1085936.9,-10482.22,-10151.73,-10317.59,-10362.35,-10427.35,-10458.35,-10621.35,12669.320000000002,90.12058082675868,
17621.0,3019866.08,1085937.76,-10482.2,-10151.71,-10317.57,-10362.33,-10427.33,-10458.33,-10621.33,12669.320000000002,90.9484326738882,
17622.0,3019865.57,1085938.62,-10482.18,-10151.68,-10317.54,-10362.3,-10427.3,-10458.3,-10621.3,12669.320000000002,88.31816921022349,
17623.0,3019865.05,1085939.48,-10482.15,-10151.66,-10317.52,-10362.28,-10427.28,-10458.28,-10621.28,12669.320000000002,82.39745663265157,
17624.0,3019864.54,1085940.33,-10482.13,-10151.64,-10317.5,-10362.26,-10427.26,-10458.26,-10621.26,12669.320000000002,80.80462776222512,
17625.0,3019864.02,1085941.19,-10482.11,-10151.61,-10317.47,-10362.23,-10427.23,-10458.23,-10621.23,12669.320000000002,,
17626.0,3019863.51,1085942.05,-10482.08,-10151.59,-10317.45,-10362.21,-10427.21,-10458.21,-10621.21,12669.320000000002,82.39745663265157,
17627.0,3019862.99,1085942.9,-10482.06,-10151.57,-10317.43,-10362.19,-10427.19,-10458.19,-10621.19,12669.320000000002,,
17628.0,3019862.48,1085943.76,-10482.03,-10151.54,-10317.4,-10362.16,-10427.16,-10458.16,-10621.16,12669.320000000002,94.7942760649836,
17629.0,3019861.96,1085944.62,-10482.01,-10151.52,-10317.38,-10362.14,-10427.14,-10458.14,-10621.14,12669.320000000002,95.06673363492496,
17630.0,3019861.44,1085945.47,-10481.99,-10151.5,-10317.36,-10362.12,-10427.12,-10458.12,-10621.12,12669.320000000002,91.44095212724372,
17631.0,3019860.93,1085946.33,-10481.96,-10151.47,-10317.33,-10362.09,-10427.09,-10458.09,-10621.09,12669.320000000002,90.45591322053266,
17632.0,3019860.41,1085947.18,-10481.94,-10151.45,-10317.31,-10362.07,-10427.07,-10458.07,-10621.07,12669.320000000002,90.34064271017284,
17633.0,3019859.89,1085948.04,-10481.92,-10151.42,-10317.28,-10362.04,-10427.04,-10458.04,-10621.04,12669.320000000002,92.7613234277288,
17634.0,3019859.37,1085948.89,-10481.89,-10151.4,-10317.26,-10362.02,-10427.02,-10458.02,-10621.02,12669.320000000002,93.4110299406659,
17635.0,3019858.85,1085949.75,-10481.87,-10151.38,-10317.24,-10362.0,-10427.0,-10458.0,-10621.0,12669.320000000002,96.48141717115897,
17636.0,3019858.33,1085950.6,-10481.85,-10151.35,-10317.21,-10361.97,-10426.97,-10457.97,-10620.97,12669.320000000002,93.85115370749426,
17637.0,3019857.81,1085951.45,-10481.82,-10151.33,-10317.19,-10361.95,-10426.95,-10457.95,-10620.95,12669.320000000002,88.59062678016487,
17638.0,3019857.29,1085952.31,-10481.8,-10151.31,-10317.17,-10361.93,-10426.93,-10457.93,-10620.93,12669.320000000002,89.02027140968778,
17639.0,3019856.77,1085953.16,-10481.78,-10151.28,-10317.14,-10361.9,-10426.9,-10457.9,-10620.9,12669.320000000002,94.2912774743226,
17640.0,3019856.25,1085954.01,-10481.75,-10151.26,-10317.12,-10361.88,-10426.88,-10457.88,-10620.88,12669.320000000002,98.46197412188656,
17641.0,3019855.73,1085954.86,-10481.73,-10151.24,-10317.1,-10361.86,-10426.86,-10457.86,-10620.86,12669.33,99.56228353895746,
17642.0,3019855.2,1085955.72,-10481.71,-10151.21,-10317.07,-10361.83,-10426.83,-10457.83,-10620.83,12669.33,95.61164877480768,
17643.0,3019854.68,1085956.57,-10481.68,-10151.19,-10317.05,-10361.81,-10426.81,-10457.81,-10620.81,12669.33,,
17644.0,3019854.16,1085957.42,-10481.66,-10151.16,-10317.02,-10361.78,-10426.78,-10457.78,-10620.78,12669.33,100.87217570213708,
17645.0,3019853.63,1085958.27,-10481.64,-10151.14,-10317.0,-10361.76,-10426.76,-10457.76,-10620.76,12669.33,94.2912774743226,
17646.0,3019853.11,1085959.12,-10481.61,-10151.12,-10316.98,-10361.74,-10426.74,-10457.74,-10620.74,12669.33,91.44095212724372,
17647.0,3019852.58,1085959.97,-10481.59,-10151.09,-10316.95,-10361.71,-10426.71,-10457.71,-10620.71,12669.33,94.52181849504224,
17648.0,3019852.06,1085960.82,-10481.57,-10151.07,-10316.93,-10361.69,-10426.69,-10457.69,-10620.69,12669.33,93.25384288108437,
17649.0,3019851.53,1085961.67,-10481.54,-10151.05,-10316.91,-10361.67,-10426.67,-10457.67,-10620.67,12669.33,85.58311437350442,
17650.0,3019851.0,1085962.52,-10481.52,-10151.02,-10316.88,-10361.64,-10426.64,-10457.64,-10620.64,12669.33,82.28218612229175,
17651.0,3019850.48,1085963.37,-10481.5,-10151.0,-10316.86,-10361.62,-10426.62,-10457.62,-10620.62,12669.33,84.25226393571393,
17652.0,3019849.95,1085964.22,-10481.47,-10150.98,-10316.84,-10361.6,-10426.6,-10457.6,-10620.6,12669.33,85.74030143308599,
17653.0,3019849.42,1085965.07,-10481.45,-10150.95,-10316.81,-10361.57,-10426.57,-10457.57,-10620.57,12669.33,87.71037924650814,
17654.0,3019848.89,1085965.92,-10481.43,-10150.93,-10316.79,-10361.55,-10426.55,-10457.55,-10620.55,12669.33,91.66101401065792,
17655.0,3019848.36,1085966.77,-10481.4,-10150.91,-10316.77,-10361.53,-10426.53,-10457.53,-10620.53,12669.33,92.10113777748629,
17656.0,3019847.83,1085967.62,-10481.38,-10150.88,-10316.74,-10361.5,-10426.5,-10457.5,-10620.5,12669.33,91.00082836041538,
17657.0,3019847.3,1085968.46,-10481.36,-10150.86,-10316.72,-10361.48,-10426.48,-10457.48,-10620.48,12669.33,86.89300653668406,
17658.0,3019846.77,1085969.31,-10481.33,-10150.83,-10316.69,-10361.45,-10426.45,-10457.45,-10620.45,12669.33,85.404969039312,
17659.0,3019846.24,1085970.16,-10481.31,-10150.81,-10316.67,-10361.43,-10426.43,-10457.43,-10620.43,12669.33,86.99779790973842,
17660.0,3019845.71,1085971.0,-10481.29,-10150.79,-10316.65,-10361.41,-10426.41,-10457.41,-10620.41,12669.33,91.77628452101771,
17661.0,3019845.18,1085971.85,-10481.26,-10150.76,-10316.62,-10361.38,-10426.38,-10457.38,-10620.38,12669.33,89.47087431382158,
17662.0,3019844.65,1085972.7,-10481.24,-10150.74,-10316.6,-10361.36,-10426.36,-10457.36,-10620.36,12669.33,88.1505030133365,
17663.0,3019844.11,1085973.54,-10481.22,-10150.72,-10316.58,-10361.34,-10426.34,-10457.34,-10620.34,12669.33,91.16849455730237,
17664.0,3019843.58,1085974.39,-10481.19,-10150.69,-10316.55,-10361.31,-10426.31,-10457.31,-10620.31,12669.33,92.310720523595,
17665.0,3019843.05,1085975.23,-10481.17,-10150.67,-10316.53,-10361.29,-10426.29,-10457.29,-10620.29,12669.33,,
17666.0,3019842.51,1085976.08,-10481.15,-10150.65,-10316.51,-10361.27,-10426.27,-10457.27,-10620.27,12669.33,,
17667.0,3019841.98,1085976.92,-10481.12,-10150.62,-10316.48,-10361.24,-10426.24,-10457.24,-10620.24,12669.33,,
17668.0,3019841.44,1085977.77,-10481.1,-10150.6,-10316.46,-10361.22,-10426.22,-10457.22,-10620.22,12669.33,,
17669.0,3019840.91,1085978.61,-10481.08,-10150.57,-10316.43,-10361.19,-10426.19,-10457.19,-10620.19,12669.33,92.54126154431462,
17670.0,3019840.37,1085979.45,-10481.05,-10150.55,-10316.41,-10361.17,-10426.17,-10457.17,-10620.17,12669.33,89.9005189433445,
17671.0,3019839.83,1085980.3,-10481.03,-10150.53,-10316.39,-10361.15,-10426.15,-10457.15,-10620.15,12669.33,86.83013171285143,
17672.0,3019839.3,1085981.14,-10481.01,-10150.5,-10316.36,-10361.12,-10426.12,-10457.12,-10620.12,12669.33,86.39000794602308,
17673.0,3019838.76,1085981.98,-10480.98,-10150.48,-10316.34,-10361.1,-10426.1,-10457.1,-10620.1,12669.33,89.02027140968778,
17674.0,3019838.22,1085982.83,-10480.96,-10150.46,-10316.32,-10361.08,-10426.08,-10457.08,-10620.08,12669.33,90.50830890705984,
17675.0,3019837.68,1085983.67,-10480.94,-10150.43,-10316.29,-10361.05,-10426.05,-10457.05,-10620.05,12669.33,87.05019359626561,
17676.0,3019837.14,1085984.51,-10480.91,-10150.41,-10316.27,-10361.03,-10426.03,-10457.03,-10620.03,12669.34,84.41993013260091,
17677.0,3019836.6,1085985.35,-10480.89,-10150.39,-10316.25,-10361.01,-10426.01,-10457.01,-10620.01,12669.34,87.2178597931526,
17678.0,3019836.06,1085986.19,-10480.87,-10150.36,-10316.22,-10360.98,-10425.98,-10456.98,-10619.98,12669.34,90.34064271017284,
17679.0,3019835.52,1085987.03,-10480.85,-10150.34,-10316.2,-10360.96,-10425.96,-10456.96,-10619.96,12669.34,,
17680.0,3019834.98,1085987.88,-10480.82,-10150.32,-10316.18,-10360.94,-10425.94,-10456.94,-10619.94,12669.34,91.00082836041538,
17681.0,3019834.44,1085988.72,-10480.8,-10150.29,-10316.15,-10360.91,-10425.91,-10456.91,-10619.91,12669.34,91.44095212724372,
17682.0,3019833.9,1085989.56,-10480.78,-10150.27,-10316.13,-10360.89,-10425.89,-10456.89,-10619.89,12669.34,90.34064271017284,
17683.0,3019833.35,1085990.4,-10480.75,-10150.24,-10316.1,-10360.86,-10425.86,-10456.86,-10619.86,12669.34,88.37056489675068,
17684.0,3019832.81,1085991.23,-10480.73,-10150.22,-10316.08,-10360.84,-10425.84,-10456.84,-10619.84,12669.34,91.66101401065792,
17685.0,3019832.27,1085992.07,-10480.71,-10150.2,-10316.06,-10360.82,-10425.82,-10456.82,-10619.82,12669.34,95.3915868913935,
17686.0,3019831.73,1085992.91,-10480.68,-10150.17,-10316.03,-10360.79,-10425.79,-10456.79,-10619.79,12669.34,96.71195819187858,
17687.0,3019831.18,1085993.75,-10480.66,-10150.15,-10316.01,-10360.77,-10425.77,-10456.77,-10619.77,12669.34,,
17688.0,3019830.64,1085994.59,-10480.64,-10150.13,-10315.99,-10360.75,-10425.75,-10456.75,-10619.75,12669.34,,
17689.0,3019830.1,1085995.43,-10480.61,-10150.1,-10315.96,-10360.72,-10425.72,-10456.72,-10619.72,12669.34,,
17690.0,3019829.55,1085996.27,-10480.59,-10150.08,-10315.94,-10360.7,-10425.7,-10456.7,-10619.7,12669.34,,
17691.0,3019829.01,1085997.11,-10480.57,-10150.06,-10315.92,-10360.68,-10425.68,-10456.68,-10619.68,12669.34,,
17692.0,3019828.46,1085997.95,-10480.54,-10150.03,-10315.89,-10360.65,-10425.65,-10456.65,-10619.65,12669.34,,
17693.0,3019827.92,1085998.79,-10480.52,-10150.01,-10315.87,-10360.63,-10425.63,-10456.63,-10619.63,12669.34,,
17694.0,3019827.38,1085999.63,-10480.5,-10149.99,-10315.85,-10360.61,-10425.61,-10456.61,-10619.61,12669.34,96.27183442505022,
17695.0,3019826.83,1086000.46,-10480.47,-10149.96,-10315.82,-10360.58,-10425.58,-10456.58,-10619.58,12669.34,,
17696.0,3019826.29,1086001.3,-10480.45,-10149.94,-10315.8,-10360.56,-10425.56,-10456.56,-10619.56,12669.34,86.28521657296871,
17697.0,3019825.74,1086002.14,-10480.43,-10149.91,-10315.77,-10360.53,-10425.53,-10456.53,-10619.53,12669.34,88.75829297705185,
17698.0,3019825.2,1086002.98,-10480.4,-10149.89,-10315.75,-10360.51,-10425.51,-10456.51,-10619.51,12669.34,93.80923715827252,
17699.0,3019824.65,1086003.82,-10480.38,-10149.87,-10315.73,-10360.49,-10425.49,-10456.49,-10619.49,12669.34,93.63109182408007,
17700.0,3019824.11,1086004.66,-10480.36,-10149.84,-10315.7,-10360.46,-10425.46,-10456.46,-10619.46,12669.35,94.95146312456517,
17701.0,3019823.56,1086005.49,-10480.34,-10149.82,-10315.68,-10360.44,-10425.44,-10456.44,-10619.44,12669.35,98.0218503550582,
17702.0,3019823.02,1086006.33,-10480.31,-10149.8,-10315.66,-10360.42,-10425.42,-10456.42,-10619.42,12669.35,98.90209788871492,
17703.0,3019822.47,1086007.17,-10480.29,-10149.77,-10315.63,-10360.39,-10425.39,-10456.39,-10619.39,12669.35,97.15208195870692,
17704.0,3019821.93,1086008.01,-10480.27,-10149.75,-10315.61,-10360.37,-10425.37,-10456.37,-10619.37,12669.35,,
17705.0,3019821.38,1086008.84,-10480.24,-10149.73,-10315.59,-10360.35,-10425.35,-10456.35,-10619.35,12669.35,98.90209788871492,
17706.0,3019820.84,1086009.68,-10480.22,-10149.7,-10315.56,-10360.32,-10425.32,-10456.32,-10619.32,12669.35,96.70147905457314,
17707.0,3019820.29,1086010.52,-10480.2,-10149.68,-10315.54,-10360.3,-10425.3,-10456.3,-10619.3,12669.35,92.53078240700918,
17708.0,3019819.74,1086011.36,-10480.17,-10149.65,-10315.51,-10360.27,-10425.27,-10456.27,-10619.27,12669.35,89.02027140968778,
17709.0,3019819.2,1086012.19,-10480.15,-10149.63,-10315.49,-10360.25,-10425.25,-10456.25,-10619.25,12669.35,87.05019359626561,
17710.0,3019818.65,1086013.03,-10480.13,-10149.61,-10315.47,-10360.23,-10425.23,-10456.23,-10619.23,12669.35,89.02027140968778,
17711.0,3019818.1,1086013.87,-10480.1,-10149.58,-10315.44,-10360.2,-10425.2,-10456.2,-10619.2,12669.35,92.981385311143,
17712.0,3019817.56,1086014.71,-10480.08,-10149.56,-10315.42,-10360.18,-10425.18,-10456.18,-10619.18,12669.35,94.30175661162806,
17713.0,3019817.01,1086015.54,-10480.06,-10149.54,-10315.4,-10360.16,-10425.16,-10456.16,-10619.16,12669.35,91.22089024382956,
17714.0,3019816.46,1086016.38,-10480.04,-10149.51,-10315.37,-10360.13,-10425.13,-10456.13,-10619.13,12669.35,90.13105996406412,
17715.0,3019815.92,1086017.22,-10480.01,-10149.49,-10315.35,-10360.11,-10425.11,-10456.11,-10619.11,12669.35,,
17716.0,3019815.37,1086018.05,-10479.99,-10149.47,-10315.33,-10360.09,-10425.09,-10456.09,-10619.09,12669.35,96.71195819187858,
17717.0,3019814.82,1086018.89,-10479.97,-10149.44,-10315.3,-10360.06,-10425.06,-10456.06,-10619.06,12669.35,93.42150907797134,
17718.0,3019814.28,1086019.73,-10479.94,-10149.42,-10315.28,-10360.04,-10425.04,-10456.04,-10619.04,12669.35,89.03075054699322,
17719.0,3019813.73,1086020.56,-10479.92,-10149.4,-10315.26,-10360.02,-10425.02,-10456.02,-10619.02,12669.36,85.74030143308599,
17720.0,3019813.18,1086021.4,-10479.9,-10149.37,-10315.23,-10359.99,-10424.99,-10455.99,-10618.99,12669.36,86.39000794602308,
17721.0,3019812.63,1086022.24,-10479.87,-10149.35,-10315.21,-10359.97,-10424.97,-10455.97,-10618.97,12669.36,89.02027140968778,
17722.0,3019812.08,1086023.07,-10479.85,-10149.32,-10315.18,-10359.94,-10424.94,-10455.94,-10618.94,12669.36,89.6804570599303,
17723.0,3019811.54,1086023.91,-10479.83,-10149.3,-10315.16,-10359.92,-10424.92,-10455.92,-10618.92,12669.36,88.37056489675068,
17724.0,3019810.99,1086024.74,-10479.81,-10149.28,-10315.14,-10359.9,-10424.9,-10455.9,-10618.9,12669.36,89.02027140968778,
17725.0,3019810.44,1086025.58,-10479.78,-10149.25,-10315.11,-10359.87,-10424.87,-10455.87,-10618.87,12669.36,91.66101401065792,
17726.0,3019809.89,1086026.42,-10479.76,-10149.23,-10315.09,-10359.85,-10424.85,-10455.85,-10618.85,12669.36,92.310720523595,
17727.0,3019809.34,1086027.25,-10479.74,-10149.21,-10315.07,-10359.83,-10424.83,-10455.83,-10618.83,12669.36,,
17728.0,3019808.79,1086028.09,-10479.71,-10149.18,-10315.04,-10359.8,-10424.8,-10455.8,-10618.8,12669.36,,
17729.0,3019808.24,1086028.92,-10479.69,-10149.16,-10315.02,-10359.78,-10424.78,-10455.78,-10618.78,12669.36,90.34064271017284,
17730.0,3019807.7,1086029.76,-10479.67,-10149.14,-10315.0,-10359.76,-10424.76,-10455.76,-10618.76,12669.36,88.37056489675068,
17731.0,3019807.15,1086030.59,-10479.64,-10149.12,-10314.98,-10359.74,-10424.74,-10455.74,-10618.74,12669.36,89.02027140968778,
17732.0,3019806.6,1086031.43,-10479.62,-10149.09,-10314.95,-10359.71,-10424.71,-10455.71,-10618.71,12669.36,91.66101401065792,
17733.0,3019806.05,1086032.26,-10479.6,-10149.07,-10314.93,-10359.69,-10424.69,-10455.69,-10618.69,12669.36,93.63109182408007,
17734.0,3019805.5,1086033.1,-10479.58,-10149.05,-10314.91,-10359.67,-10424.67,-10455.67,-10618.67,12669.36,95.3915868913935,
17735.0,3019804.95,1086033.93,-10479.55,-10149.02,-10314.88,-10359.64,-10424.64,-10455.64,-10618.64,12669.36,91.94395071790473,
17736.0,3019804.4,1086034.77,-10479.53,-10149.0,-10314.86,-10359.62,-10424.62,-10455.62,-10618.62,12669.36,86.07563382685996,
17737.0,3019803.85,1086035.6,-10479.51,-10148.98,-10314.84,-10359.6,-10424.6,-10455.6,-10618.6,12669.36,83.26722502900284,
17738.0,3019803.3,1086036.44,-10479.48,-10148.96,-10314.82,-10359.58,-10424.58,-10455.58,-10618.58,12669.36,81.7896666689362,
17739.0,3019802.75,1086037.27,-10479.46,-10148.94,-10314.8,-10359.56,-10424.56,-10455.56,-10618.56,12669.36,78.83454994880296,
17740.0,3019802.2,1086038.11,-10479.44,-10148.91,-10314.77,-10359.53,-10424.53,-10455.53,-10618.53,12669.36,79.9767759150956,
17741.0,3019801.65,1086038.94,-10479.42,-10148.89,-10314.75,-10359.51,-10424.51,-10455.51,-10618.51,12669.35,84.5875963294879,
17742.0,3019801.1,1086039.78,-10479.39,-10148.87,-10314.73,-10359.49,-10424.49,-10455.49,-10618.49,12669.35,85.74030143308599,
17743.0,3019800.55,1086040.61,-10479.37,-10148.85,-10314.71,-10359.47,-10424.47,-10455.47,-10618.47,12669.35,,
17744.0,3019800.0,1086041.45,-10479.35,-10148.82,-10314.68,-10359.44,-10424.44,-10455.44,-10618.44,12669.35,85.237302842425,
17745.0,3019799.44,1086042.28,-10479.32,-10148.8,-10314.66,-10359.42,-10424.42,-10455.42,-10618.42,12669.35,,
17746.0,3019798.89,1086043.11,-10479.3,-10148.78,-10314.64,-10359.4,-10424.4,-10455.4,-10618.4,12669.35,81.29714721558067,
17747.0,3019798.34,1086043.95,-10479.28,-10148.76,-10314.62,-10359.38,-10424.38,-10455.38,-10618.38,12669.35,84.26274307301935,
17748.0,3019797.79,1086044.78,-10479.26,-10148.74,-10314.6,-10359.36,-10424.36,-10455.36,-10618.36,12669.35,88.86308435010622,
17749.0,3019797.24,1086045.62,-10479.23,-10148.71,-10314.57,-10359.33,-10424.33,-10455.33,-10618.33,12669.35,92.310720523595,
17750.0,3019796.69,1086046.45,-10479.21,-10148.69,-10314.55,-10359.31,-10424.31,-10455.31,-10618.31,12669.35,90.34064271017284,
17751.0,3019796.13,1086047.28,-10479.19,-10148.67,-10314.53,-10359.29,-10424.29,-10455.29,-10618.29,12669.35,,
17752.0,3019795.58,1086048.12,-10479.16,-10148.65,-10314.51,-10359.27,-10424.27,-10455.27,-10618.27,12669.35,82.28218612229175,
17753.0,3019795.03,1086048.95,-10479.14,-10148.63,-10314.49,-10359.25,-10424.25,-10455.25,-10618.25,12669.35,80.80462776222512,
17754.0,3019794.48,1086049.78,-10479.12,-10148.6,-10314.46,-10359.22,-10424.22,-10455.22,-10618.22,12669.35,84.26274307301935,
17755.0,3019793.93,1086050.62,-10479.1,-10148.58,-10314.44,-10359.2,-10424.2,-10455.2,-10618.2,12669.34,,
17756.0,3019793.37,1086051.45,-10479.07,-10148.56,-10314.42,-10359.18,-10424.18,-10455.18,-10618.18,12669.34,94.5113393577368,
17757.0,3019792.82,1086052.28,-10479.05,-10148.54,-10314.4,-10359.16,-10424.16,-10455.16,-10618.16,12669.34,95.83171065822188,
17758.0,3019792.27,1086053.12,-10479.03,-10148.51,-10314.37,-10359.13,-10424.13,-10455.13,-10618.13,12669.34,94.5113393577368,
17759.0,3019791.72,1086053.95,-10479.0,-10148.49,-10314.35,-10359.11,-10424.11,-10455.11,-10618.11,12669.34,92.75084429042336,
17760.0,3019791.16,1086054.78,-10478.98,-10148.47,-10314.33,-10359.09,-10424.09,-10455.09,-10618.09,12669.34,92.310720523595,
17761.0,3019790.61,1086055.61,-10478.96,-10148.45,-10314.31,-10359.07,-10424.07,-10455.07,-10618.07,12669.34,,
17762.0,3019790.06,1086056.45,-10478.94,-10148.43,-10314.29,-10359.05,-10424.05,-10455.05,-10618.05,12669.34,90.34064271017284,
17763.0,3019789.5,1086057.28,-10478.91,-10148.4,-10314.26,-10359.02,-10424.02,-10455.02,-10618.02,12669.34,89.6804570599303,
17764.0,3019788.95,1086058.11,-10478.89,-10148.38,-10314.24,-10359.0,-10424.0,-10455.0,-10618.0,12669.34,90.34064271017284,
17765.0,3019788.39,1086058.94,-10478.87,-10148.36,-10314.22,-10358.98,-10423.98,-10454.98,-10617.98,12669.34,92.310720523595,
17766.0,3019787.84,1086059.78,-10478.85,-10148.34,-10314.2,-10358.96,-10423.96,-10454.96,-10617.96,12669.34,,
17767.0,3019787.29,1086060.61,-10478.82,-10148.32,-10314.18,-10358.94,-10423.94,-10454.94,-10617.94,12669.34,,
17768.0,3019786.73,1086061.44,-10478.8,-10148.29,-10314.15,-10358.91,-10423.91,-10454.91,-10617.91,12669.34,,
17769.0,3019786.18,1086062.27,-10478.78,-10148.27,-10314.13,-10358.89,-10423.89,-10454.89,-10617.89,12669.34,91.16849455730237,
17770.0,3019785.62,1086063.11,-10478.75,-10148.25,-10314.11,-10358.87,-10423.87,-10454.87,-10617.87,12669.34,86.55767414291007,
17771.0,3019785.07,1086063.94,-10478.73,-10148.23,-10314.09,-10358.85,-10423.85,-10454.85,-10617.85,12669.33,86.72534033979707,
17772.0,3019784.51,1086064.77,-10478.71,-10148.2,-10314.06,-10358.82,-10423.82,-10454.82,-10617.82,12669.33,90.84364130083382,
17773.0,3019783.96,1086065.6,-10478.69,-10148.18,-10314.04,-10358.8,-10423.8,-10454.8,-10617.8,12669.33,91.22089024382956,
17774.0,3019783.4,1086066.43,-10478.66,-10148.16,-10314.02,-10358.78,-10423.78,-10454.78,-10617.78,12669.33,86.83013171285143,
17775.0,3019782.85,1086067.26,-10478.64,-10148.14,-10314.0,-10358.76,-10423.76,-10454.76,-10617.76,12669.33,85.74030143308599,
17776.0,3019782.29,1086068.09,-10478.62,-10148.12,-10313.98,-10358.74,-10423.74,-10454.74,-10617.74,12669.33,,
17777.0,3019781.74,1086068.93,-10478.6,-10148.09,-10313.95,-10358.71,-10423.71,-10454.71,-10617.71,12669.33,89.03075054699322,
17778.0,3019781.18,1086069.76,-10478.57,-10148.07,-10313.93,-10358.69,-10423.69,-10454.69,-10617.69,12669.33,93.42150907797134,
17779.0,3019780.63,1086070.59,-10478.55,-10148.05,-10313.91,-10358.67,-10423.67,-10454.67,-10617.67,12669.33,91.94395071790473,
17780.0,3019780.07,1086071.42,-10478.53,-10148.03,-10313.89,-10358.65,-10423.65,-10454.65,-10617.65,12669.33,85.58311437350442,
17781.0,3019779.52,1086072.25,-10478.5,-10148.01,-10313.87,-10358.63,-10423.63,-10454.63,-10617.63,12669.33,80.80462776222512,
17782.0,3019778.96,1086073.08,-10478.48,-10147.98,-10313.84,-10358.6,-10423.6,-10454.6,-10617.6,12669.33,,
17783.0,3019778.41,1086073.91,-10478.46,-10147.96,-10313.82,-10358.58,-10423.58,-10454.58,-10617.58,12669.33,,
17784.0,3019777.85,1086074.74,-10478.44,-10147.94,-10313.8,-10358.56,-10423.56,-10454.56,-10617.56,12669.33,,
17785.0,3019777.3,1086075.58,-10478.41,-10147.92,-10313.78,-10358.54,-10423.54,-10454.54,-10617.54,12669.33,,
17786.0,3019776.74,1086076.41,-10478.39,-10147.89,-10313.75,-10358.51,-10423.51,-10454.51,-10617.51,12669.33,82.39745663265157,
17787.0,3019776.18,1086077.24,-10478.37,-10147.87,-10313.73,-10358.49,-10423.49,-10454.49,-10617.49,12669.320000000002,88.75829297705185,
17788.0,3019775.63,1086078.07,-10478.34,-10147.85,-10313.71,-10358.47,-10423.47,-10454.47,-10617.47,12669.320000000002,91.82868020754492,
17789.0,3019775.07,1086078.9,-10478.32,-10147.83,-10313.69,-10358.45,-10423.45,-10454.45,-10617.45,12669.320000000002,88.53823109363768,
17790.0,3019774.52,1086079.73,-10478.3,-10147.81,-10313.67,-10358.43,-10423.43,-10454.43,-10617.43,12669.320000000002,83.26722502900284,
17791.0,3019773.96,1086080.56,-10478.28,-10147.78,-10313.64,-10358.4,-10423.4,-10454.4,-10617.4,12669.320000000002,82.7747055756473,
17792.0,3019773.41,1086081.39,-10478.25,-10147.76,-10313.62,-10358.38,-10423.38,-10454.38,-10617.38,12669.320000000002,,
17793.0,3019772.85,1086082.23,-10478.23,-10147.74,-10313.6,-10358.36,-10423.36,-10454.36,-10617.36,12669.320000000002,85.74030143308599,
17794.0,3019772.3,1086083.06,-10478.21,-10147.72,-10313.58,-10358.34,-10423.34,-10454.34,-10617.34,12669.320000000002,,
17795.0,3019771.74,1086083.89,-10478.18,-10147.7,-10313.56,-10358.32,-10423.32,-10454.32,-10617.32,12669.320000000002,90.34064271017284,
17796.0,3019771.18,1086084.72,-10478.16,-10147.67,-10313.53,-10358.29,-10423.29,-10454.29,-10617.29,12669.320000000002,93.85115370749426,
17797.0,3019770.63,1086085.55,-10478.14,-10147.65,-10313.51,-10358.27,-10423.27,-10454.27,-10617.27,12669.320000000002,95.83171065822188,
17798.0,3019770.07,1086086.38,-10478.11,-10147.63,-10313.49,-10358.25,-10423.25,-10454.25,-10617.25,12669.320000000002,95.17152500797933,
17799.0,3019769.52,1086087.21,-10478.09,-10147.61,-10313.47,-10358.23,-10423.23,-10454.23,-10617.23,12669.31,92.54126154431462,
17800.0,3019768.96,1086088.04,-10478.07,-10147.58,-10313.44,-10358.2,-10423.2,-10454.2,-10617.2,12669.31,88.37056489675068,
17801.0,3019768.41,1086088.87,-10478.05,-10147.56,-10313.42,-10358.18,-10423.18,-10454.18,-10617.18,12669.31,,
17802.0,3019767.85,1086089.7,-10478.02,-10147.54,-10313.4,-10358.16,-10423.16,-10454.16,-10617.16,12669.31,94.30175661162806,
17803.0,3019767.29,1086090.54,-10478.0,-10147.52,-10313.38,-10358.14,-10423.14,-10454.14,-10617.14,12669.31,92.48886585778745,
17804.0,3019766.74,1086091.37,-10477.98,-10147.5,-10313.36,-10358.12,-10423.12,-10454.12,-10617.12,12669.31,86.55767414291007,
17805.0,3019766.18,1086092.2,-10477.95,-10147.47,-10313.33,-10358.09,-10423.09,-10454.09,-10617.09,12669.31,81.9573328658232,
17806.0,3019765.63,1086093.03,-10477.93,-10147.45,-10313.31,-10358.07,-10423.07,-10454.07,-10617.07,12669.31,81.29714721558067,
17807.0,3019765.07,1086093.86,-10477.91,-10147.43,-10313.29,-10358.05,-10423.05,-10454.05,-10617.05,12669.31,84.36753444607373,
17808.0,3019764.52,1086094.69,-10477.88,-10147.41,-10313.27,-10358.03,-10423.03,-10454.03,-10617.03,12669.31,90.28824702364564,
17809.0,3019763.96,1086095.52,-10477.86,-10147.39,-10313.25,-10358.01,-10423.01,-10454.01,-10617.01,12669.3,93.42150907797134,
17810.0,3019763.4,1086096.35,-10477.84,-10147.36,-10313.22,-10357.98,-10422.98,-10453.98,-10616.98,12669.3,90.7807664770012,
17811.0,3019762.85,1086097.18,-10477.81,-10147.34,-10313.2,-10357.96,-10422.96,-10453.96,-10616.96,12669.3,87.71037924650814,
17812.0,3019762.29,1086098.01,-10477.79,-10147.32,-10313.18,-10357.94,-10422.94,-10453.94,-10616.94,12669.3,85.74030143308599,
17813.0,3019761.74,1086098.85,-10477.77,-10147.3,-10313.16,-10357.92,-10422.92,-10453.92,-10616.92,12669.3,80.96181482180668,
17814.0,3019761.18,1086099.68,-10477.74,-10147.27,-10313.13,-10357.89,-10422.89,-10453.89,-10616.89,12669.3,76.84351386076992,
17815.0,3019760.62,1086100.51,-10477.72,-10147.25,-10313.11,-10357.87,-10422.87,-10453.87,-10616.87,12669.3,81.06660619486105,
17816.0,3019760.07,1086101.34,-10477.7,-10147.23,-10313.09,-10357.85,-10422.85,-10453.85,-10616.85,12669.3,91.38855644071656,
17817.0,3019759.51,1086102.17,-10477.67,-10147.21,-10313.07,-10357.83,-10422.83,-10453.83,-10616.83,12669.29,95.83171065822188,
17818.0,3019758.96,1086103.0,-10477.65,-10147.19,-10313.05,-10357.81,-10422.81,-10453.81,-10616.81,12669.29,97.3721438421211,
17819.0,3019758.4,1086103.83,-10477.63,-10147.16,-10313.02,-10357.78,-10422.78,-10453.78,-10616.78,12669.29,92.981385311143,
17820.0,3019757.84,1086104.66,-10477.6,-10147.14,-10313.0,-10357.76,-10422.76,-10453.76,-10616.76,12669.29,87.27025547967979,
17821.0,3019757.29,1086105.49,-10477.58,-10147.12,-10312.98,-10357.74,-10422.74,-10453.74,-10616.74,12669.29,85.237302842425,
17822.0,3019756.73,1086106.32,-10477.56,-10147.1,-10312.96,-10357.72,-10422.72,-10453.72,-10616.72,12669.29,86.72534033979707,
17823.0,3019756.18,1086107.15,-10477.53,-10147.08,-10312.94,-10357.7,-10422.7,-10453.7,-10616.7,12669.29,87.3855259900396,
17824.0,3019755.62,1086107.99,-10477.51,-10147.05,-10312.91,-10357.67,-10422.67,-10453.67,-10616.67,12669.29,87.71037924650814,
17825.0,3019755.06,1086108.82,-10477.48,-10147.03,-10312.89,-10357.65,-10422.65,-10453.65,-10616.65,12669.28,,
17826.0,3019754.51,1086109.65,-10477.46,-10147.01,-10312.87,-10357.63,-10422.63,-10453.63,-10616.63,12669.28,89.6804570599303,
17827.0,3019753.95,1086110.48,-10477.44,-10146.99,-10312.85,-10357.61,-10422.61,-10453.61,-10616.61,12669.28,89.02027140968778,
17828.0,3019753.4,1086111.31,-10477.41,-10146.96,-10312.82,-10357.58,-10422.58,-10453.58,-10616.58,12669.28,84.91244958595645,
17829.0,3019752.84,1086112.14,-10477.39,-10146.94,-10312.8,-10357.56,-10422.56,-10453.56,-10616.56,12669.28,85.74030143308599,
17830.0,3019752.28,1086112.97,-10477.37,-10146.92,-10312.78,-10357.54,-10422.54,-10453.54,-10616.54,12669.28,,
17831.0,3019751.73,1086113.8,-10477.34,-10146.9,-10312.76,-10357.52,-10422.52,-10453.52,-10616.52,12669.27,92.310720523595,
17832.0,3019751.17,1086114.63,-10477.32,-10146.88,-10312.74,-10357.5,-10422.5,-10453.5,-10616.5,12669.27,91.16849455730237,
17833.0,3019750.62,1086115.46,-10477.3,-10146.85,-10312.71,-10357.47,-10422.47,-10453.47,-10616.47,12669.27,,
17834.0,3019750.06,1086116.29,-10477.27,-10146.83,-10312.69,-10357.45,-10422.45,-10453.45,-10616.45,12669.27,81.9573328658232,
17835.0,3019749.5,1086117.12,-10477.25,-10146.81,-10312.67,-10357.43,-10422.43,-10453.43,-10616.43,12669.27,80.80462776222512,
17836.0,3019748.95,1086117.96,-10477.22,-10146.79,-10312.65,-10357.41,-10422.41,-10453.41,-10616.41,12669.27,,
17837.0,3019748.39,1086118.79,-10477.2,-10146.77,-10312.63,-10357.39,-10422.39,-10453.39,-10616.39,12669.27,85.58311437350442,
17838.0,3019747.84,1086119.62,-10477.18,-10146.74,-10312.6,-10357.36,-10422.36,-10453.36,-10616.36,12669.26,91.50382695107636,
17839.0,3019747.28,1086120.45,-10477.15,-10146.72,-10312.58,-10357.34,-10422.34,-10453.34,-10616.34,12669.26,93.8616328447997,
17840.0,3019746.72,1086121.28,-10477.13,-10146.7,-10312.56,-10357.32,-10422.32,-10453.32,-10616.32,12669.26,89.46039517651613,
17841.0,3019746.17,1086122.11,-10477.11,-10146.68,-10312.54,-10357.3,-10422.3,-10453.3,-10616.3,12669.26,85.89748849266753,
17842.0,3019745.61,1086122.94,-10477.08,-10146.65,-10312.51,-10357.27,-10422.27,-10453.27,-10616.27,12669.26,83.26722502900284,
17843.0,3019745.05,1086123.77,-10477.06,-10146.63,-10312.49,-10357.25,-10422.25,-10453.25,-10616.25,12669.26,84.7552625263749,
17844.0,3019744.5,1086124.6,-10477.03,-10146.61,-10312.47,-10357.23,-10422.23,-10453.23,-10616.23,12669.25,88.20289869986368,
17845.0,3019743.94,1086125.43,-10477.01,-10146.59,-10312.45,-10357.21,-10422.21,-10453.21,-10616.21,12669.25,89.02027140968778,
17846.0,3019743.39,1086126.26,-10476.99,-10146.57,-10312.43,-10357.19,-10422.19,-10453.19,-10616.19,12669.25,88.37056489675068,
17847.0,3019742.83,1086127.09,-10476.96,-10146.54,-10312.4,-10357.16,-10422.16,-10453.16,-10616.16,12669.25,89.6804570599303,
17848.0,3019742.27,1086127.92,-10476.94,-10146.52,-10312.38,-10357.14,-10422.14,-10453.14,-10616.14,12669.25,89.02027140968778,
17849.0,3019741.72,1086128.75,-10476.91,-10146.5,-10312.36,-10357.12,-10422.12,-10453.12,-10616.12,12669.240000000002,87.05019359626561,
17850.0,3019741.16,1086129.59,-10476.89,-10146.48,-10312.34,-10357.1,-10422.1,-10453.1,-10616.1,12669.240000000002,89.02027140968778,
17851.0,3019740.6,1086130.42,-10476.87,-10146.46,-10312.32,-10357.08,-10422.08,-10453.08,-10616.08,12669.240000000002,89.6804570599303,
17852.0,3019740.05,1086131.25,-10476.84,-10146.43,-10312.29,-10357.05,-10422.05,-10453.05,-10616.05,12669.240000000002,87.2178597931526,
17853.0,3019739.49,1086132.08,-10476.82,-10146.41,-10312.27,-10357.03,-10422.03,-10453.03,-10616.03,12669.240000000002,83.75974448235839,
17854.0,3019738.94,1086132.91,-10476.79,-10146.39,-10312.25,-10357.01,-10422.01,-10453.01,-10616.01,12669.23,83.26722502900284,
17855.0,3019738.38,1086133.74,-10476.77,-10146.37,-10312.23,-10356.99,-10421.99,-10452.99,-10615.99,12669.23,,
17856.0,3019737.82,1086134.57,-10476.75,-10146.34,-10312.2,-10356.96,-10421.96,-10452.96,-10615.96,12669.23,83.75974448235839,
17857.0,3019737.27,1086135.4,-10476.72,-10146.32,-10312.18,-10356.94,-10421.94,-10452.94,-10615.94,12669.23,85.237302842425,
17858.0,3019736.71,1086136.23,-10476.7,-10146.3,-10312.16,-10356.92,-10421.92,-10452.92,-10615.92,12669.23,85.74030143308599,
17859.0,3019736.15,1086137.06,-10476.67,-10146.28,-10312.14,-10356.9,-10421.9,-10452.9,-10615.9,12669.22,87.71037924650814,
17860.0,3019735.6,1086137.89,-10476.65,-10146.26,-10312.12,-10356.88,-10421.88,-10452.88,-10615.88,12669.22,90.34064271017284,
17861.0,3019735.04,1086138.72,-10476.62,-10146.23,-10312.09,-10356.85,-10421.85,-10452.85,-10615.85,12669.22,92.310720523595,
17862.0,3019734.48,1086139.55,-10476.6,-10146.21,-10312.07,-10356.83,-10421.83,-10452.83,-10615.83,12669.22,86.89300653668406,
17863.0,3019733.93,1086140.38,-10476.58,-10146.19,-10312.05,-10356.81,-10421.81,-10452.81,-10615.81,12669.22,80.80462776222512,
17864.0,3019733.37,1086141.21,-10476.55,-10146.17,-10312.03,-10356.79,-10421.79,-10452.79,-10615.79,12669.21,79.9767759150956,
17865.0,3019732.82,1086142.04,-10476.53,-10146.15,-10312.01,-10356.77,-10421.77,-10452.77,-10615.77,12669.21,84.5875963294879,
17866.0,3019732.26,1086142.87,-10476.5,-10146.12,-10311.98,-10356.74,-10421.74,-10452.74,-10615.74,12669.21,85.74030143308599,
17867.0,3019731.7,1086143.7,-10476.48,-10146.1,-10311.96,-10356.72,-10421.72,-10452.72,-10615.72,12669.21,82.28218612229175,
17868.0,3019731.15,1086144.54,-10476.45,-10146.08,-10311.94,-10356.7,-10421.7,-10452.7,-10615.7,12669.21,79.48425646174005,
17869.0,3019730.59,1086145.37,-10476.43,-10146.06,-10311.92,-10356.68,-10421.68,-10452.68,-10615.68,12669.2,83.26722502900284,
17870.0,3019730.03,1086146.2,-10476.41,-10146.03,-10311.89,-10356.65,-10421.65,-10452.65,-10615.65,12669.2,91.82868020754492,
17871.0,3019729.48,1086147.03,-10476.38,-10146.01,-10311.87,-10356.63,-10421.63,-10452.63,-10615.63,12669.2,93.80923715827252,
17872.0,3019728.92,1086147.86,-10476.36,-10145.99,-10311.85,-10356.61,-10421.61,-10452.61,-10615.61,12669.2,88.75829297705185,
17873.0,3019728.36,1086148.69,-10476.33,-10145.97,-10311.83,-10356.59,-10421.59,-10452.59,-10615.59,12669.19,82.39745663265157,
17874.0,3019727.81,1086149.52,-10476.31,-10145.95,-10311.81,-10356.57,-10421.57,-10452.57,-10615.57,12669.19,,
17875.0,3019727.25,1086150.35,-10476.28,-10145.92,-10311.78,-10356.54,-10421.54,-10452.54,-10615.54,12669.19,88.75829297705185,
17876.0,3019726.69,1086151.18,-10476.26,-10145.9,-10311.76,-10356.52,-10421.52,-10452.52,-10615.52,12669.19,94.68948469192922,
17877.0,3019726.14,1086152.01,-10476.23,-10145.88,-10311.74,-10356.5,-10421.5,-10452.5,-10615.5,12669.18,94.5113393577368,
17878.0,3019725.58,1086152.84,-10476.21,-10145.86,-10311.72,-10356.48,-10421.48,-10452.48,-10615.48,12669.18,92.75084429042336,
17879.0,3019725.02,1086153.67,-10476.18,-10145.84,-10311.7,-10356.46,-10421.46,-10452.46,-10615.46,12669.18,92.310720523595,
17880.0,3019724.47,1086154.5,-10476.16,-10145.81,-10311.67,-10356.43,-10421.43,-10452.43,-10615.43,12669.18,,
17881.0,3019723.91,1086155.33,-10476.13,-10145.79,-10311.65,-10356.41,-10421.41,-10452.41,-10615.41,12669.17,,
17882.0,3019723.36,1086156.16,-10476.11,-10145.77,-10311.63,-10356.39,-10421.39,-10452.39,-10615.39,12669.17,,
17883.0,3019722.8,1086156.99,-10476.08,-10145.75,-10311.61,-10356.37,-10421.37,-10452.37,-10615.37,12669.17,91.66101401065792,
17884.0,3019722.24,1086157.82,-10476.06,-10145.72,-10311.58,-10356.34,-10421.34,-10452.34,-10615.34,12669.16,,
17885.0,3019721.69,1086158.65,-10476.03,-10145.7,-10311.56,-10356.32,-10421.32,-10452.32,-10615.32,12669.16,86.39000794602308,
17886.0,3019721.13,1086159.48,-10476.01,-10145.68,-10311.54,-10356.3,-10421.3,-10452.3,-10615.3,12669.16,85.237302842425,
17887.0,3019720.57,1086160.32,-10475.98,-10145.66,-10311.52,-10356.28,-10421.28,-10452.28,-10615.28,12669.15,81.29714721558067,
17888.0,3019720.02,1086161.15,-10475.96,-10145.64,-10311.5,-10356.26,-10421.26,-10452.26,-10615.26,12669.15,78.49921755502896,
17889.0,3019719.46,1086161.98,-10475.93,-10145.61,-10311.47,-10356.23,-10421.23,-10452.23,-10615.23,12669.15,82.61751851606574,
17890.0,3019718.91,1086162.81,-10475.91,-10145.59,-10311.45,-10356.21,-10421.21,-10452.21,-10615.21,12669.14,87.2178597931526,
17891.0,3019718.35,1086163.64,-10475.88,-10145.57,-10311.43,-10356.19,-10421.19,-10452.19,-10615.19,12669.14,86.39000794602308,
17892.0,3019717.79,1086164.47,-10475.85,-10145.55,-10311.41,-10356.17,-10421.17,-10452.17,-10615.17,12669.14,85.74030143308599,
17893.0,3019717.24,1086165.3,-10475.83,-10145.53,-10311.39,-10356.15,-10421.15,-10452.15,-10615.15,12669.13,80.96181482180668,
17894.0,3019716.68,1086166.13,-10475.8,-10145.5,-10311.36,-10356.12,-10421.12,-10452.12,-10615.12,12669.13,79.36898595138024,
17895.0,3019716.13,1086166.96,-10475.78,-10145.48,-10311.34,-10356.1,-10421.1,-10452.1,-10615.1,12669.13,79.8091097182086,
17896.0,3019715.57,1086167.79,-10475.75,-10145.45,-10311.31,-10356.07,-10421.07,-10452.07,-10615.07,12669.13,79.9767759150956,
17897.0,3019715.01,1086168.62,-10475.72,-10145.42,-10311.28,-10356.04,-10421.04,-10452.04,-10615.04,12669.13,80.80462776222512,
17898.0,3019714.46,1086169.45,-10475.7,-10145.39,-10311.25,-10356.01,-10421.01,-10452.01,-10615.01,12669.14,86.89300653668406,
17899.0,3019713.9,1086170.28,-10475.67,-10145.36,-10311.22,-10355.98,-10420.98,-10451.98,-10614.98,12669.14,92.310720523595,
17900.0,3019713.35,1086171.12,-10475.65,-10145.33,-10311.19,-10355.95,-10420.95,-10451.95,-10614.95,12669.14,90.34064271017284,
17901.0,3019712.79,1086171.95,-10475.62,-10145.3,-10311.16,-10355.92,-10420.92,-10451.92,-10614.92,12669.15,88.81068866357903,
17902.0,3019712.23,1086172.78,-10475.59,-10145.27,-10311.13,-10355.89,-10420.89,-10451.89,-10614.89,12669.15,91.22089024382956,
17903.0,3019711.68,1086173.61,-10475.57,-10145.24,-10311.1,-10355.86,-10420.86,-10451.86,-10614.86,12669.15,94.30175661162806,
17904.0,3019711.12,1086174.44,-10475.54,-10145.21,-10311.07,-10355.83,-10420.83,-10451.83,-10614.83,12669.16,91.66101401065792,
17905.0,3019710.57,1086175.27,-10475.51,-10145.18,-10311.04,-10355.8,-10420.8,-10451.8,-10614.8,12669.16,87.71037924650814,
17906.0,3019710.01,1086176.1,-10475.49,-10145.15,-10311.01,-10355.77,-10420.77,-10451.77,-10614.77,12669.17,85.74030143308599,
17907.0,3019709.46,1086176.93,-10475.46,-10145.11,-10310.97,-10355.73,-10420.73,-10451.73,-10614.73,12669.17,84.25226393571393,
17908.0,3019708.9,1086177.76,-10475.43,-10145.08,-10310.94,-10355.7,-10420.7,-10451.7,-10614.7,12669.18,83.43489122588983,
17909.0,3019708.35,1086178.59,-10475.4,-10145.05,-10310.91,-10355.67,-10420.67,-10451.67,-10614.67,12669.19,86.55767414291007,
17910.0,3019707.79,1086179.43,-10475.38,-10145.01,-10310.87,-10355.63,-10420.63,-10451.63,-10614.63,12669.19,89.18793760657476,
17911.0,3019707.23,1086180.26,-10475.35,-10144.98,-10310.84,-10355.6,-10420.6,-10451.6,-10614.6,12669.2,87.71037924650814,
17912.0,3019706.68,1086181.09,-10475.32,-10144.95,-10310.81,-10355.57,-10420.57,-10451.57,-10614.57,12669.21,85.74030143308599,
17913.0,3019706.12,1086181.92,-10475.3,-10144.91,-10310.77,-10355.53,-10420.53,-10451.53,-10614.53,12669.21,,
17914.0,3019705.57,1086182.75,-10475.27,-10144.88,-10310.74,-10355.5,-10420.5,-10451.5,-10614.5,12669.22,86.83013171285143,
17915.0,3019705.01,1086183.58,-10475.24,-10144.85,-10310.71,-10355.47,-10420.47,-10451.47,-10614.47,12669.22,87.93044112992231,
17916.0,3019704.46,1086184.41,-10475.21,-10144.81,-10310.67,-10355.43,-10420.43,-10451.43,-10614.43,12669.23,89.9005189433445,
17917.0,3019703.9,1086185.24,-10475.19,-10144.78,-10310.64,-10355.4,-10420.4,-10451.4,-10614.4,12669.240000000002,90.34064271017284,
17918.0,3019703.35,1086186.07,-10475.16,-10144.75,-10310.61,-10355.37,-10420.37,-10451.37,-10614.37,12669.240000000002,92.310720523595,
17919.0,3019702.79,1086186.91,-10475.13,-10144.71,-10310.57,-10355.33,-10420.33,-10451.33,-10614.33,12669.25,,
17920.0,3019702.24,1086187.74,-10475.1,-10144.68,-10310.54,-10355.3,-10420.3,-10451.3,-10614.3,12669.25,,
17921.0,3019701.68,1086188.57,-10475.08,-10144.65,-10310.51,-10355.27,-10420.27,-10451.27,-10614.27,12669.26,,
17922.0,3019701.13,1086189.4,-10475.05,-10144.61,-10310.47,-10355.23,-10420.23,-10451.23,-10614.23,12669.26,,
17923.0,3019700.57,1086190.23,-10475.02,-10144.58,-10310.44,-10355.2,-10420.2,-10451.2,-10614.2,12669.27,91.16849455730237,
17924.0,3019700.02,1086191.06,-10474.99,-10144.55,-10310.41,-10355.17,-10420.17,-10451.17,-10614.17,12669.28,,
17925.0,3019699.46,1086191.89,-10474.96,-10144.51,-10310.37,-10355.13,-10420.13,-10451.13,-10614.13,12669.28,81.9573328658232,
17926.0,3019698.9,1086192.72,-10474.93,-10144.48,-10310.34,-10355.1,-10420.1,-10451.1,-10614.1,12669.29,80.80462776222512,
17927.0,3019698.35,1086193.56,-10474.91,-10144.44,-10310.3,-10355.06,-10420.06,-10451.06,-10614.06,12669.29,,
17928.0,3019697.79,1086194.39,-10474.88,-10144.41,-10310.27,-10355.03,-10420.03,-10451.03,-10614.03,12669.3,80.1444421119826,
17929.0,3019697.24,1086195.22,-10474.85,-10144.38,-10310.24,-10355.0,-10420.0,-10451.0,-10614.0,12669.3,77.51417864831788,
17930.0,3019696.68,1086196.05,-10474.82,-10144.34,-10310.2,-10354.96,-10419.96,-10450.96,-10613.96,12669.31,77.83903190478644,
17931.0,3019696.13,1086196.88,-10474.79,-10144.31,-10310.17,-10354.93,-10419.93,-10450.93,-10613.93,12669.31,79.81958885551404,
17932.0,3019695.57,1086197.71,-10474.76,-10144.28,-10310.14,-10354.9,-10419.9,-10450.9,-10613.9,12669.320000000002,79.3270694021585,
17933.0,3019695.02,1086198.54,-10474.74,-10144.24,-10310.1,-10354.86,-10419.86,-10450.86,-10613.86,12669.320000000002,78.17436429856042,
17934.0,3019694.46,1086199.38,-10474.71,-10144.21,-10310.07,-10354.83,-10419.83,-10450.83,-10613.83,12669.33,79.3270694021585,
17935.0,3019693.91,1086200.21,-10474.68,-10144.18,-10310.04,-10354.8,-10419.8,-10450.8,-10613.8,12669.33,78.49921755502896,
17936.0,3019693.36,1086201.04,-10474.65,-10144.14,-10310.0,-10354.76,-10419.76,-10450.76,-10613.76,12669.33,78.8764664980247,
17937.0,3019692.8,1086201.87,-10474.62,-10144.11,-10309.97,-10354.73,-10419.73,-10450.73,-10613.73,12669.34,80.96181482180668,
17938.0,3019692.25,1086202.7,-10474.59,-10144.08,-10309.94,-10354.7,-10419.7,-10450.7,-10613.7,12669.34,85.237302842425,
17939.0,3019691.69,1086203.53,-10474.56,-10144.04,-10309.9,-10354.66,-10419.66,-10450.66,-10613.66,12669.35,83.26722502900284,
17940.0,3019691.14,1086204.36,-10474.53,-10144.01,-10309.87,-10354.63,-10419.63,-10450.63,-10613.63,12669.35,82.44985231917875,
17941.0,3019690.58,1086205.2,-10474.5,-10143.98,-10309.84,-10354.6,-10419.6,-10450.6,-10613.6,12669.36,85.89748849266753,
17942.0,3019690.03,1086206.03,-10474.47,-10143.94,-10309.8,-10354.56,-10419.56,-10450.56,-10613.56,12669.36,87.87804544339514,
17943.0,3019689.47,1086206.86,-10474.44,-10143.91,-10309.77,-10354.53,-10419.53,-10450.53,-10613.53,12669.36,86.39000794602308,
17944.0,3019688.92,1086207.69,-10474.42,-10143.88,-10309.74,-10354.5,-10419.5,-10450.5,-10613.5,12669.37,85.74030143308599,
17945.0,3019688.36,1086208.52,-10474.39,-10143.84,-10309.7,-10354.46,-10419.46,-10450.46,-10613.46,12669.37,84.25226393571393,
17946.0,3019687.81,1086209.35,-10474.36,-10143.81,-10309.67,-10354.43,-10419.43,-10450.43,-10613.43,12669.38,83.92741067924537,
17947.0,3019687.25,1086210.19,-10474.33,-10143.78,-10309.64,-10354.4,-10419.4,-10450.4,-10613.4,12669.38,81.62200047204921,
17948.0,3019686.7,1086211.02,-10474.3,-10143.74,-10309.6,-10354.36,-10419.36,-10450.36,-10613.36,12669.38,83.92741067924537,
17949.0,3019686.14,1086211.85,-10474.27,-10143.71,-10309.57,-10354.33,-10419.33,-10450.33,-10613.33,12669.39,85.24778197973045,
17950.0,3019685.59,1086212.68,-10474.24,-10143.67,-10309.53,-10354.29,-10419.29,-10450.29,-10613.29,12669.39,84.41993013260091,
17951.0,3019685.04,1086213.51,-10474.21,-10143.64,-10309.5,-10354.26,-10419.26,-10450.26,-10613.26,12669.39,85.237302842425,
17952.0,3019684.48,1086214.34,-10474.18,-10143.61,-10309.47,-10354.23,-10419.23,-10450.23,-10613.23,12669.4,85.74030143308599,
17953.0,3019683.93,1086215.18,-10474.15,-10143.57,-10309.43,-10354.19,-10419.19,-10450.19,-10613.19,12669.4,,
17954.0,3019683.37,1086216.01,-10474.12,-10143.54,-10309.4,-10354.16,-10419.16,-10450.16,-10613.16,12669.4,,
17955.0,3019682.82,1086216.84,-10474.09,-10143.51,-10309.37,-10354.13,-10419.13,-10450.13,-10613.13,12669.41,86.39000794602308,
17956.0,3019682.26,1086217.67,-10474.06,-10143.47,-10309.33,-10354.09,-10419.09,-10450.09,-10613.09,12669.41,89.02027140968778,
17957.0,3019681.71,1086218.5,-10474.03,-10143.44,-10309.3,-10354.06,-10419.06,-10450.06,-10613.06,12669.41,92.54126154431462,
17958.0,3019681.16,1086219.33,-10473.99,-10143.41,-10309.27,-10354.03,-10419.03,-10450.03,-10613.03,12669.42,93.19096805725172,
17959.0,3019680.6,1086220.17,-10473.96,-10143.37,-10309.23,-10353.99,-10418.99,-10449.99,-10612.99,12669.42,90.9484326738882,
17960.0,3019680.05,1086221.0,-10473.93,-10143.34,-10309.2,-10353.96,-10418.96,-10449.96,-10612.96,12669.42,85.08011578284344,
17961.0,3019679.49,1086221.83,-10473.9,-10143.31,-10309.17,-10353.93,-10418.93,-10449.93,-10612.93,12669.43,84.41993013260091,
17962.0,3019678.94,1086222.66,-10473.87,-10143.27,-10309.13,-10353.89,-10418.89,-10449.89,-10612.89,12669.43,87.87804544339514,
17963.0,3019678.39,1086223.49,-10473.84,-10143.24,-10309.1,-10353.86,-10418.86,-10449.86,-10612.86,12669.43,89.6804570599303,
17964.0,3019677.83,1086224.33,-10473.81,-10143.21,-10309.07,-10353.83,-10418.83,-10449.83,-10612.83,12669.43,94.2912774743226,
17965.0,3019677.28,1086225.16,-10473.78,-10143.17,-10309.03,-10353.79,-10418.79,-10449.79,-10612.79,12669.44,96.42902148463176,
17966.0,3019676.72,1086225.99,-10473.75,-10143.14,-10309.0,-10353.76,-10418.76,-10449.76,-10612.76,12669.44,91.44095212724372,
17967.0,3019676.17,1086226.82,-10473.72,-10143.11,-10308.97,-10353.73,-10418.73,-10449.73,-10612.73,12669.44,85.30017766625762,
17968.0,3019675.62,1086227.65,-10473.69,-10143.07,-10308.93,-10353.69,-10418.69,-10449.69,-10612.69,12669.44,87.2178597931526,
17969.0,3019675.06,1086228.49,-10473.65,-10143.04,-10308.9,-10353.66,-10418.66,-10449.66,-10612.66,12669.44,89.6804570599303,
17970.0,3019674.51,1086229.32,-10473.62,-10143.01,-10308.87,-10353.63,-10418.63,-10449.63,-10612.63,12669.44,89.02027140968778,
17971.0,3019673.96,1086230.15,-10473.59,-10142.97,-10308.83,-10353.59,-10418.59,-10449.59,-10612.59,12669.45,,
17972.0,3019673.4,1086230.98,-10473.56,-10142.94,-10308.8,-10353.56,-10418.56,-10449.56,-10612.56,12669.45,68.83745295941601,
17973.0,3019672.85,1086231.82,-10473.53,-10142.91,-10308.77,-10353.53,-10418.53,-10449.53,-10612.53,12669.45,61.59636908135901,
17974.0,3019672.3,1086232.65,-10473.49,-10142.87,-10308.73,-10353.49,-10418.49,-10449.49,-10612.49,12669.45,,
17975.0,3019671.75,1086233.48,-10473.46,-10142.84,-10308.7,-10353.46,-10418.46,-10449.46,-10612.46,12669.45,68.83745295941601,
17976.0,3019671.2,1086234.32,-10473.43,-10142.8,-10308.66,-10353.42,-10418.42,-10449.42,-10612.42,12669.45,,
17977.0,3019670.65,1086235.15,-10473.39,-10142.77,-10308.63,-10353.39,-10418.39,-10449.39,-10612.39,12669.45,89.02027140968778,
17978.0,3019670.1,1086235.99,-10473.36,-10142.74,-10308.6,-10353.36,-10418.36,-10449.36,-10612.36,12669.45,91.66101401065792,
17979.0,3019669.54,1086236.82,-10473.33,-10142.7,-10308.56,-10353.32,-10418.32,-10449.32,-10612.32,12669.45,91.16849455730237,
17980.0,3019668.99,1086237.65,-10473.29,-10142.67,-10308.53,-10353.29,-10418.29,-10449.29,-10612.29,12669.45,86.55767414291007,
17981.0,3019668.44,1086238.49,-10473.26,-10142.64,-10308.5,-10353.26,-10418.26,-10449.26,-10612.26,12669.45,83.43489122588983,
17982.0,3019667.9,1086239.32,-10473.23,-10142.6,-10308.46,-10353.22,-10418.22,-10449.22,-10612.22,12669.45,84.25226393571393,
17983.0,3019667.35,1086240.16,-10473.19,-10142.57,-10308.43,-10353.19,-10418.19,-10449.19,-10612.19,12669.45,85.74030143308599,
17984.0,3019666.8,1086240.99,-10473.16,-10142.54,-10308.4,-10353.16,-10418.16,-10449.16,-10612.16,12669.45,,
17985.0,3019666.25,1086241.83,-10473.12,-10142.5,-10308.36,-10353.12,-10418.12,-10449.12,-10612.12,12669.45,84.25226393571393,
17986.0,3019665.7,1086242.66,-10473.09,-10142.47,-10308.33,-10353.09,-10418.09,-10449.09,-10612.09,12669.45,83.87501499271819,
17987.0,3019665.15,1086243.5,-10473.05,-10142.44,-10308.3,-10353.06,-10418.06,-10449.06,-10612.06,12669.44,,
17988.0,3019664.6,1086244.34,-10473.02,-10142.4,-10308.26,-10353.02,-10418.02,-10449.02,-10612.02,12669.44,92.9289896246158,
17989.0,3019664.06,1086245.17,-10472.98,-10142.37,-10308.23,-10352.99,-10417.99,-10448.99,-10611.99,12669.44,93.19096805725172,
17990.0,3019663.51,1086246.01,-10472.95,-10142.34,-10308.2,-10352.96,-10417.96,-10448.96,-10611.96,12669.44,94.07121559090842,
17991.0,3019662.96,1086246.84,-10472.91,-10142.3,-10308.16,-10352.92,-10417.92,-10448.92,-10611.92,12669.43,,
17992.0,3019662.41,1086247.68,-10472.87,-10142.27,-10308.13,-10352.89,-10417.89,-10448.89,-10611.89,12669.43,87.3331303035124,
17993.0,3019661.87,1086248.52,-10472.84,-10142.24,-10308.1,-10352.86,-10417.86,-10448.86,-10611.86,12669.43,81.62200047204921,
17994.0,3019661.32,1086249.35,-10472.8,-10142.2,-10308.06,-10352.82,-10417.82,-10448.82,-10611.82,12669.43,78.83454994880296,
17995.0,3019660.78,1086250.19,-10472.76,-10142.17,-10308.03,-10352.79,-10417.79,-10448.79,-10611.79,12669.42,80.80462776222512,
17996.0,3019660.23,1086251.03,-10472.73,-10142.14,-10308.0,-10352.76,-10417.76,-10448.76,-10611.76,12669.42,,
17997.0,3019659.68,1086251.87,-10472.69,-10142.1,-10307.96,-10352.72,-10417.72,-10448.72,-10611.72,12669.42,84.26274307301935,
17998.0,3019659.14,1086252.7,-10472.65,-10142.07,-10307.93,-10352.69,-10417.69,-10448.69,-10611.69,12669.41,88.20289869986368,
17999.0,3019658.59,1086253.54,-10472.61,-10142.03,-10307.89,-10352.65,-10417.65,-10448.65,-10611.65,12669.41,89.6804570599303,
18000.0,3019658.05,1086254.38,-10472.58,-10142.0,-10307.86,-10352.62,-10417.62,-10448.62,-10611.62,12669.4,,
18001.0,3019657.51,1086255.22,-10472.54,-10141.97,-10307.83,-10352.59,-10417.59,-10448.59,-10611.59,12669.4,91.66101401065792,
18002.0,3019656.96,1086256.05,-10472.5,-10141.93,-10307.79,-10352.55,-10417.55,-10448.55,-10611.55,12669.39,88.86308435010622,
18003.0,3019656.42,1086256.89,-10472.46,-10141.9,-10307.76,-10352.52,-10417.52,-10448.52,-10611.52,12669.39,84.26274307301935,
18004.0,3019655.88,1086257.73,-10472.42,-10141.87,-10307.73,-10352.49,-10417.49,-10448.49,-10611.49,12669.38,,
18005.0,3019655.33,1086258.57,-10472.38,-10141.83,-10307.69,-10352.45,-10417.45,-10448.45,-10611.45,12669.38,,
18006.0,3019654.79,1086259.41,-10472.35,-10141.8,-10307.66,-10352.42,-10417.42,-10448.42,-10611.42,12669.37,91.16849455730237,
18007.0,3019654.25,1086260.25,-10472.31,-10141.77,-10307.63,-10352.39,-10417.39,-10448.39,-10611.39,12669.37,86.55767414291007,
18008.0,3019653.7,1086261.09,-10472.27,-10141.73,-10307.59,-10352.35,-10417.35,-10448.35,-10611.35,12669.36,83.43489122588983,
18009.0,3019653.16,1086261.93,-10472.23,-10141.7,-10307.56,-10352.32,-10417.32,-10448.32,-10611.32,12669.35,83.75974448235839,
18010.0,3019652.62,1086262.77,-10472.19,-10141.67,-10307.53,-10352.29,-10417.29,-10448.29,-10611.29,12669.35,84.41993013260091,
18011.0,3019652.08,1086263.61,-10472.15,-10141.63,-10307.49,-10352.25,-10417.25,-10448.25,-10611.25,12669.34,87.05019359626561,
18012.0,3019651.54,1086264.45,-10472.11,-10141.6,-10307.46,-10352.22,-10417.22,-10448.22,-10611.22,12669.34,89.35560380346176,
18013.0,3019651.0,1086265.29,-10472.07,-10141.57,-10307.43,-10352.19,-10417.19,-10448.19,-10611.19,12669.33,84.41993013260091,
18014.0,3019650.46,1086266.13,-10472.03,-10141.53,-10307.39,-10352.15,-10417.15,-10448.15,-10611.15,12669.320000000002,81.7896666689362,
18015.0,3019649.92,1086266.97,-10471.99,-10141.5,-10307.36,-10352.12,-10417.12,-10448.12,-10611.12,12669.320000000002,89.62806137340313,
18016.0,3019649.38,1086267.81,-10471.94,-10141.47,-10307.33,-10352.09,-10417.09,-10448.09,-10611.09,12669.31,93.4110299406659,
18017.0,3019648.84,1086268.65,-10471.9,-10141.43,-10307.29,-10352.05,-10417.05,-10448.05,-10611.05,12669.3,93.85115370749426,
18018.0,3019648.3,1086269.49,-10471.86,-10141.4,-10307.26,-10352.02,-10417.02,-10448.02,-10611.02,12669.29,92.75084429042336,
18019.0,3019647.76,1086270.33,-10471.82,-10141.37,-10307.23,-10351.99,-10416.99,-10447.99,-10610.99,12669.28,94.5113393577368,
18020.0,3019647.22,1086271.17,-10471.78,-10141.33,-10307.19,-10351.95,-10416.95,-10447.95,-10610.95,12669.27,88.21337783716913,
18021.0,3019646.68,1086272.01,-10471.74,-10141.3,-10307.16,-10351.92,-10416.92,-10447.92,-10610.92,12669.27,79.48425646174005,
18022.0,3019646.14,1086272.86,-10471.69,-10141.27,-10307.13,-10351.89,-10416.89,-10447.89,-10610.89,12669.26,77.28363762759827,
18023.0,3019645.6,1086273.7,-10471.65,-10141.23,-10307.09,-10351.85,-10416.85,-10447.85,-10610.85,12669.25,81.6743961585764,
18024.0,3019645.07,1086274.54,-10471.61,-10141.2,-10307.06,-10351.82,-10416.82,-10447.82,-10610.82,12669.240000000002,81.29714721558067,
18025.0,3019644.53,1086275.38,-10471.57,-10141.16,-10307.02,-10351.78,-10416.78,-10447.78,-10610.78,12669.23,80.80462776222512,
18026.0,3019643.99,1086276.22,-10471.52,-10141.13,-10306.99,-10351.75,-10416.75,-10447.75,-10610.75,12669.22,,
18027.0,3019643.46,1086277.07,-10471.48,-10141.1,-10306.96,-10351.72,-10416.72,-10447.72,-10610.72,12669.21,,
18028.0,3019642.92,1086277.91,-10471.44,-10141.06,-10306.92,-10351.68,-10416.68,-10447.68,-10610.68,12669.2,82.28218612229175,
18029.0,3019642.38,1086278.75,-10471.39,-10141.03,-10306.89,-10351.65,-10416.65,-10447.65,-10610.65,12669.19,,
18030.0,3019641.85,1086279.6,-10471.35,-10141.0,-10306.86,-10351.62,-10416.62,-10447.62,-10610.62,12669.18,86.39000794602308,
18031.0,3019641.31,1086280.44,-10471.31,-10140.96,-10306.82,-10351.58,-10416.58,-10447.58,-10610.58,12669.17,87.87804544339514,
18032.0,3019640.78,1086281.28,-10471.26,-10140.93,-10306.79,-10351.55,-10416.55,-10447.55,-10610.55,12669.16,85.89748849266753,
18033.0,3019640.24,1086282.13,-10471.22,-10140.9,-10306.76,-10351.52,-10416.52,-10447.52,-10610.52,12669.15,85.404969039312,
18034.0,3019639.71,1086282.97,-10471.17,-10140.86,-10306.72,-10351.48,-10416.48,-10447.48,-10610.48,12669.14,88.20289869986368,
18035.0,3019639.17,1086283.81,-10471.13,-10140.83,-10306.69,-10351.45,-10416.45,-10447.45,-10610.45,12669.13,88.52775195633224,
18036.0,3019638.64,1086284.66,-10471.08,-10140.8,-10306.66,-10351.42,-10416.42,-10447.42,-10610.42,12669.12,83.92741067924537,
18037.0,3019638.1,1086285.5,-10471.04,-10140.76,-10306.62,-10351.38,-10416.38,-10447.38,-10610.38,12669.1,84.7552625263749,
18038.0,3019637.57,1086286.35,-10470.99,-10140.73,-10306.59,-10351.35,-10416.35,-10447.35,-10610.35,12669.09,86.89300653668406,
18039.0,3019637.04,1086287.19,-10470.95,-10140.7,-10306.56,-10351.32,-10416.32,-10447.32,-10610.32,12669.08,84.25226393571393,
18040.0,3019636.5,1086288.04,-10470.9,-10140.66,-10306.52,-10351.28,-10416.28,-10447.28,-10610.28,12669.070000000002,77.68184484520488,
18041.0,3019635.97,1086288.88,-10470.86,-10140.63,-10306.49,-10351.25,-10416.25,-10447.25,-10610.25,12669.05,74.22372953441065,
18042.0,3019635.44,1086289.73,-10470.81,-10140.6,-10306.46,-10351.22,-10416.22,-10447.22,-10610.22,12669.04,,
18043.0,3019634.91,1086290.57,-10470.76,-10140.56,-10306.42,-10351.18,-10416.18,-10447.18,-10610.18,12669.03,,
18044.0,3019634.37,1086291.42,-10470.72,-10140.53,-10306.39,-10351.15,-10416.15,-10447.15,-10610.15,12669.02,,
18045.0,3019633.84,1086292.26,-10470.67,-10140.5,-10306.36,-10351.12,-10416.12,-10447.12,-10610.12,12669.0,77.68184484520488,
18046.0,3019633.31,1086293.11,-10470.62,-10140.46,-10306.32,-10351.08,-10416.08,-10447.08,-10610.08,12668.990000000002,82.28218612229175,
18047.0,3019632.78,1086293.96,-10470.58,-10140.43,-10306.29,-10351.05,-10416.05,-10447.05,-10610.05,12668.97,86.39000794602308,
18048.0,3019632.25,1086294.8,-10470.53,-10140.4,-10306.26,-10351.02,-10416.02,-10447.02,-10610.02,12668.96,,
18049.0,3019631.72,1086295.65,-10470.48,-10140.36,-10306.22,-10350.98,-10415.98,-10446.98,-10609.98,12668.95,91.66101401065792,
18050.0,3019631.19,1086296.49,-10470.43,-10140.33,-10306.19,-10350.95,-10415.95,-10446.95,-10609.95,12668.93,92.310720523595,
18051.0,3019630.66,1086297.34,-10470.38,-10140.3,-10306.16,-10350.92,-10415.92,-10446.92,-10609.92,12668.92,91.66101401065792,
18052.0,3019630.13,1086298.19,-10470.34,-10140.26,-10306.12,-10350.88,-10415.88,-10446.88,-10609.88,12668.9,87.87804544339514,
18053.0,3019629.6,1086299.03,-10470.29,-10140.23,-10306.09,-10350.85,-10415.85,-10446.85,-10609.85,12668.89,80.63696156533814,
18054.0,3019629.07,1086299.88,-10470.24,-10140.19,-10306.05,-10350.81,-10415.81,-10446.81,-10609.81,12668.87,77.3465124514309,
18055.0,3019628.54,1086300.73,-10470.19,-10140.16,-10306.02,-10350.78,-10415.78,-10446.78,-10609.78,12668.86,79.3270694021585,
18056.0,3019628.01,1086301.58,-10470.14,-10140.13,-10305.99,-10350.75,-10415.75,-10446.75,-10609.75,12668.84,82.7747055756473,
18057.0,3019627.48,1086302.42,-10470.09,-10140.09,-10305.95,-10350.71,-10415.71,-10446.71,-10609.71,12668.83,,
18058.0,3019626.96,1086303.27,-10470.04,-10140.06,-10305.92,-10350.68,-10415.68,-10446.68,-10609.68,12668.81,81.29714721558067,
18059.0,3019626.43,1086304.12,-10469.99,-10140.03,-10305.89,-10350.65,-10415.65,-10446.65,-10609.65,12668.79,82.28218612229175,
18060.0,3019625.9,1086304.97,-10469.94,-10139.99,-10305.85,-10350.61,-10415.61,-10446.61,-10609.61,12668.78,84.25226393571393,
18061.0,3019625.37,1086305.82,-10469.89,-10139.96,-10305.82,-10350.58,-10415.58,-10446.58,-10609.58,12668.76,,
18062.0,3019624.85,1086306.67,-10469.84,-10139.93,-10305.79,-10350.55,-10415.55,-10446.55,-10609.55,12668.75,82.28218612229175,
18063.0,3019624.32,1086307.51,-10469.79,-10139.89,-10305.75,-10350.51,-10415.51,-10446.51,-10609.51,12668.73,80.80462776222512,
18064.0,3019623.79,1086308.36,-10469.74,-10139.86,-10305.72,-10350.48,-10415.48,-10446.48,-10609.48,12668.71,,
18065.0,3019623.26,1086309.21,-10469.69,-10139.83,-10305.69,-10350.45,-10415.45,-10446.45,-10609.45,12668.7,78.61448806538877,
18066.0,3019622.74,1086310.06,-10469.65,-10139.79,-10305.65,-10350.41,-10415.41,-10446.41,-10609.41,12668.68,,
18067.0,3019622.21,1086310.9,-10469.6,-10139.76,-10305.62,-10350.38,-10415.38,-10446.38,-10609.38,12668.67,80.80462776222512,
18068.0,3019621.68,1086311.75,-10469.55,-10139.73,-10305.59,-10350.35,-10415.35,-10446.35,-10609.35,12668.65,,
18069.0,3019621.15,1086312.6,-10469.5,-10139.69,-10305.55,-10350.31,-10415.31,-10446.31,-10609.31,12668.64,,
18070.0,3019620.62,1086313.45,-10469.45,-10139.66,-10305.52,-10350.28,-10415.28,-10446.28,-10609.28,12668.62,,
18071.0,3019620.09,1086314.29,-10469.4,-10139.63,-10305.49,-10350.25,-10415.25,-10446.25,-10609.25,12668.6,,
18072.0,3019619.56,1086315.14,-10469.35,-10139.59,-10305.45,-10350.21,-10415.21,-10446.21,-10609.21,12668.59,82.28218612229175,
18073.0,3019619.04,1086315.99,-10469.3,-10139.56,-10305.42,-10350.18,-10415.18,-10446.18,-10609.18,12668.570000000002,82.7747055756473,
18074.0,3019618.51,1086316.84,-10469.25,-10139.53,-10305.39,-10350.15,-10415.15,-10446.15,-10609.15,12668.56,,
18075.0,3019617.98,1086317.68,-10469.21,-10139.49,-10305.35,-10350.11,-10415.11,-10446.11,-10609.11,12668.54,83.26722502900284,
18076.0,3019617.45,1086318.53,-10469.16,-10139.46,-10305.32,-10350.08,-10415.08,-10446.08,-10609.08,12668.53,83.75974448235839,
18077.0,3019616.92,1086319.38,-10469.11,-10139.43,-10305.29,-10350.05,-10415.05,-10446.05,-10609.05,12668.51,82.28218612229175,
18078.0,3019616.39,1086320.22,-10469.06,-10139.39,-10305.25,-10350.01,-10415.01,-10446.01,-10609.01,12668.5,,
18079.0,3019615.86,1086321.07,-10469.01,-10139.36,-10305.22,-10349.98,-10414.98,-10445.98,-10608.98,12668.48,84.25226393571393,
18080.0,3019615.33,1086321.92,-10468.96,-10139.33,-10305.19,-10349.95,-10414.95,-10445.95,-10608.95,12668.47,85.74030143308599,
18081.0,3019614.8,1086322.76,-10468.92,-10139.29,-10305.15,-10349.91,-10414.91,-10445.91,-10608.91,12668.46,,
18082.0,3019614.27,1086323.61,-10468.87,-10139.26,-10305.12,-10349.88,-10414.88,-10445.88,-10608.88,12668.44,,
18083.0,3019613.73,1086324.45,-10468.82,-10139.23,-10305.09,-10349.85,-10414.85,-10445.85,-10608.85,12668.43,84.5875963294879,
18084.0,3019613.2,1086325.3,-10468.77,-10139.19,-10305.05,-10349.81,-10414.81,-10445.81,-10608.81,12668.41,80.63696156533814,
18085.0,3019612.67,1086326.15,-10468.72,-10139.16,-10305.02,-10349.78,-10414.78,-10445.78,-10608.78,12668.4,80.1444421119826,
18086.0,3019612.14,1086326.99,-10468.68,-10139.12,-10304.98,-10349.74,-10414.74,-10445.74,-10608.74,12668.39,83.60255742277681,
18087.0,3019611.61,1086327.84,-10468.63,-10139.08,-10304.94,-10349.7,-10414.7,-10445.7,-10608.7,12668.38,83.43489122588983,
18088.0,3019611.08,1086328.68,-10468.58,-10139.04,-10304.9,-10349.66,-10414.66,-10445.66,-10608.66,12668.38,84.09507687613235,
18089.0,3019610.55,1086329.53,-10468.54,-10138.99,-10304.85,-10349.61,-10414.61,-10445.61,-10608.61,12668.37,84.91244958595645,
18090.0,3019610.02,1086330.38,-10468.49,-10138.95,-10304.81,-10349.57,-10414.57,-10445.57,-10608.57,12668.37,86.06515468955453,
18091.0,3019609.48,1086331.22,-10468.44,-10138.91,-10304.77,-10349.53,-10414.53,-10445.53,-10608.53,12668.36,,
18092.0,3019608.95,1086332.07,-10468.39,-10138.87,-10304.73,-10349.49,-10414.49,-10445.49,-10608.49,12668.35,,
18093.0,3019608.42,1086332.91,-10468.35,-10138.83,-10304.69,-10349.45,-10414.45,-10445.45,-10608.45,12668.35,83.60255742277681,
18094.0,3019607.89,1086333.76,-10468.3,-10138.79,-10304.65,-10349.41,-10414.41,-10445.41,-10608.41,12668.34,78.9917370083845,
18095.0,3019607.35,1086334.6,-10468.25,-10138.75,-10304.61,-10349.37,-10414.37,-10445.37,-10608.37,12668.34,77.3465124514309,
18096.0,3019606.82,1086335.45,-10468.21,-10138.7,-10304.56,-10349.32,-10414.32,-10445.32,-10608.32,12668.34,76.85399299807536,
18097.0,3019606.29,1086336.29,-10468.16,-10138.66,-10304.52,-10349.28,-10414.28,-10445.28,-10608.28,12668.34,76.20428648513825,
18098.0,3019605.76,1086337.14,-10468.11,-10138.61,-10304.47,-10349.23,-10414.23,-10445.23,-10608.23,12668.34,75.37643463800872,
18099.0,3019605.22,1086337.98,-10468.07,-10138.56,-10304.42,-10349.18,-10414.18,-10445.18,-10608.18,12668.34,79.9767759150956,
18100.0,3019604.69,1086338.83,-10468.02,-10138.52,-10304.38,-10349.14,-10414.14,-10445.14,-10608.14,12668.34,83.11003796942128,
18101.0,3019604.16,1086339.67,-10467.98,-10138.47,-10304.33,-10349.09,-10414.09,-10445.09,-10608.09,12668.34,83.75974448235839,
18102.0,3019603.62,1086340.51,-10467.93,-10138.42,-10304.28,-10349.04,-10414.04,-10445.04,-10608.04,12668.34,84.25226393571393,
18103.0,3019603.09,1086341.36,-10467.88,-10138.38,-10304.24,-10349.0,-10414.0,-10445.0,-10608.0,12668.34,84.5875963294879,
18104.0,3019602.55,1086342.2,-10467.84,-10138.33,-10304.19,-10348.95,-10413.95,-10444.95,-10607.95,12668.34,81.7896666689362,
18105.0,3019602.02,1086343.05,-10467.79,-10138.29,-10304.15,-10348.91,-10413.91,-10444.91,-10607.91,12668.34,84.41993013260091,
18106.0,3019601.49,1086343.89,-10467.75,-10138.24,-10304.1,-10348.86,-10413.86,-10444.86,-10607.86,12668.34,88.69541815321922,
18107.0,3019600.95,1086344.74,-10467.7,-10138.19,-10304.05,-10348.81,-10413.81,-10444.81,-10607.81,12668.34,83.26722502900284,
18108.0,3019600.42,1086345.58,-10467.66,-10138.15,-10304.01,-10348.77,-10413.77,-10444.77,-10607.77,12668.34,79.48425646174005,
18109.0,3019599.88,1086346.42,-10467.61,-10138.1,-10303.96,-10348.72,-10413.72,-10444.72,-10607.72,12668.34,82.28218612229175,
18110.0,3019599.35,1086347.27,-10467.56,-10138.05,-10303.91,-10348.67,-10413.67,-10444.67,-10607.67,12668.34,85.74030143308599,
18111.0,3019598.81,1086348.11,-10467.52,-10138.01,-10303.87,-10348.63,-10413.63,-10444.63,-10607.63,12668.34,,
18112.0,3019598.28,1086348.95,-10467.47,-10137.96,-10303.82,-10348.58,-10413.58,-10444.58,-10607.58,12668.34,84.25226393571393,
18113.0,3019597.74,1086349.8,-10467.43,-10137.91,-10303.77,-10348.53,-10413.53,-10444.53,-10607.53,12668.35,,
18114.0,3019597.21,1086350.64,-10467.38,-10137.87,-10303.73,-10348.49,-10413.49,-10444.49,-10607.49,12668.35,73.56354388416813,
18115.0,3019596.67,1086351.48,-10467.34,-10137.82,-10303.68,-10348.44,-10413.44,-10444.44,-10607.44,12668.35,72.02311070026887,
18116.0,3019596.13,1086352.33,-10467.29,-10137.78,-10303.64,-10348.4,-10413.4,-10444.4,-10607.4,12668.35,72.46323446709724,
18117.0,3019595.6,1086353.17,-10467.25,-10137.73,-10303.59,-10348.35,-10413.35,-10444.35,-10607.35,12668.35,,
18118.0,3019595.06,1086354.01,-10467.21,-10137.68,-10303.54,-10348.3,-10413.3,-10444.3,-10607.3,12668.35,72.90335823392557,
18119.0,3019594.53,1086354.86,-10467.16,-10137.64,-10303.5,-10348.26,-10413.26,-10444.26,-10607.26,12668.36,76.6968059384938,
18120.0,3019593.99,1086355.7,-10467.12,-10137.59,-10303.45,-10348.21,-10413.21,-10444.21,-10607.21,12668.36,79.81958885551404,
18121.0,3019593.45,1086356.54,-10467.07,-10137.54,-10303.4,-10348.16,-10413.16,-10444.16,-10607.16,12668.36,77.83903190478644,
18122.0,3019592.92,1086357.38,-10467.03,-10137.5,-10303.36,-10348.12,-10413.12,-10444.12,-10607.12,12668.36,73.40635682458657,
18123.0,3019592.38,1086358.23,-10466.98,-10137.45,-10303.31,-10348.07,-10413.07,-10444.07,-10607.07,12668.36,74.88391518465318,
18124.0,3019591.84,1086359.07,-10466.94,-10137.41,-10303.27,-10348.03,-10413.03,-10444.03,-10607.03,12668.37,75.10397706806737,
18125.0,3019591.3,1086359.91,-10466.9,-10137.36,-10303.22,-10347.98,-10412.98,-10443.98,-10606.98,12668.37,70.54555234020224,
18126.0,3019590.77,1086360.75,-10466.85,-10137.31,-10303.17,-10347.93,-10412.93,-10443.93,-10606.93,12668.37,71.19525885313934,
18127.0,3019590.23,1086361.6,-10466.81,-10137.27,-10303.13,-10347.89,-10412.89,-10443.89,-10606.89,12668.37,77.28363762759827,
18128.0,3019589.69,1086362.44,-10466.76,-10137.22,-10303.08,-10347.84,-10412.84,-10443.84,-10606.84,12668.38,81.6743961585764,
18129.0,3019589.15,1086363.28,-10466.72,-10137.17,-10303.03,-10347.79,-10412.79,-10443.79,-10606.79,12668.38,80.31210830886958,
18130.0,3019588.62,1086364.12,-10466.68,-10137.13,-10302.99,-10347.75,-10412.75,-10443.75,-10606.75,12668.38,75.86895409136427,
18131.0,3019588.08,1086364.96,-10466.63,-10137.08,-10302.94,-10347.7,-10412.7,-10443.7,-10606.7,12668.38,72.0859855241015,
18132.0,3019587.54,1086365.8,-10466.59,-10137.03,-10302.89,-10347.65,-10412.65,-10443.65,-10606.65,12668.39,76.20428648513825,
18133.0,3019587.0,1086366.65,-10466.55,-10136.99,-10302.85,-10347.61,-10412.61,-10443.61,-10606.61,12668.39,78.83454994880296,
18134.0,3019586.46,1086367.49,-10466.5,-10136.94,-10302.8,-10347.56,-10412.56,-10443.56,-10606.56,12668.39,77.97526068975712,
18135.0,3019585.92,1086368.33,-10466.46,-10136.9,-10302.76,-10347.52,-10412.52,-10443.52,-10606.52,12668.4,76.51866060430136,
18136.0,3019585.38,1086369.17,-10466.42,-10136.85,-10302.71,-10347.47,-10412.47,-10443.47,-10606.47,12668.4,75.75368358100447,
18137.0,3019584.84,1086370.01,-10466.38,-10136.8,-10302.66,-10347.42,-10412.42,-10443.42,-10606.42,12668.4,77.61897002137225,
18138.0,3019584.31,1086370.85,-10466.33,-10136.76,-10302.62,-10347.38,-10412.38,-10443.38,-10606.38,12668.41,76.88543040999167,
18139.0,3019583.77,1086371.69,-10466.29,-10136.71,-10302.57,-10347.33,-10412.33,-10443.33,-10606.33,12668.41,77.19980452915478,
18140.0,3019583.23,1086372.53,-10466.25,-10136.66,-10302.52,-10347.28,-10412.28,-10443.28,-10606.28,12668.42,76.86447213538078,
18141.0,3019582.69,1086373.37,-10466.21,-10136.62,-10302.48,-10347.24,-10412.24,-10443.24,-10606.24,12668.42,81.13996015599912,
18142.0,3019582.15,1086374.22,-10466.16,-10136.57,-10302.43,-10347.19,-10412.19,-10443.19,-10606.19,12668.42,80.01869246431734,
18143.0,3019581.61,1086375.06,-10466.12,-10136.53,-10302.39,-10347.15,-10412.15,-10443.15,-10606.15,12668.43,82.46033145648417,
18144.0,3019581.07,1086375.9,-10466.08,-10136.48,-10302.34,-10347.1,-10412.1,-10443.1,-10606.1,12668.43,83.20435020517021,
18145.0,3019580.53,1086376.74,-10466.04,-10136.43,-10302.29,-10347.05,-10412.05,-10443.05,-10606.05,12668.43,82.64895592798204,
18146.0,3019579.99,1086377.58,-10466.0,-10136.39,-10302.25,-10347.01,-10412.01,-10443.01,-10606.01,12668.44,79.83006799281947,
18147.0,3019579.45,1086378.42,-10465.95,-10136.34,-10302.2,-10346.96,-10411.96,-10442.96,-10605.96,12668.44,77.47226209909613,
18148.0,3019578.9,1086379.26,-10465.91,-10136.29,-10302.15,-10346.91,-10411.91,-10442.91,-10605.91,12668.45,,
18149.0,3019578.36,1086380.1,-10465.87,-10136.25,-10302.11,-10346.87,-10411.87,-10442.87,-10605.87,12668.45,82.03068682696126,
18150.0,3019577.82,1086380.94,-10465.83,-10136.2,-10302.06,-10346.82,-10411.82,-10442.82,-10605.82,12668.46,82.64895592798204,
18151.0,3019577.28,1086381.78,-10465.79,-10136.15,-10302.01,-10346.77,-10411.77,-10442.77,-10605.77,12668.46,82.08308251348845,
18152.0,3019576.74,1086382.62,-10465.75,-10136.11,-10301.97,-10346.73,-10411.73,-10442.73,-10605.73,12668.47,,
18153.0,3019576.2,1086383.46,-10465.7,-10136.06,-10301.92,-10346.68,-10411.68,-10442.68,-10605.68,12668.47,,
18154.0,3019575.66,1086384.3,-10465.66,-10136.02,-10301.88,-10346.64,-10411.64,-10442.64,-10605.64,12668.48,83.77022361966381,
18155.0,3019575.11,1086385.14,-10465.62,-10135.97,-10301.83,-10346.59,-10411.59,-10442.59,-10605.59,12668.48,85.46784386314461,
18156.0,3019574.57,1086385.97,-10465.58,-10135.92,-10301.78,-10346.54,-10411.54,-10442.54,-10605.54,12668.490000000002,85.09059492014889,
18157.0,3019574.03,1086386.81,-10465.54,-10135.88,-10301.74,-10346.5,-10411.5,-10442.5,-10605.5,12668.490000000002,89.0517088216041,
18158.0,3019573.49,1086387.65,-10465.5,-10135.83,-10301.69,-10346.45,-10411.45,-10442.45,-10605.45,12668.5,90.63405855472509,
18159.0,3019572.94,1086388.49,-10465.46,-10135.78,-10301.64,-10346.4,-10411.4,-10442.4,-10605.4,12668.51,91.6819722852688,
18160.0,3019572.4,1086389.33,-10465.42,-10135.74,-10301.6,-10346.36,-10411.36,-10442.36,-10605.36,12668.51,90.63405855472509,
18161.0,3019571.86,1086390.17,-10465.38,-10135.69,-10301.55,-10346.31,-10411.31,-10442.31,-10605.31,12668.52,90.22537219981304,
18162.0,3019571.31,1086391.01,-10465.34,-10135.64,-10301.5,-10346.26,-10411.26,-10442.26,-10605.26,12668.52,88.04571164028212,
18163.0,3019570.77,1086391.85,-10465.3,-10135.6,-10301.46,-10346.22,-10411.22,-10442.22,-10605.22,12668.53,84.17890997457586,
18164.0,3019570.23,1086392.68,-10465.26,-10135.55,-10301.41,-10346.17,-10411.17,-10442.17,-10605.17,12668.54,81.51720909899485,
18165.0,3019569.68,1086393.52,-10465.22,-10135.51,-10301.37,-10346.13,-10411.13,-10442.13,-10605.13,12668.54,,
18166.0,3019569.14,1086394.36,-10465.18,-10135.46,-10301.32,-10346.08,-10411.08,-10442.08,-10605.08,12668.55,83.77022361966381,
18167.0,3019568.59,1086395.2,-10465.14,-10135.41,-10301.27,-10346.03,-10411.03,-10442.03,-10605.03,12668.56,87.16546410662542,
18168.0,3019568.05,1086396.03,-10465.1,-10135.37,-10301.23,-10345.99,-10410.99,-10441.99,-10604.99,12668.570000000002,88.85260521280078,
18169.0,3019567.5,1086396.87,-10465.06,-10135.32,-10301.18,-10345.94,-10410.94,-10441.94,-10604.94,12668.570000000002,87.35408857812328,
18170.0,3019566.96,1086397.71,-10465.02,-10135.27,-10301.13,-10345.89,-10410.89,-10441.89,-10604.89,12668.58,84.71334597715315,
18171.0,3019566.41,1086398.55,-10464.98,-10135.23,-10301.09,-10345.85,-10410.85,-10441.85,-10604.85,12668.59,84.33609703415742,
18172.0,3019565.87,1086399.38,-10464.95,-10135.18,-10301.04,-10345.8,-10410.8,-10441.8,-10604.8,12668.6,84.90197044865101,
18173.0,3019565.32,1086400.22,-10464.91,-10135.14,-10301.0,-10345.76,-10410.76,-10441.76,-10604.76,12668.6,80.95133568450125,
18174.0,3019564.77,1086401.06,-10464.87,-10135.09,-10300.95,-10345.71,-10410.71,-10441.71,-10604.71,12668.61,75.17733102920542,
18175.0,3019564.23,1086401.89,-10464.83,-10135.04,-10300.9,-10345.66,-10410.66,-10441.66,-10604.66,12668.62,71.03807179355779,
18176.0,3019563.68,1086402.73,-10464.79,-10135.0,-10300.86,-10345.62,-10410.62,-10441.62,-10604.62,12668.63,72.15933948523956,
18177.0,3019563.13,1086403.57,-10464.76,-10134.95,-10300.81,-10345.57,-10410.57,-10441.57,-10604.57,12668.64,73.99318851369104,
18178.0,3019562.58,1086404.4,-10464.72,-10134.9,-10300.76,-10345.52,-10410.52,-10441.52,-10604.52,12668.65,,
18179.0,3019562.04,1086405.24,-10464.68,-10134.86,-10300.72,-10345.48,-10410.48,-10441.48,-10604.48,12668.65,72.87192082200929,
18180.0,3019561.49,1086406.07,-10464.64,-10134.81,-10300.67,-10345.43,-10410.43,-10441.43,-10604.43,12668.66,74.70576985046077,
18181.0,3019560.94,1086406.91,-10464.61,-10134.76,-10300.62,-10345.38,-10410.38,-10441.38,-10604.38,12668.67,77.00070092035148,
18182.0,3019560.39,1086407.74,-10464.57,-10134.72,-10300.58,-10345.34,-10410.34,-10441.34,-10604.34,12668.68,79.83006799281947,
18183.0,3019559.84,1086408.58,-10464.53,-10134.67,-10300.53,-10345.29,-10410.29,-10441.29,-10604.29,12668.69,83.77022361966381,
18184.0,3019559.3,1086409.41,-10464.5,-10134.63,-10300.49,-10345.25,-10410.25,-10441.25,-10604.25,12668.7,82.64895592798204,
18185.0,3019558.75,1086410.25,-10464.46,-10134.58,-10300.44,-10345.2,-10410.2,-10441.2,-10604.2,12668.71,78.69832116383228,
18186.0,3019558.2,1086411.08,-10464.42,-10134.53,-10300.39,-10345.15,-10410.15,-10441.15,-10604.15,12668.72,75.31355981417612,
18187.0,3019557.65,1086411.92,-10464.39,-10134.49,-10300.35,-10345.11,-10410.11,-10441.11,-10604.11,12668.73,72.35844309404285,
18188.0,3019557.1,1086412.75,-10464.35,-10134.44,-10300.3,-10345.06,-10410.06,-10441.06,-10604.06,12668.740000000002,68.40780832989309,
18189.0,3019556.55,1086413.59,-10464.31,-10134.39,-10300.25,-10345.01,-10410.01,-10441.01,-10604.01,12668.75,70.09494943606846,
18190.0,3019556.0,1086414.42,-10464.28,-10134.35,-10300.21,-10344.97,-10409.97,-10440.97,-10603.97,12668.76,76.2985987208872,
18191.0,3019555.45,1086415.26,-10464.24,-10134.3,-10300.16,-10344.92,-10409.92,-10440.92,-10603.92,12668.77,80.95133568450125,
18192.0,3019554.9,1086416.09,-10464.21,-10134.26,-10300.12,-10344.88,-10409.88,-10440.88,-10603.88,12668.78,79.77767230629229,
18193.0,3019554.35,1086416.92,-10464.17,-10134.21,-10300.07,-10344.83,-10409.83,-10440.83,-10603.83,12668.79,75.0830187934565,
18194.0,3019553.8,1086417.76,-10464.14,-10134.16,-10300.02,-10344.78,-10409.78,-10440.78,-10603.78,12668.8,76.72824335041011,
18195.0,3019553.24,1086418.59,-10464.1,-10134.12,-10299.98,-10344.74,-10409.74,-10440.74,-10603.74,12668.81,83.07860055750497,
18196.0,3019552.69,1086419.43,-10464.07,-10134.07,-10299.93,-10344.69,-10409.69,-10440.69,-10603.69,12668.83,86.59959069213181,
18197.0,3019552.14,1086420.26,-10464.03,-10134.02,-10299.88,-10344.64,-10409.64,-10440.64,-10603.64,12668.84,,
18198.0,3019551.59,1086421.09,-10464.0,-10133.98,-10299.84,-10344.6,-10409.6,-10440.6,-10603.6,12668.85,89.0517088216041,
18199.0,3019551.04,1086421.92,-10463.96,-10133.93,-10299.79,-10344.55,-10409.55,-10440.55,-10603.55,12668.86,88.47535626980505,
18200.0,3019550.48,1086422.76,-10463.93,-10133.88,-10299.74,-10344.5,-10409.5,-10440.5,-10603.5,12668.88,88.09810732680933,
18201.0,3019549.93,1086423.59,-10463.89,-10133.84,-10299.7,-10344.46,-10409.46,-10440.46,-10603.46,12668.89,89.22985415579652,
18202.0,3019549.38,1086424.42,-10463.86,-10133.79,-10299.65,-10344.41,-10409.41,-10440.41,-10603.41,12668.9,87.54271304962116,
18203.0,3019548.83,1086425.26,-10463.83,-10133.75,-10299.61,-10344.37,-10409.37,-10440.37,-10603.37,12668.91,85.46784386314461,
18204.0,3019548.27,1086426.09,-10463.79,-10133.7,-10299.56,-10344.32,-10409.32,-10440.32,-10603.32,12668.92,84.90197044865101,
18205.0,3019547.72,1086426.92,-10463.76,-10133.65,-10299.51,-10344.27,-10409.27,-10440.27,-10603.27,12668.94,86.58911155482639,
18206.0,3019547.16,1086427.75,-10463.72,-10133.61,-10299.47,-10344.23,-10409.23,-10440.23,-10603.23,12668.95,87.53223391231572,
18207.0,3019546.61,1086428.58,-10463.69,-10133.56,-10299.42,-10344.18,-10409.18,-10440.18,-10603.18,12668.96,85.09059492014889,
18208.0,3019546.06,1086429.42,-10463.66,-10133.51,-10299.37,-10344.13,-10409.13,-10440.13,-10603.13,12668.98,,
18209.0,3019545.5,1086430.25,-10463.63,-10133.47,-10299.33,-10344.09,-10409.09,-10440.09,-10603.09,12668.990000000002,86.97683963512755,
18210.0,3019544.95,1086431.08,-10463.59,-10133.42,-10299.28,-10344.04,-10409.04,-10440.04,-10603.04,12669.0,91.49334781377092,
18211.0,3019544.39,1086431.91,-10463.56,-10133.37,-10299.23,-10343.99,-10408.99,-10439.99,-10602.99,12669.02,88.67445987860836,
18212.0,3019543.84,1086432.74,-10463.53,-10133.33,-10299.19,-10343.95,-10408.95,-10439.95,-10602.95,12669.03,83.21482934247564,
18213.0,3019543.28,1086433.57,-10463.5,-10133.28,-10299.14,-10343.9,-10408.9,-10439.9,-10602.9,12669.04,80.95133568450125,
18214.0,3019542.73,1086434.4,-10463.46,-10133.24,-10299.1,-10343.86,-10408.86,-10439.86,-10602.86,12669.06,79.83006799281947,
18215.0,3019542.17,1086435.23,-10463.43,-10133.19,-10299.05,-10343.81,-10408.81,-10439.81,-10602.81,12669.070000000002,,
18216.0,3019541.61,1086436.06,-10463.4,-10133.14,-10299.0,-10343.76,-10408.76,-10439.76,-10602.76,12669.09,84.33609703415742,
18217.0,3019541.06,1086436.89,-10463.37,-10133.1,-10298.96,-10343.72,-10408.72,-10439.72,-10602.72,12669.1,89.22985415579652,
18218.0,3019540.5,1086437.72,-10463.34,-10133.05,-10298.91,-10343.67,-10408.67,-10439.67,-10602.67,12669.12,88.86308435010622,
18219.0,3019539.94,1086438.55,-10463.3,-10133.0,-10298.86,-10343.62,-10408.62,-10439.62,-10602.62,12669.13,82.8375803994799,
18220.0,3019539.39,1086439.38,-10463.27,-10132.96,-10298.82,-10343.58,-10408.58,-10439.58,-10602.58,12669.15,80.20731693581521,
18221.0,3019538.83,1086440.21,-10463.24,-10132.91,-10298.77,-10343.53,-10408.53,-10439.53,-10602.53,12669.16,82.64895592798204,
18222.0,3019538.27,1086441.04,-10463.21,-10132.87,-10298.73,-10343.49,-10408.49,-10439.49,-10602.49,12669.18,84.33609703415742,
18223.0,3019537.71,1086441.87,-10463.18,-10132.82,-10298.68,-10343.44,-10408.44,-10439.44,-10602.44,12669.19,82.64895592798204,
18224.0,3019537.16,1086442.7,-10463.15,-10132.77,-10298.63,-10343.39,-10408.39,-10439.39,-10602.39,12669.21,80.38546227000765,
18225.0,3019536.6,1086443.53,-10463.12,-10132.73,-10298.59,-10343.35,-10408.35,-10439.35,-10602.35,12669.22,77.00070092035148,
18226.0,3019536.04,1086444.36,-10463.09,-10132.68,-10298.54,-10343.3,-10408.3,-10439.3,-10602.3,12669.240000000002,,
18227.0,3019535.48,1086445.19,-10463.06,-10132.63,-10298.49,-10343.25,-10408.25,-10439.25,-10602.25,12669.26,79.83006799281947,
18228.0,3019534.92,1086446.02,-10463.03,-10132.59,-10298.45,-10343.21,-10408.21,-10439.21,-10602.21,12669.27,77.43034554987439,
18229.0,3019534.36,1086446.85,-10463.0,-10132.54,-10298.4,-10343.16,-10408.16,-10439.16,-10602.16,12669.29,78.50969669233442,
18230.0,3019533.8,1086447.67,-10462.97,-10132.49,-10298.35,-10343.11,-10408.11,-10439.11,-10602.11,12669.31,84.0217229149943,
18231.0,3019533.24,1086448.5,-10462.94,-10132.45,-10298.31,-10343.07,-10408.07,-10439.07,-10602.07,12669.320000000002,88.10858646411475,
18232.0,3019532.68,1086449.33,-10462.91,-10132.4,-10298.26,-10343.02,-10408.02,-10439.02,-10602.02,12669.34,87.54271304962116,
18233.0,3019532.12,1086450.16,-10462.88,-10132.36,-10298.22,-10342.98,-10407.98,-10438.98,-10601.98,12669.36,89.22985415579652,
18234.0,3019531.56,1086450.99,-10462.85,-10132.31,-10298.17,-10342.93,-10407.93,-10438.93,-10601.93,12669.37,87.54271304962116,
18235.0,3019531.0,1086451.81,-10462.82,-10132.26,-10298.12,-10342.88,-10407.88,-10438.88,-10601.88,12669.39,83.95884809116168,
18236.0,3019530.44,1086452.64,-10462.79,-10132.22,-10298.08,-10342.84,-10407.84,-10438.84,-10601.84,12669.41,88.47535626980505,
18237.0,3019529.88,1086453.47,-10462.76,-10132.17,-10298.03,-10342.79,-10407.79,-10438.79,-10601.79,12669.42,94.50086022043136,
18238.0,3019529.32,1086454.29,-10462.73,-10132.12,-10297.98,-10342.74,-10407.74,-10438.74,-10601.74,12669.44,96.00985599241427,
18239.0,3019528.76,1086455.12,-10462.71,-10132.08,-10297.94,-10342.7,-10407.7,-10438.7,-10601.7,12669.46,93.18048891994628,
18240.0,3019528.2,1086455.95,-10462.68,-10132.03,-10297.89,-10342.65,-10407.65,-10438.65,-10601.65,12669.48,89.79572757029011,
18241.0,3019527.63,1086456.78,-10462.65,-10131.98,-10297.84,-10342.6,-10407.6,-10438.6,-10601.6,12669.5,88.47535626980505,
18242.0,3019527.07,1086457.6,-10462.62,-10131.94,-10297.8,-10342.56,-10407.56,-10438.56,-10601.56,12669.51,,
18243.0,3019526.51,1086458.43,-10462.59,-10131.89,-10297.75,-10342.51,-10407.51,-10438.51,-10601.51,12669.53,95.06673363492496,
18244.0,3019525.95,1086459.25,-10462.57,-10131.85,-10297.71,-10342.47,-10407.47,-10438.47,-10601.47,12669.55,99.01736839907473,
18245.0,3019525.38,1086460.08,-10462.54,-10131.8,-10297.66,-10342.42,-10407.42,-10438.42,-10601.42,12669.570000000002,,
18246.0,3019524.82,1086460.91,-10462.51,-10131.75,-10297.61,-10342.37,-10407.37,-10438.37,-10601.37,12669.59,97.13112368409604,
18247.0,3019524.26,1086461.73,-10462.48,-10131.71,-10297.57,-10342.33,-10407.33,-10438.33,-10601.33,12669.61,97.88562157008752,
18248.0,3019523.69,1086462.56,-10462.46,-10131.66,-10297.52,-10342.28,-10407.28,-10438.28,-10601.28,12669.63,98.26287051308326,
18249.0,3019523.13,1086463.38,-10462.43,-10128.7,-10294.56,-10339.32,-10404.32,-10435.32,-10598.32,12672.56,96.18800132660672,
18250.0,3019522.57,1086464.21,-10462.4,-10128.66,-10294.52,-10339.28,-10404.28,-10435.28,-10598.28,12672.570000000002,,
18251.0,3019522.0,1086465.03,-10462.38,-10128.63,-10294.49,-10339.25,-10404.25,-10435.25,-10598.25,12672.58,,
18252.0,3019521.44,1086465.86,-10462.35,-10128.59,-10294.45,-10339.21,-10404.21,-10435.21,-10598.21,12672.59,81.3914594513296,
18253.0,3019520.87,1086466.69,-10462.32,-10128.56,-10294.42,-10339.18,-10404.18,-10435.18,-10598.18,12672.59,78.60400892808335,
18254.0,3019520.31,1086467.51,-10462.3,-10128.52,-10294.38,-10339.14,-10404.14,-10435.14,-10598.14,12672.6,79.2117988917987,
18255.0,3019519.75,1086468.34,-10462.27,-10128.49,-10294.35,-10339.11,-10404.11,-10435.11,-10598.11,12672.61,79.6414435213216,
18256.0,3019519.18,1086469.16,-10462.24,-10128.45,-10294.31,-10339.07,-10404.07,-10435.07,-10598.07,12672.62,,
18257.0,3019518.62,1086469.99,-10462.22,-10128.42,-10294.28,-10339.04,-10404.04,-10435.04,-10598.04,12672.63,,
18258.0,3019518.06,1086470.81,-10462.19,-10128.38,-10294.24,-10339.0,-10404.0,-10435.0,-10598.0,12672.64,,
18259.0,3019517.49,1086471.64,-10462.16,-10128.35,-10294.21,-10338.97,-10403.97,-10434.97,-10597.97,12672.64,,
18260.0,3019516.93,1086472.47,-10462.14,-10128.31,-10294.17,-10338.93,-10403.93,-10434.93,-10597.93,12672.65,,
18261.0,3019516.37,1086473.29,-10462.11,-10128.28,-10294.14,-10338.9,-10403.9,-10434.9,-10597.9,12672.66,,
18262.0,3019515.8,1086474.12,-10462.08,-10128.25,-10294.11,-10338.87,-10403.87,-10434.87,-10597.87,12672.67,79.2117988917987,
18263.0,3019515.24,1086474.94,-10462.06,-10128.21,-10294.07,-10338.83,-10403.83,-10434.83,-10597.83,12672.68,76.86447213538078,
18264.0,3019514.68,1086475.77,-10462.03,-10128.18,-10294.04,-10338.8,-10403.8,-10434.8,-10597.8,12672.69,72.69377548781685,
18265.0,3019514.11,1086476.6,-10462.01,-10128.14,-10294.0,-10338.76,-10403.76,-10434.76,-10597.76,12672.7,71.64586175727314,
18266.0,3019513.55,1086477.42,-10461.98,-10128.11,-10293.97,-10338.73,-10403.73,-10434.73,-10597.73,12672.7,72.87192082200929,
18267.0,3019512.99,1086478.25,-10461.95,-10128.07,-10293.93,-10338.69,-10403.69,-10434.69,-10597.69,12672.71,,
18268.0,3019512.43,1086479.07,-10461.93,-10128.04,-10293.9,-10338.66,-10403.66,-10434.66,-10597.66,12672.72,71.64586175727314,
18269.0,3019511.86,1086479.9,-10461.9,-10128.0,-10293.86,-10338.62,-10403.62,-10434.62,-10597.62,12672.73,75.17733102920542,
18270.0,3019511.3,1086480.73,-10461.88,-10127.97,-10293.83,-10338.59,-10403.59,-10434.59,-10597.59,12672.740000000002,79.26419457832587,
18271.0,3019510.74,1086481.55,-10461.85,-10127.93,-10293.79,-10338.55,-10403.55,-10434.55,-10597.55,12672.75,81.89445804199059,
18272.0,3019510.18,1086482.38,-10461.83,-10127.9,-10293.76,-10338.52,-10403.52,-10434.52,-10597.52,12672.76,86.22234174913608,
18273.0,3019509.61,1086483.21,-10461.8,-10127.86,-10293.72,-10338.48,-10403.48,-10434.48,-10597.48,12672.77,92.2478456997624,
18274.0,3019509.05,1086484.03,-10461.77,-10127.83,-10293.69,-10338.45,-10403.45,-10434.45,-10597.45,12672.78,93.7463623344399,
18275.0,3019508.49,1086484.86,-10461.75,-10127.79,-10293.65,-10338.41,-10403.41,-10434.41,-10597.41,12672.79,92.62509464275811,
18276.0,3019507.93,1086485.68,-10461.72,-10127.76,-10293.62,-10338.38,-10403.38,-10434.38,-10597.38,12672.8,93.19096805725172,
18277.0,3019507.36,1086486.51,-10461.7,-10127.72,-10293.58,-10338.34,-10403.34,-10434.34,-10597.34,12672.8,93.55773786294202,
18278.0,3019506.8,1086487.34,-10461.67,-10127.69,-10293.55,-10338.31,-10403.31,-10434.31,-10597.31,12672.81,94.12361127743564,
18279.0,3019506.24,1086488.16,-10461.65,-10127.65,-10293.51,-10338.27,-10403.27,-10434.27,-10597.27,12672.820000000002,95.06673363492496,
18280.0,3019505.68,1086488.99,-10461.62,-10127.62,-10293.48,-10338.24,-10403.24,-10434.24,-10597.24,12672.83,93.93498680593775,
18281.0,3019505.11,1086489.82,-10461.6,-10127.58,-10293.44,-10338.2,-10403.2,-10434.2,-10597.2,12672.84,,
18282.0,3019504.55,1086490.64,-10461.57,-10127.55,-10293.41,-10338.17,-10403.17,-10434.17,-10597.17,12672.85,77.37794986334721,
18283.0,3019503.99,1086491.47,-10461.55,-10127.51,-10293.37,-10338.13,-10403.13,-10434.13,-10597.13,12672.86,72.35844309404285,
18284.0,3019503.43,1086492.3,-10461.52,-10127.48,-10293.34,-10338.1,-10403.1,-10434.1,-10597.1,12672.87,,
18285.0,3019502.87,1086493.12,-10461.49,-10127.44,-10293.3,-10338.06,-10403.06,-10434.06,-10597.06,12672.88,63.566446894781166,
18286.0,3019502.3,1086493.95,-10461.47,-10127.41,-10293.27,-10338.03,-10403.03,-10434.03,-10597.03,12672.89,62.05745112279824,
18287.0,3019501.74,1086494.78,-10461.44,-10127.37,-10293.23,-10337.99,-10402.99,-10433.99,-10596.99,12672.9,61.6802021798025,
18288.0,3019501.18,1086495.61,-10461.42,-10127.34,-10293.2,-10337.96,-10402.96,-10433.96,-10596.96,12672.91,,
18289.0,3019500.62,1086496.43,-10461.4,-10127.3,-10293.16,-10337.92,-10402.92,-10433.92,-10596.92,12672.92,63.93321670047147,
18290.0,3019500.06,1086497.26,-10461.37,-10127.27,-10293.13,-10337.89,-10402.89,-10433.89,-10596.89,12672.93,66.5739593014416,
18291.0,3019499.5,1086498.09,-10461.35,-10127.24,-10293.1,-10337.86,-10402.86,-10433.86,-10596.86,12672.94,67.32845718743307,
18292.0,3019498.94,1086498.91,-10461.32,-10127.2,-10293.06,-10337.82,-10402.82,-10433.82,-10596.82,12672.95,65.81946141545014,
18293.0,3019498.37,1086499.74,-10461.3,-10127.17,-10293.03,-10337.79,-10402.79,-10433.79,-10596.79,12672.96,,
18294.0,3019497.81,1086500.57,-10461.27,-10127.13,-10292.99,-10337.75,-10402.75,-10433.75,-10596.75,12672.97,67.32845718743307,
18295.0,3019497.25,1086501.4,-10461.25,-10127.1,-10292.96,-10337.72,-10402.72,-10433.72,-10596.72,12672.98,66.5739593014416,
18296.0,3019496.69,1086502.22,-10461.22,-10127.06,-10292.92,-10337.68,-10402.68,-10433.68,-10596.68,12672.990000000002,65.06496352945867,
18297.0,3019496.13,1086503.05,-10461.2,-10127.03,-10292.89,-10337.65,-10402.65,-10433.65,-10596.65,12673.0,64.32094478077263,
18298.0,3019495.57,1086503.88,-10461.17,-10126.99,-10292.85,-10337.61,-10402.61,-10433.61,-10596.61,12673.01,68.40780832989309,
18299.0,3019495.01,1086504.7,-10461.15,-10126.96,-10292.82,-10337.58,-10402.58,-10433.58,-10596.58,12673.02,71.74017399302207,
18300.0,3019494.45,1086505.53,-10461.12,-10126.92,-10292.78,-10337.54,-10402.54,-10433.54,-10596.54,12673.03,72.25365172098849,
18301.0,3019493.88,1086506.36,-10461.1,-10126.89,-10292.75,-10337.51,-10402.51,-10433.51,-10596.51,12673.04,69.81201272882166,
18302.0,3019493.32,1086507.19,-10461.08,-10126.85,-10292.71,-10337.47,-10402.47,-10433.47,-10596.47,12673.05,70.37788614331525,
18303.0,3019492.76,1086508.01,-10461.05,-10126.82,-10292.68,-10337.44,-10402.44,-10433.44,-10596.44,12673.070000000002,75.0830187934565,
18304.0,3019492.2,1086508.84,-10461.03,-10126.78,-10292.64,-10337.4,-10402.4,-10433.4,-10596.4,12673.08,78.09053120011693,
18305.0,3019491.64,1086509.67,-10461.0,-10126.75,-10292.61,-10337.37,-10402.37,-10433.37,-10596.37,12673.09,75.17733102920542,
18306.0,3019491.08,1086510.5,-10460.98,-10126.71,-10292.57,-10337.33,-10402.33,-10433.33,-10596.33,12673.1,71.03807179355779,
18307.0,3019490.52,1086511.33,-10460.96,-10126.68,-10292.54,-10337.3,-10402.3,-10433.3,-10596.3,12673.11,70.37788614331525,
18308.0,3019489.96,1086512.15,-10460.93,-10126.64,-10292.5,-10337.26,-10402.26,-10433.26,-10596.26,12673.12,,
18309.0,3019489.4,1086512.98,-10460.91,-10126.61,-10292.47,-10337.23,-10402.23,-10433.23,-10596.23,12673.13,79.77767230629229,
18310.0,3019488.84,1086513.81,-10460.88,-10126.57,-10292.43,-10337.19,-10402.19,-10433.19,-10596.19,12673.14,80.95133568450125,
18311.0,3019488.28,1086514.64,-10460.86,-10126.54,-10292.4,-10337.16,-10402.16,-10433.16,-10596.16,12673.15,,
18312.0,3019487.72,1086515.47,-10460.84,-10126.5,-10292.36,-10337.12,-10402.12,-10433.12,-10596.12,12673.16,82.64895592798204,
18313.0,3019487.16,1086516.29,-10460.81,-10126.47,-10292.33,-10337.09,-10402.09,-10433.09,-10596.09,12673.17,84.33609703415742,
18314.0,3019486.6,1086517.12,-10460.79,-10126.43,-10292.29,-10337.05,-10402.05,-10433.05,-10596.05,12673.19,83.77022361966381,
18315.0,3019486.04,1086517.95,-10460.77,-10126.4,-10292.26,-10337.02,-10402.02,-10433.02,-10596.02,12673.2,79.83006799281947,
18316.0,3019485.48,1086518.78,-10460.74,-10126.36,-10292.22,-10336.98,-10401.98,-10432.98,-10595.98,12673.21,77.00070092035148,
18317.0,3019484.92,1086519.61,-10460.72,-10126.33,-10292.19,-10336.95,-10401.95,-10432.95,-10595.95,12673.22,75.87943322866971,
18318.0,3019484.36,1086520.43,-10460.69,-10126.29,-10292.15,-10336.91,-10401.91,-10432.91,-10595.91,12673.23,78.13244774933868,
18319.0,3019483.8,1086521.26,-10460.67,-10126.26,-10292.12,-10336.88,-10401.88,-10432.88,-10595.88,12673.240000000002,79.83006799281947,
18320.0,3019483.24,1086522.09,-10460.65,-10126.22,-10292.08,-10336.84,-10401.84,-10432.84,-10595.84,12673.25,78.13244774933868,
18321.0,3019482.68,1086522.92,-10460.62,-10126.19,-10292.05,-10336.81,-10401.81,-10432.81,-10595.81,12673.27,77.56657433484507,
18322.0,3019482.12,1086523.75,-10460.6,-10126.16,-10292.02,-10336.78,-10401.78,-10432.78,-10595.78,12673.28,78.69832116383228,
18323.0,3019481.56,1086524.58,-10460.58,-10126.12,-10291.98,-10336.74,-10401.74,-10432.74,-10595.74,12673.29,78.13244774933868,
18324.0,3019481.0,1086525.4,-10460.56,-10126.09,-10291.95,-10336.71,-10401.71,-10432.71,-10595.71,12673.3,75.87943322866971,
18325.0,3019480.44,1086526.23,-10460.53,-10126.05,-10291.91,-10336.67,-10401.67,-10432.67,-10595.67,12673.31,,
18326.0,3019479.88,1086527.06,-10460.51,-10126.02,-10291.88,-10336.64,-10401.64,-10432.64,-10595.64,12673.320000000002,78.13244774933868,
18327.0,3019479.32,1086527.89,-10460.49,-10125.98,-10291.84,-10336.6,-10401.6,-10432.6,-10595.6,12673.34,76.86447213538078,
18328.0,3019478.76,1086528.72,-10460.46,-10125.95,-10291.81,-10336.57,-10401.57,-10432.57,-10595.57,12673.35,,
18329.0,3019478.2,1086529.55,-10460.44,-10125.91,-10291.77,-10336.53,-10401.53,-10432.53,-10595.53,12673.36,68.82697382211056,
18330.0,3019477.64,1086530.38,-10460.42,-10125.88,-10291.74,-10336.5,-10401.5,-10432.5,-10595.5,12673.37,67.32845718743307,
18331.0,3019477.08,1086531.2,-10460.39,-10125.84,-10291.7,-10336.46,-10401.46,-10432.46,-10595.46,12673.38,66.81497945946666,
18332.0,3019476.52,1086532.03,-10460.37,-10125.81,-10291.67,-10336.43,-10401.43,-10432.43,-10595.43,12673.4,70.37788614331525,
18333.0,3019475.97,1086532.86,-10460.35,-10125.77,-10291.63,-10336.39,-10401.39,-10432.39,-10595.39,12673.41,73.34348200075394,
18334.0,3019475.41,1086533.69,-10460.33,-10125.74,-10291.6,-10336.36,-10401.36,-10432.36,-10595.36,12673.42,71.36292505002633,
18335.0,3019474.85,1086534.52,-10460.3,-10125.7,-10291.56,-10336.32,-10401.32,-10432.32,-10595.32,12673.43,70.75513508631099,
18336.0,3019474.29,1086535.35,-10460.28,-10125.67,-10291.53,-10336.29,-10401.29,-10432.29,-10595.29,12673.44,71.2686128142774,
18337.0,3019473.73,1086536.18,-10460.26,-10125.63,-10291.49,-10336.25,-10401.25,-10432.25,-10595.25,12673.46,69.81201272882166,
18338.0,3019473.17,1086537.01,-10460.24,-10125.6,-10291.46,-10336.22,-10401.22,-10432.22,-10595.22,12673.47,69.20422276510631,
18339.0,3019472.61,1086537.83,-10460.21,-10125.56,-10291.42,-10336.18,-10401.18,-10432.18,-10595.18,12673.48,68.07247593611909,
18340.0,3019472.05,1086538.66,-10460.19,-10125.53,-10291.39,-10336.15,-10401.15,-10432.15,-10595.15,12673.490000000002,66.5739593014416,
18341.0,3019471.49,1086539.49,-10460.17,-10125.49,-10291.35,-10336.11,-10401.11,-10432.11,-10595.11,12673.51,68.40780832989309,
18342.0,3019470.94,1086540.32,-10460.15,-10125.46,-10291.32,-10336.08,-10401.08,-10432.08,-10595.08,12673.52,70.52459406559137,
18343.0,3019470.38,1086541.15,-10460.13,-10125.42,-10291.28,-10336.04,-10401.04,-10432.04,-10595.04,12673.53,71.64586175727314,
18344.0,3019469.82,1086541.98,-10460.1,-10125.39,-10291.25,-10336.01,-10401.01,-10432.01,-10595.01,12673.54,,
18345.0,3019469.26,1086542.81,-10460.08,-10125.35,-10291.21,-10335.97,-10400.97,-10431.97,-10594.97,12673.56,,
18346.0,3019468.7,1086543.64,-10460.06,-10125.32,-10291.18,-10335.94,-10400.94,-10431.94,-10594.94,12673.570000000002,69.67578394385097,
18347.0,3019468.15,1086544.47,-10460.03,-10125.28,-10291.14,-10335.9,-10400.9,-10431.9,-10594.9,12673.58,70.94375955780886,
18348.0,3019467.59,1086545.3,-10460.01,-10125.25,-10291.11,-10335.87,-10400.87,-10431.87,-10594.87,12673.59,73.01862874428538,
18349.0,3019467.04,1086546.13,-10459.99,-10125.21,-10291.07,-10335.83,-10400.83,-10431.83,-10594.83,12673.6,73.44827337380832,
18350.0,3019466.48,1086546.97,-10459.96,-10125.18,-10291.04,-10335.8,-10400.8,-10431.8,-10594.8,12673.61,,
18351.0,3019465.93,1086547.8,-10459.94,-10125.14,-10291.0,-10335.76,-10400.76,-10431.76,-10594.76,12673.62,,
18352.0,3019465.37,1086548.63,-10459.92,-10125.11,-10290.97,-10335.73,-10400.73,-10431.73,-10594.73,12673.63,,
18353.0,3019464.82,1086549.46,-10459.89,-10125.07,-10290.93,-10335.69,-10400.69,-10431.69,-10594.69,12673.65,72.169818622545,
18354.0,3019464.27,1086550.3,-10459.87,-10125.04,-10290.9,-10335.66,-10400.66,-10431.66,-10594.66,12673.66,70.47219837906418,
18355.0,3019463.72,1086551.13,-10459.84,-10125.01,-10290.87,-10335.63,-10400.63,-10431.63,-10594.63,12673.67,65.25358800095653,
18356.0,3019463.16,1086551.96,-10459.82,-10124.97,-10290.83,-10335.59,-10400.59,-10431.59,-10594.59,12673.68,62.811949008789696,
18357.0,3019462.61,1086552.8,-10459.79,-10124.94,-10290.8,-10335.56,-10400.56,-10431.56,-10594.56,12673.69,59.80443660212926,
18358.0,3019462.06,1086553.63,-10459.77,-10124.9,-10290.76,-10335.52,-10400.52,-10431.52,-10594.52,12673.69,61.6802021798025,
18359.0,3019461.51,1086554.47,-10459.74,-10124.87,-10290.73,-10335.49,-10400.49,-10431.49,-10594.49,12673.7,62.62332453729184,
18360.0,3019460.96,1086555.3,-10459.72,-10124.83,-10290.69,-10335.45,-10400.45,-10431.45,-10594.45,12673.71,64.32094478077263,
18361.0,3019460.41,1086556.14,-10459.69,-10124.8,-10290.66,-10335.42,-10400.42,-10431.42,-10594.42,12673.72,62.811949008789696,
18362.0,3019459.87,1086556.97,-10459.66,-10124.76,-10290.62,-10335.38,-10400.38,-10431.38,-10594.38,12673.73,62.42422092848852,
18363.0,3019459.32,1086557.81,-10459.64,-10124.73,-10290.59,-10335.35,-10400.35,-10431.35,-10594.35,12673.740000000002,64.68771458646295,
18364.0,3019458.77,1086558.65,-10459.61,-10124.69,-10290.55,-10335.31,-10400.31,-10431.31,-10594.31,12673.75,65.06496352945867,
18365.0,3019458.23,1086559.48,-10459.58,-10124.66,-10290.52,-10335.28,-10400.28,-10431.28,-10594.28,12673.76,64.31046564346721,
18366.0,3019457.68,1086560.32,-10459.56,-10124.62,-10290.48,-10335.24,-10400.24,-10431.24,-10594.24,12673.76,65.0754426667641,
18367.0,3019457.13,1086561.16,-10459.53,-10124.59,-10290.45,-10335.21,-10400.21,-10431.21,-10594.21,12673.77,65.45269160975984,
18368.0,3019456.59,1086562.0,-10459.5,-10124.55,-10290.41,-10335.17,-10400.17,-10431.17,-10594.17,12673.78,66.5739593014416,
18369.0,3019456.04,1086562.83,-10459.47,-10124.52,-10290.38,-10335.14,-10400.14,-10431.14,-10594.14,12673.78,64.12184117196934,
18370.0,3019455.5,1086563.67,-10459.45,-10124.48,-10290.34,-10335.1,-10400.1,-10431.1,-10594.1,12673.79,60.92570429381103,
18371.0,3019454.96,1086564.51,-10459.42,-10124.45,-10290.31,-10335.07,-10400.07,-10431.07,-10594.07,12673.8,60.37031001662287,
18372.0,3019454.41,1086565.35,-10459.39,-10124.41,-10290.27,-10335.03,-10400.03,-10431.03,-10594.03,12673.8,62.62332453729184,
18373.0,3019453.87,1086566.19,-10459.36,-10124.38,-10290.24,-10335.0,-10400.0,-10431.0,-10594.0,12673.81,64.31046564346721,
18374.0,3019453.33,1086567.03,-10459.33,-10124.34,-10290.2,-10334.96,-10399.96,-10430.96,-10593.96,12673.820000000002,64.68771458646295,
18375.0,3019452.79,1086567.87,-10459.3,-10124.31,-10290.17,-10334.93,-10399.93,-10430.93,-10593.93,12673.820000000002,63.93321670047147,
18376.0,3019452.25,1086568.71,-10459.27,-10124.27,-10290.13,-10334.89,-10399.89,-10430.89,-10593.89,12673.83,62.811949008789696,
18377.0,3019451.71,1086569.55,-10459.24,-10124.24,-10290.1,-10334.86,-10399.86,-10430.86,-10593.86,12673.83,64.32094478077263,
18378.0,3019451.17,1086570.4,-10459.21,-10124.2,-10290.06,-10334.82,-10399.82,-10430.82,-10593.82,12673.84,64.50956925227051,
18379.0,3019450.63,1086571.24,-10459.18,-10124.17,-10290.03,-10334.79,-10399.79,-10430.79,-10593.79,12673.84,61.302953236806765,
18380.0,3019450.09,1086572.08,-10459.15,-10124.13,-10289.99,-10334.75,-10399.75,-10430.75,-10593.75,12673.85,59.79395746482383,
18381.0,3019449.56,1086572.92,-10459.12,-10124.1,-10289.96,-10334.72,-10399.72,-10430.72,-10593.72,12673.85,62.99009434298213,
18382.0,3019449.02,1086573.76,-10459.09,-10124.06,-10289.92,-10334.68,-10399.68,-10430.68,-10593.68,12673.86,65.06496352945867,
18383.0,3019448.48,1086574.61,-10459.06,-10124.03,-10289.89,-10334.65,-10399.65,-10430.65,-10593.65,12673.86,65.81946141545014,
18384.0,3019447.95,1086575.45,-10459.03,-10123.99,-10289.85,-10334.61,-10399.61,-10430.61,-10593.61,12673.87,65.0754426667641,
18385.0,3019447.41,1086576.3,-10459.0,-10123.96,-10289.82,-10334.58,-10399.58,-10430.58,-10593.58,12673.87,63.00057348028757,
18386.0,3019446.88,1086577.14,-10458.97,-10123.93,-10289.79,-10334.55,-10399.55,-10430.55,-10593.55,12673.87,59.79395746482383,
18387.0,3019446.34,1086577.98,-10458.94,-10123.89,-10289.75,-10334.51,-10399.51,-10430.51,-10593.51,12673.88,58.861314244639935,
18388.0,3019445.81,1086578.83,-10458.91,-10123.86,-10289.72,-10334.48,-10399.48,-10430.48,-10593.48,12673.88,59.23856318763567,
18389.0,3019445.27,1086579.68,-10458.87,-10123.82,-10289.68,-10334.44,-10399.44,-10430.44,-10593.44,12673.88,61.302953236806765,
18390.0,3019444.74,1086580.52,-10458.84,-10123.79,-10289.65,-10334.41,-10399.41,-10430.41,-10593.41,12673.88,64.50956925227051,
18391.0,3019444.21,1086581.37,-10458.81,-10123.75,-10289.61,-10334.37,-10399.37,-10430.37,-10593.37,12673.88,65.45269160975984,
18392.0,3019443.68,1086582.21,-10458.78,-10123.72,-10289.58,-10334.34,-10399.34,-10430.34,-10593.34,12673.89,64.50956925227051,
18393.0,3019443.15,1086583.06,-10458.74,-10123.68,-10289.54,-10334.3,-10399.3,-10430.3,-10593.3,12673.89,60.7475589596186,
18394.0,3019442.62,1086583.91,-10458.71,-10123.65,-10289.51,-10334.27,-10399.27,-10430.27,-10593.27,12673.89,58.67268977314206,
18395.0,3019442.09,1086584.76,-10458.68,-10123.61,-10289.47,-10334.23,-10399.23,-10430.23,-10593.23,12673.89,60.73707982231316,
18396.0,3019441.56,1086585.6,-10458.64,-10123.58,-10289.44,-10334.2,-10399.2,-10430.2,-10593.2,12673.89,65.4422124724544,
18397.0,3019441.03,1086586.45,-10458.61,-10123.54,-10289.4,-10334.16,-10399.16,-10430.16,-10593.16,12673.89,69.05751484283019,
18398.0,3019440.5,1086587.3,-10458.57,-10123.51,-10289.37,-10334.13,-10399.13,-10430.13,-10593.13,12673.89,68.16678817186803,
18399.0,3019439.97,1086588.15,-10458.54,-10123.47,-10289.33,-10334.09,-10399.09,-10430.09,-10593.09,12673.89,65.1592757652076,
18400.0,3019439.45,1086589.0,-10458.51,-10123.44,-10289.3,-10334.06,-10399.06,-10430.06,-10593.06,12673.89,60.73707982231316,
18401.0,3019438.92,1086589.85,-10458.47,-10123.4,-10289.26,-10334.02,-10399.02,-10430.02,-10593.02,12673.9,56.97506952966127,
18402.0,3019438.4,1086590.7,-10458.44,-10123.37,-10289.23,-10333.99,-10398.99,-10429.99,-10592.99,12673.9,56.04242630947737,
18403.0,3019437.87,1086591.55,-10458.4,-10123.33,-10289.19,-10333.95,-10398.95,-10429.95,-10592.95,12673.9,,
18404.0,3019437.35,1086592.4,-10458.36,-10123.3,-10289.16,-10333.92,-10398.92,-10429.92,-10592.92,12673.9,58.295440830146326,
18405.0,3019436.82,1086593.25,-10458.33,-10123.26,-10289.12,-10333.88,-10398.88,-10429.88,-10592.88,12673.9,58.861314244639935,
18406.0,3019436.3,1086594.1,-10458.29,-10123.23,-10289.09,-10333.85,-10398.85,-10429.85,-10592.85,12673.89,61.11432876530889,
18407.0,3019435.77,1086594.95,-10458.26,-10123.19,-10289.05,-10333.81,-10398.81,-10429.81,-10592.81,12673.89,61.6802021798025,
18408.0,3019435.25,1086595.8,-10458.22,-10123.16,-10289.02,-10333.78,-10398.78,-10429.78,-10592.78,12673.89,,
18409.0,3019434.73,1086596.66,-10458.18,-10123.12,-10288.98,-10333.74,-10398.74,-10429.74,-10592.74,12673.89,,
18410.0,3019434.21,1086597.51,-10458.15,-10123.09,-10288.95,-10333.71,-10398.71,-10429.71,-10592.71,12673.89,59.982581936321694,
18411.0,3019433.69,1086598.36,-10458.11,-10123.05,-10288.91,-10333.67,-10398.67,-10429.67,-10592.67,12673.88,61.6802021798025,
18412.0,3019433.17,1086599.21,-10458.07,-10123.02,-10288.88,-10333.64,-10398.64,-10429.64,-10592.64,12673.88,65.25358800095653,
18413.0,3019432.65,1086600.07,-10458.04,-10122.98,-10288.84,-10333.6,-10398.6,-10429.6,-10592.6,12673.88,,
18414.0,3019432.13,1086600.92,-10458.0,-10122.95,-10288.81,-10333.57,-10398.57,-10429.57,-10592.57,12673.88,60.5484553508153,
18415.0,3019431.61,1086601.78,-10457.96,-10122.92,-10288.78,-10333.54,-10398.54,-10429.54,-10592.54,12673.88,58.861314244639935,
18416.0,3019431.09,1086602.63,-10457.92,-10122.88,-10288.74,-10333.5,-10398.5,-10429.5,-10592.5,12673.87,59.4167085218281,
18417.0,3019430.58,1086603.49,-10457.88,-10122.85,-10288.71,-10333.47,-10398.47,-10429.47,-10592.47,12673.87,,
18418.0,3019430.06,1086604.34,-10457.85,-10122.81,-10288.67,-10333.43,-10398.43,-10429.43,-10592.43,12673.86,59.982581936321694,
18419.0,3019429.54,1086605.2,-10457.81,-10122.78,-10288.64,-10333.4,-10398.4,-10429.4,-10592.4,12673.86,62.05745112279824,
18420.0,3019429.03,1086606.05,-10457.77,-10122.74,-10288.6,-10333.36,-10398.36,-10429.36,-10592.36,12673.85,63.566446894781166,
18421.0,3019428.51,1086606.91,-10457.73,-10122.71,-10288.57,-10333.33,-10398.33,-10429.33,-10592.33,12673.85,64.13232030927477,
18422.0,3019428.0,1086607.77,-10457.69,-10122.67,-10288.53,-10333.29,-10398.29,-10429.29,-10592.29,12673.85,60.7475589596186,
18423.0,3019427.48,1086608.62,-10457.65,-10122.64,-10288.5,-10333.26,-10398.26,-10429.26,-10592.26,12673.84,59.80443660212926,
18424.0,3019426.97,1086609.48,-10457.61,-10122.6,-10288.46,-10333.22,-10398.22,-10429.22,-10592.22,12673.84,,
18425.0,3019426.46,1086610.34,-10457.57,-10122.57,-10288.43,-10333.19,-10398.19,-10429.19,-10592.19,12673.83,65.45269160975984,
18426.0,3019425.95,1086611.2,-10457.53,-10122.53,-10288.39,-10333.15,-10398.15,-10429.15,-10592.15,12673.83,,
18427.0,3019425.43,1086612.05,-10457.49,-10122.5,-10288.36,-10333.12,-10398.12,-10429.12,-10592.12,12673.820000000002,,
18428.0,3019424.92,1086612.91,-10457.45,-10122.46,-10288.32,-10333.08,-10398.08,-10429.08,-10592.08,12673.81,,
18429.0,3019424.41,1086613.77,-10457.41,-10122.43,-10288.29,-10333.05,-10398.05,-10429.05,-10592.05,12673.81,,
18430.0,3019423.9,1086614.63,-10457.37,-10122.39,-10288.25,-10333.01,-10398.01,-10429.01,-10592.01,12673.8,,
18431.0,3019423.39,1086615.49,-10457.33,-10122.36,-10288.22,-10332.98,-10397.98,-10428.98,-10591.98,12673.79,62.62332453729184,
18432.0,3019422.88,1086616.35,-10457.28,-10122.32,-10288.18,-10332.94,-10397.94,-10428.94,-10591.94,12673.79,59.42718765913353,
18433.0,3019422.38,1086617.21,-10457.24,-10122.29,-10288.15,-10332.91,-10397.91,-10428.91,-10591.91,12673.78,58.861314244639935,
18434.0,3019421.87,1086618.07,-10457.2,-10122.25,-10288.11,-10332.87,-10397.87,-10428.87,-10591.87,12673.78,59.4167085218281,
18435.0,3019421.36,1086618.93,-10457.16,-10122.22,-10288.08,-10332.84,-10397.84,-10428.84,-10591.84,12673.77,57.72956741565273,
18436.0,3019420.86,1086619.79,-10457.12,-10122.18,-10288.04,-10332.8,-10397.8,-10428.8,-10591.8,12673.76,,
18437.0,3019420.35,1086620.65,-10457.07,-10122.15,-10288.01,-10332.77,-10397.77,-10428.77,-10591.77,12673.75,59.982581936321694,
18438.0,3019419.84,1086621.52,-10457.03,-10122.11,-10287.97,-10332.73,-10397.73,-10428.73,-10591.73,12673.75,63.93321670047147,
18439.0,3019419.34,1086622.38,-10456.99,-10122.08,-10287.94,-10332.7,-10397.7,-10428.7,-10591.7,12673.740000000002,64.68771458646295,
18440.0,3019418.83,1086623.24,-10456.94,-10122.05,-10287.91,-10332.67,-10397.67,-10428.67,-10591.67,12673.73,63.93321670047147,
18441.0,3019418.33,1086624.1,-10456.9,-10122.01,-10287.87,-10332.63,-10397.63,-10428.63,-10591.63,12673.72,61.6802021798025,
18442.0,3019417.82,1086624.96,-10456.86,-10121.98,-10287.84,-10332.6,-10397.6,-10428.6,-10591.6,12673.71,,
18443.0,3019417.32,1086625.82,-10456.82,-10121.94,-10287.8,-10332.56,-10397.56,-10428.56,-10591.56,12673.71,,
18444.0,3019416.81,1086626.69,-10456.77,-10121.91,-10287.77,-10332.53,-10397.53,-10428.53,-10591.53,12673.7,,
18445.0,3019416.31,1086627.55,-10456.73,-10121.87,-10287.73,-10332.49,-10397.49,-10428.49,-10591.49,12673.69,,
18446.0,3019415.8,1086628.41,-10456.69,-10121.82,-10287.68,-10332.44,-10397.44,-10428.44,-10591.44,12673.7,,
18447.0,3019415.29,1086629.27,-10456.65,-10121.77,-10287.63,-10332.39,-10397.39,-10428.39,-10591.39,12673.7,,
18448.0,3019414.79,1086630.13,-10456.6,-10121.73,-10287.59,-10332.35,-10397.35,-10428.35,-10591.35,12673.71,,
18449.0,3019414.28,1086630.99,-10456.56,-10121.68,-10287.54,-10332.3,-10397.3,-10428.3,-10591.3,12673.71,,
18450.0,3019413.78,1086631.86,-10456.52,-10121.63,-10287.49,-10332.25,-10397.25,-10428.25,-10591.25,12673.72,62.811949008789696,
18451.0,3019413.27,1086632.72,-10456.48,-10121.58,-10287.44,-10332.2,-10397.2,-10428.2,-10591.2,12673.72,64.32094478077263,
18452.0,3019412.77,1086633.58,-10456.43,-10121.53,-10287.39,-10332.15,-10397.15,-10428.15,-10591.15,12673.73,65.45269160975984,
18453.0,3019412.26,1086634.44,-10456.39,-10121.48,-10287.34,-10332.1,-10397.1,-10428.1,-10591.1,12673.740000000002,,
18454.0,3019411.75,1086635.3,-10456.35,-10121.44,-10287.3,-10332.06,-10397.06,-10428.06,-10591.06,12673.740000000002,,
18455.0,3019411.25,1086636.17,-10456.3,-10121.39,-10287.25,-10332.01,-10397.01,-10428.01,-10591.01,12673.75,,
18456.0,3019410.74,1086637.03,-10456.26,-10121.33,-10287.19,-10331.95,-10396.95,-10427.95,-10590.95,12673.76,,
18457.0,3019410.24,1086637.89,-10456.22,-10121.28,-10287.14,-10331.9,-10396.9,-10427.9,-10590.9,12673.77,,
18458.0,3019409.73,1086638.75,-10456.18,-10121.23,-10287.09,-10331.85,-10396.85,-10427.85,-10590.85,12673.78,65.81946141545014,
18459.0,3019409.23,1086639.61,-10456.13,-10121.18,-10287.04,-10331.8,-10396.8,-10427.8,-10590.8,12673.79,,
18460.0,3019408.72,1086640.47,-10456.09,-10121.12,-10286.98,-10331.74,-10396.74,-10427.74,-10590.74,12673.8,68.82697382211056,
18461.0,3019408.21,1086641.33,-10456.05,-10121.07,-10286.93,-10331.69,-10396.69,-10427.69,-10590.69,12673.81,,
18462.0,3019407.71,1086642.2,-10456.01,-10121.02,-10286.88,-10331.64,-10396.64,-10427.64,-10590.64,12673.820000000002,67.32845718743307,
18463.0,3019407.2,1086643.06,-10455.96,-10120.96,-10286.82,-10331.58,-10396.58,-10427.58,-10590.58,12673.83,64.88681819526624,
18464.0,3019406.7,1086643.92,-10455.92,-10120.91,-10286.77,-10331.53,-10396.53,-10427.53,-10590.53,12673.84,60.7475589596186,
18465.0,3019406.19,1086644.78,-10455.88,-10120.86,-10286.72,-10331.48,-10396.48,-10427.48,-10590.48,12673.85,60.92570429381103,
18466.0,3019405.69,1086645.64,-10455.84,-10120.8,-10286.66,-10331.42,-10396.42,-10427.42,-10590.42,12673.86,,
18467.0,3019405.18,1086646.5,-10455.79,-10120.75,-10286.61,-10331.37,-10396.37,-10427.37,-10590.37,12673.87,69.20422276510631,
18468.0,3019404.67,1086647.37,-10455.75,-10120.7,-10286.56,-10331.32,-10396.32,-10427.32,-10590.32,12673.88,65.25358800095653,
18469.0,3019404.17,1086648.23,-10455.71,-10120.65,-10286.51,-10331.27,-10396.27,-10427.27,-10590.27,12673.89,62.05745112279824,
18470.0,3019403.66,1086649.09,-10455.67,-10120.59,-10286.45,-10331.21,-10396.21,-10427.21,-10590.21,12673.9,59.61581213063141,
18471.0,3019403.16,1086649.95,-10455.62,-10120.54,-10286.4,-10331.16,-10396.16,-10427.16,-10590.16,12673.91,61.6802021798025,
18472.0,3019402.65,1086650.81,-10455.58,-10120.49,-10286.35,-10331.11,-10396.11,-10427.11,-10590.11,12673.92,62.24607559429611,
18473.0,3019402.15,1086651.67,-10455.54,-10120.43,-10286.29,-10331.05,-10396.05,-10427.05,-10590.05,12673.93,64.68771458646295,
18474.0,3019401.64,1086652.54,-10455.5,-10120.38,-10286.24,-10331.0,-10396.0,-10427.0,-10590.0,12673.94,65.4422124724544,
18475.0,3019401.13,1086653.4,-10455.45,-10120.33,-10286.19,-10330.95,-10395.95,-10426.95,-10589.95,12673.95,64.68771458646295,
18476.0,3019400.63,1086654.26,-10455.41,-10120.28,-10286.14,-10330.9,-10395.9,-10426.9,-10589.9,12673.97,62.43470006579397,
18477.0,3019400.12,1086655.12,-10455.37,-10120.22,-10286.08,-10330.84,-10395.84,-10426.84,-10589.84,12673.98,64.31046564346721,
18478.0,3019399.62,1086655.98,-10455.33,-10120.17,-10286.03,-10330.79,-10395.79,-10426.79,-10589.79,12673.990000000002,68.96320260708126,
18479.0,3019399.11,1086656.84,-10455.28,-10120.12,-10285.98,-10330.74,-10395.74,-10426.74,-10589.74,12674.0,70.52459406559137,
18480.0,3019398.6,1086657.71,-10455.24,-10120.06,-10285.92,-10330.68,-10395.68,-10426.68,-10589.68,12674.01,69.16230621588456,
18481.0,3019398.1,1086658.57,-10455.2,-10120.01,-10285.87,-10330.63,-10395.63,-10426.63,-10589.63,12674.02,66.19671035844587,
18482.0,3019397.59,1086659.43,-10455.16,-10119.96,-10285.82,-10330.58,-10395.58,-10426.58,-10589.58,12674.03,67.74762267965056,
18483.0,3019397.09,1086660.29,-10455.11,-10119.9,-10285.76,-10330.52,-10395.52,-10426.52,-10589.52,12674.04,74.5171453789629,
18484.0,3019396.58,1086661.15,-10455.07,-10119.85,-10285.71,-10330.47,-10395.47,-10426.47,-10589.47,12674.05,78.09053120011693,
18485.0,3019396.07,1086662.01,-10455.03,-10119.8,-10285.66,-10330.42,-10395.42,-10426.42,-10589.42,12674.06,75.5964965214229,
18486.0,3019395.57,1086662.87,-10454.99,-10119.75,-10285.61,-10330.37,-10395.37,-10426.37,-10589.37,12674.070000000002,,
18487.0,3019395.06,1086663.74,-10454.94,-10119.69,-10285.55,-10330.31,-10395.31,-10426.31,-10589.31,12674.08,77.09501315610039,
18488.0,3019394.56,1086664.6,-10454.9,-10119.64,-10285.5,-10330.26,-10395.26,-10426.26,-10589.26,12674.09,73.99318851369104,
18489.0,3019394.05,1086665.46,-10454.86,-10119.59,-10285.45,-10330.21,-10395.21,-10426.21,-10589.21,12674.1,72.21173517176673,
18490.0,3019393.55,1086666.32,-10454.82,-10119.53,-10285.39,-10330.15,-10395.15,-10426.15,-10589.15,12674.11,74.61145761471182,
18491.0,3019393.04,1086667.18,-10454.77,-10119.48,-10285.34,-10330.1,-10395.1,-10426.1,-10589.1,12674.12,75.82703754214252,
18492.0,3019392.53,1086668.04,-10454.73,-10119.43,-10285.29,-10330.05,-10395.05,-10426.05,-10589.05,12674.13,,
18493.0,3019392.03,1086668.91,-10454.69,-10119.38,-10285.24,-10330.0,-10395.0,-10426.0,-10589.0,12674.14,,
18494.0,3019391.52,1086669.77,-10454.65,-10119.32,-10285.18,-10329.94,-10394.94,-10425.94,-10588.94,12674.15,80.95133568450125,
18495.0,3019391.02,1086670.63,-10454.6,-10119.27,-10285.13,-10329.89,-10394.89,-10425.89,-10588.89,12674.16,79.77767230629229,
18496.0,3019390.51,1086671.49,-10454.56,-10119.22,-10285.08,-10329.84,-10394.84,-10425.84,-10588.84,12674.17,79.16988234257694,
18497.0,3019390.0,1086672.35,-10454.52,-10119.16,-10285.02,-10329.78,-10394.78,-10425.78,-10588.78,12674.19,76.20428648513825,
18498.0,3019389.5,1086673.21,-10454.48,-10119.11,-10284.97,-10329.73,-10394.73,-10425.73,-10588.73,12674.2,76.8120764488536,
18499.0,3019388.99,1086674.07,-10454.43,-10119.06,-10284.92,-10329.68,-10394.68,-10425.68,-10588.68,12674.21,74.61145761471182,
18500.0,3019388.49,1086674.94,-10454.39,-10119.0,-10284.86,-10329.62,-10394.62,-10425.62,-10588.62,12674.22,77.56657433484507,
18501.0,3019387.98,1086675.8,-10454.35,-10118.95,-10284.81,-10329.57,-10394.57,-10425.57,-10588.57,12674.23,,
18502.0,3019387.47,1086676.66,-10454.31,-10118.9,-10284.76,-10329.52,-10394.52,-10425.52,-10588.52,12674.240000000002,80.95133568450125,
18503.0,3019386.97,1086677.52,-10454.26,-10118.85,-10284.71,-10329.47,-10394.47,-10425.47,-10588.47,12674.25,,
18504.0,3019386.46,1086678.38,-10454.22,-10118.79,-10284.65,-10329.41,-10394.41,-10425.41,-10588.41,12674.26,,
18505.0,3019385.96,1086679.24,-10454.18,-10118.74,-10284.6,-10329.36,-10394.36,-10425.36,-10588.36,12674.27,79.26419457832587,
18506.0,3019385.45,1086680.11,-10454.14,-10118.69,-10284.55,-10329.31,-10394.31,-10425.31,-10588.31,12674.28,80.38546227000765,
18507.0,3019384.94,1086680.97,-10454.09,-10118.63,-10284.49,-10329.25,-10394.25,-10425.25,-10588.25,12674.29,83.20435020517021,
18508.0,3019384.44,1086681.83,-10454.05,-10118.58,-10284.44,-10329.2,-10394.2,-10425.2,-10588.2,12674.3,86.58911155482639,
18509.0,3019383.93,1086682.69,-10454.01,-10118.53,-10284.39,-10329.15,-10394.15,-10425.15,-10588.15,12674.31,84.84957476212382,
18510.0,3019383.43,1086683.55,-10453.97,-10118.47,-10284.33,-10329.09,-10394.09,-10425.09,-10588.09,12674.320000000002,77.90190672861907,
18511.0,3019382.92,1086684.41,-10453.93,-10118.42,-10284.28,-10329.04,-10394.04,-10425.04,-10588.04,12674.33,72.77760858626034,
18512.0,3019382.41,1086685.27,-10453.88,-10118.37,-10284.23,-10328.99,-10393.99,-10424.99,-10587.99,12674.34,73.47971078572463,
18513.0,3019381.91,1086686.14,-10453.84,-10118.32,-10284.18,-10328.94,-10393.94,-10424.94,-10587.94,12674.35,,
18514.0,3019381.4,1086687.0,-10453.8,-10118.26,-10284.12,-10328.88,-10393.88,-10424.88,-10587.88,12674.37,,
18515.0,3019380.9,1086687.86,-10453.76,-10118.21,-10284.07,-10328.83,-10393.83,-10424.83,-10587.83,12674.38,78.69832116383228,
18516.0,3019380.39,1086688.72,-10453.71,-10118.16,-10284.02,-10328.78,-10393.78,-10424.78,-10587.78,12674.39,83.58159914816595,
18517.0,3019379.88,1086689.58,-10453.67,-10118.1,-10283.96,-10328.72,-10393.72,-10424.72,-10587.72,12674.4,88.47535626980505,
18518.0,3019379.38,1086690.44,-10453.63,-10118.05,-10283.91,-10328.67,-10393.67,-10424.67,-10587.67,12674.41,87.16546410662542,
18519.0,3019378.87,1086691.3,-10453.59,-10118.0,-10283.86,-10328.62,-10393.62,-10424.62,-10587.62,12674.42,84.33609703415742,
18520.0,3019378.36,1086692.17,-10453.54,-10117.95,-10283.81,-10328.57,-10393.57,-10424.57,-10587.57,12674.43,83.77022361966381,
18521.0,3019377.86,1086693.03,-10453.5,-10117.89,-10283.75,-10328.51,-10393.51,-10424.51,-10587.51,12674.44,87.16546410662542,
18522.0,3019377.35,1086693.89,-10453.46,-10117.84,-10283.7,-10328.46,-10393.46,-10424.46,-10587.46,12674.45,89.22985415579652,
18523.0,3019376.85,1086694.75,-10453.42,-10117.79,-10283.65,-10328.41,-10393.41,-10424.41,-10587.41,12674.46,90.36160098478372,
18524.0,3019376.34,1086695.61,-10453.38,-10117.73,-10283.59,-10328.35,-10393.35,-10424.35,-10587.35,12674.47,,
18525.0,3019375.83,1086696.47,-10453.33,-10117.68,-10283.54,-10328.3,-10393.3,-10424.3,-10587.3,12674.48,,
18526.0,3019375.33,1086697.33,-10453.29,-10117.63,-10283.49,-10328.25,-10393.25,-10424.25,-10587.25,12674.490000000002,89.22985415579652,
18527.0,3019374.82,1086698.2,-10453.25,-10117.57,-10283.43,-10328.19,-10393.19,-10424.19,-10587.19,12674.5,88.09810732680933,
18528.0,3019374.32,1086699.06,-10453.21,-10117.52,-10283.38,-10328.14,-10393.14,-10424.14,-10587.14,12674.52,88.47535626980505,
18529.0,3019373.81,1086699.92,-10453.16,-10117.47,-10283.33,-10328.09,-10393.09,-10424.09,-10587.09,12674.53,89.60710309879225,
18530.0,3019373.3,1086700.78,-10453.12,-10117.42,-10283.28,-10328.04,-10393.04,-10424.04,-10587.04,12674.54,88.47535626980505,
18531.0,3019372.8,1086701.64,-10453.08,-10117.36,-10283.22,-10327.98,-10392.98,-10423.98,-10586.98,12674.55,87.90948285531145,
18532.0,3019372.29,1086702.5,-10453.04,-10117.31,-10283.17,-10327.93,-10392.93,-10423.93,-10586.93,12674.56,,
18533.0,3019371.78,1086703.36,-10453.0,-10117.26,-10283.12,-10327.88,-10392.88,-10423.88,-10586.88,12674.570000000002,95.06673363492496,
18534.0,3019371.28,1086704.22,-10452.95,-10117.2,-10283.06,-10327.82,-10392.82,-10423.82,-10586.82,12674.58,96.00985599241427,
18535.0,3019370.77,1086705.08,-10452.91,-10117.15,-10283.01,-10327.77,-10392.77,-10423.77,-10586.77,12674.59,95.06673363492496,
18536.0,3019370.26,1086705.94,-10452.87,-10117.1,-10282.96,-10327.72,-10392.72,-10423.72,-10586.72,12674.6,92.23736656245694,
18537.0,3019369.75,1086706.8,-10452.83,-10117.04,-10282.9,-10327.66,-10392.66,-10423.66,-10586.66,12674.62,,
18538.0,3019369.24,1086707.66,-10452.79,-10116.99,-10282.85,-10327.61,-10392.61,-10423.61,-10586.61,12674.63,95.06673363492496,
18539.0,3019368.73,1086708.52,-10452.75,-10116.94,-10282.8,-10327.56,-10392.56,-10423.56,-10586.56,12674.64,96.00985599241427,
18540.0,3019368.22,1086709.38,-10452.71,-10116.89,-10282.75,-10327.51,-10392.51,-10423.51,-10586.51,12674.66,,
18541.0,3019367.71,1086710.24,-10452.67,-10116.83,-10282.69,-10327.45,-10392.45,-10423.45,-10586.45,12674.67,,
18542.0,3019367.2,1086711.1,-10452.63,-10116.78,-10282.64,-10327.4,-10392.4,-10423.4,-10586.4,12674.68,,
18543.0,3019366.69,1086711.96,-10452.59,-10116.73,-10282.59,-10327.35,-10392.35,-10423.35,-10586.35,12674.69,,
18544.0,3019366.18,1086712.82,-10452.55,-10116.67,-10282.53,-10327.29,-10392.29,-10423.29,-10586.29,12674.71,93.18048891994628,
18545.0,3019365.66,1086713.67,-10452.51,-10116.62,-10282.48,-10327.24,-10392.24,-10423.24,-10586.24,12674.72,90.36160098478372,
18546.0,3019365.15,1086714.53,-10452.47,-10116.57,-10282.43,-10327.19,-10392.19,-10423.19,-10586.19,12674.73,91.30472334227306,
18547.0,3019364.64,1086715.39,-10452.43,-10116.52,-10282.38,-10327.14,-10392.14,-10423.14,-10586.14,12674.75,93.36911339144416,
18548.0,3019364.12,1086716.24,-10452.39,-10116.46,-10282.32,-10327.08,-10392.08,-10423.08,-10586.08,12674.76,92.05922122826452,
18549.0,3019363.61,1086717.1,-10452.36,-10116.41,-10282.27,-10327.03,-10392.03,-10423.03,-10586.03,12674.78,91.30472334227306,
18550.0,3019363.09,1086717.96,-10452.32,-10116.36,-10282.22,-10326.98,-10391.98,-10422.98,-10585.98,12674.79,95.06673363492496,
18551.0,3019362.58,1086718.81,-10452.28,-10116.3,-10282.16,-10326.92,-10391.92,-10422.92,-10585.92,12674.81,95.99937685510884,
18552.0,3019362.06,1086719.67,-10452.24,-10116.25,-10282.11,-10326.87,-10391.87,-10422.87,-10585.87,12674.820000000002,93.18048891994628,
18553.0,3019361.54,1086720.52,-10452.2,-10116.2,-10282.06,-10326.82,-10391.82,-10422.82,-10585.82,12674.84,90.92747439927732,
18554.0,3019361.03,1086721.38,-10452.17,-10116.14,-10282.0,-10326.76,-10391.76,-10422.76,-10585.76,12674.85,93.19096805725172,
18555.0,3019360.51,1086722.23,-10452.13,-10116.09,-10281.95,-10326.71,-10391.71,-10422.71,-10585.71,12674.87,94.8781091634271,
18556.0,3019359.99,1086723.09,-10452.09,-10116.04,-10281.9,-10326.66,-10391.66,-10422.66,-10585.66,12674.89,93.19096805725172,
18557.0,3019359.47,1086723.94,-10452.06,-10115.99,-10281.85,-10326.61,-10391.61,-10422.61,-10585.61,12674.9,92.62509464275811,
18558.0,3019358.95,1086724.8,-10452.02,-10115.93,-10281.79,-10326.55,-10391.55,-10422.55,-10585.55,12674.92,,
18559.0,3019358.43,1086725.65,-10451.98,-10115.88,-10281.74,-10326.5,-10391.5,-10422.5,-10585.5,12674.94,96.00985599241427,
18560.0,3019357.91,1086726.5,-10451.95,-10115.83,-10281.69,-10326.45,-10391.45,-10422.45,-10585.45,12674.96,97.13112368409604,
18561.0,3019357.39,1086727.36,-10451.91,-10115.77,-10281.63,-10326.39,-10391.39,-10422.39,-10585.39,12674.97,98.62964031877355,
18562.0,3019356.87,1086728.21,-10451.88,-10115.72,-10281.58,-10326.34,-10391.34,-10422.34,-10585.34,12674.990000000002,99.76138714776076,
18563.0,3019356.35,1086729.06,-10451.84,-10115.67,-10281.53,-10326.29,-10391.29,-10422.29,-10585.29,12675.01,,
18564.0,3019355.83,1086729.91,-10451.81,-10115.61,-10281.47,-10326.23,-10391.23,-10422.23,-10585.23,12675.02,94.1131321401302,
18565.0,3019355.31,1086730.77,-10451.77,-10115.56,-10281.42,-10326.18,-10391.18,-10422.18,-10585.18,12675.04,86.59959069213181,
18566.0,3019354.78,1086731.62,-10451.74,-10115.51,-10281.37,-10326.13,-10391.13,-10422.13,-10585.13,12675.06,80.95133568450125,
18567.0,3019354.26,1086732.47,-10451.7,-10115.46,-10281.32,-10326.08,-10391.08,-10422.08,-10585.08,12675.08,87.73133752111902,
18568.0,3019353.74,1086733.32,-10451.67,-10115.4,-10281.26,-10326.02,-10391.02,-10422.02,-10585.02,12675.1,96.00985599241427,
18569.0,3019353.21,1086734.17,-10451.64,-10115.35,-10281.21,-10325.97,-10390.97,-10421.97,-10584.97,12675.12,99.7718662850662,
18570.0,3019352.69,1086735.02,-10451.6,-10115.3,-10281.16,-10325.92,-10390.92,-10421.92,-10584.92,12675.14,97.13112368409604,
18571.0,3019352.16,1086735.87,-10451.57,-10115.24,-10281.1,-10325.86,-10390.86,-10421.86,-10584.86,12675.16,97.88562157008752,
18572.0,3019351.63,1086736.72,-10451.54,-10115.19,-10281.05,-10325.81,-10390.81,-10421.81,-10584.81,12675.18,100.51588503375224,
18573.0,3019351.11,1086737.57,-10451.5,-10115.14,-10281.0,-10325.76,-10390.76,-10421.76,-10584.76,12675.2,102.40212974873089,
18574.0,3019350.58,1086738.42,-10451.47,-10115.08,-10280.94,-10325.7,-10390.7,-10421.7,-10584.7,12675.22,103.53387657771808,
18575.0,3019350.05,1086739.27,-10451.44,-10115.03,-10280.89,-10325.65,-10390.65,-10421.65,-10584.65,12675.240000000002,99.58324181356832,
18576.0,3019349.53,1086740.12,-10451.41,-10114.98,-10280.84,-10325.6,-10390.6,-10421.6,-10584.6,12675.26,94.31223574893347,
18577.0,3019349.0,1086740.97,-10451.37,-10114.93,-10280.79,-10325.55,-10390.55,-10421.55,-10584.55,12675.28,90.36160098478372,
18578.0,3019348.47,1086741.82,-10451.34,-10114.87,-10280.73,-10325.49,-10390.49,-10421.49,-10584.49,12675.3,,
18579.0,3019347.94,1086742.66,-10451.31,-10114.82,-10280.68,-10325.44,-10390.44,-10421.44,-10584.44,12675.320000000002,,
18580.0,3019347.41,1086743.51,-10451.28,-10114.77,-10280.63,-10325.39,-10390.39,-10421.39,-10584.39,12675.34,88.86308435010622,
18581.0,3019346.88,1086744.36,-10451.25,-10114.71,-10280.57,-10325.33,-10390.33,-10421.33,-10584.33,12675.37,82.8375803994799,
18582.0,3019346.35,1086745.21,-10451.22,-10114.66,-10280.52,-10325.28,-10390.28,-10421.28,-10584.28,12675.39,77.9438232778408,
18583.0,3019345.82,1086746.05,-10451.19,-10114.61,-10280.47,-10325.23,-10390.23,-10421.23,-10584.23,12675.41,82.27170698498631,
18584.0,3019345.29,1086746.9,-10451.16,-10114.56,-10280.42,-10325.18,-10390.18,-10421.18,-10584.18,12675.43,92.04874209095908,
18585.0,3019344.75,1086747.74,-10451.13,-10114.5,-10280.36,-10325.12,-10390.12,-10421.12,-10584.12,12675.45,98.44101584727568,
18586.0,3019344.22,1086748.59,-10451.1,-10114.45,-10280.31,-10325.07,-10390.07,-10421.07,-10584.07,12675.48,99.76138714776076,
18587.0,3019343.69,1086749.44,-10451.07,-10114.4,-10280.26,-10325.02,-10390.02,-10421.02,-10584.02,12675.5,,
18588.0,3019343.16,1086750.28,-10451.04,-10114.34,-10280.2,-10324.96,-10389.96,-10420.96,-10583.96,12675.53,97.5083726270918,
18589.0,3019342.62,1086751.13,-10451.01,-10114.29,-10280.15,-10324.91,-10389.91,-10420.91,-10583.91,12675.55,97.88562157008752,
18590.0,3019342.09,1086751.97,-10450.98,-10114.24,-10280.1,-10324.86,-10389.86,-10420.86,-10583.86,12675.570000000002,,
18591.0,3019341.55,1086752.82,-10450.95,-10114.18,-10280.04,-10324.8,-10389.8,-10420.8,-10583.8,12675.6,,
18592.0,3019341.02,1086753.66,-10450.92,-10114.13,-10279.99,-10324.75,-10389.75,-10420.75,-10583.75,12675.62,102.40212974873089,
18593.0,3019340.48,1086754.5,-10450.89,-10114.08,-10279.94,-10324.7,-10389.7,-10420.7,-10583.7,12675.65,101.2703829197437,
18594.0,3019339.94,1086755.35,-10450.86,-10114.03,-10279.89,-10324.65,-10389.65,-10420.65,-10583.65,12675.67,98.26287051308326,
18595.0,3019339.41,1086756.19,-10450.84,-10113.97,-10279.83,-10324.59,-10389.59,-10420.59,-10583.59,12675.69,,
18596.0,3019338.87,1086757.03,-10450.81,-10113.92,-10279.78,-10324.54,-10389.54,-10420.54,-10583.54,12675.72,100.52636417105766,
18597.0,3019338.33,1086757.88,-10450.78,-10113.87,-10279.73,-10324.49,-10389.49,-10420.49,-10583.49,12675.75,99.7718662850662,
18598.0,3019337.79,1086758.72,-10450.75,-10113.81,-10279.67,-10324.43,-10389.43,-10420.43,-10583.43,12675.77,96.75387474110032,
18599.0,3019337.26,1086759.56,-10450.73,-10113.76,-10279.62,-10324.38,-10389.38,-10420.38,-10583.38,12675.8,96.00985599241427,
18600.0,3019336.72,1086760.4,-10450.7,-10113.71,-10279.57,-10324.33,-10389.33,-10420.33,-10583.33,12675.820000000002,,
18601.0,3019336.18,1086761.24,-10450.67,-10113.65,-10279.51,-10324.27,-10389.27,-10420.27,-10583.27,12675.85,,
18602.0,3019335.64,1086762.08,-10450.65,-10113.6,-10279.46,-10324.22,-10389.22,-10420.22,-10583.22,12675.88,95.44398257792068,
18603.0,3019335.1,1086762.92,-10450.62,-10113.55,-10279.41,-10324.17,-10389.17,-10420.17,-10583.17,12675.9,,
18604.0,3019334.55,1086763.77,-10450.59,-10113.5,-10279.36,-10324.12,-10389.12,-10420.12,-10583.12,12675.93,90.92747439927732,
18605.0,3019334.01,1086764.61,-10450.57,-10113.44,-10279.3,-10324.06,-10389.06,-10420.06,-10583.06,12675.95,90.36160098478372,
18606.0,3019333.47,1086765.45,-10450.54,-10113.39,-10279.25,-10324.01,-10389.01,-10420.01,-10583.01,12675.98,92.05922122826452,
18607.0,3019332.93,1086766.28,-10450.52,-10113.34,-10279.2,-10323.96,-10388.96,-10419.96,-10582.96,12676.01,95.63260704941855,
18608.0,3019332.38,1086767.12,-10450.49,-10113.28,-10279.14,-10323.9,-10388.9,-10419.9,-10582.9,12676.04,102.59075422022876,
18609.0,3019331.84,1086767.96,-10450.47,-10113.23,-10279.09,-10323.85,-10388.85,-10419.85,-10582.85,12676.070000000002,105.0323932123956,
18610.0,3019331.3,1086768.8,-10450.44,-10113.18,-10279.04,-10323.8,-10388.8,-10419.8,-10582.8,12676.1,102.58027508292332,
18611.0,3019330.75,1086769.64,-10450.42,-10113.12,-10278.98,-10323.74,-10388.74,-10419.74,-10582.74,12676.13,99.76138714776076,
18612.0,3019330.21,1086770.48,-10450.39,-10113.07,-10278.93,-10323.69,-10388.69,-10419.69,-10582.69,12676.15,,
18613.0,3019329.66,1086771.32,-10450.37,-10113.02,-10278.88,-10323.64,-10388.64,-10419.64,-10582.64,12676.18,96.9424992125982,
18614.0,3019329.12,1086772.15,-10450.35,-10112.97,-10278.83,-10323.59,-10388.59,-10419.59,-10582.59,12676.21,93.18048891994628,
18615.0,3019328.57,1086772.99,-10450.32,-10112.91,-10278.77,-10323.53,-10388.53,-10419.53,-10582.53,12676.240000000002,96.00985599241427,
18616.0,3019328.02,1086773.83,-10450.3,-10112.86,-10278.72,-10323.48,-10388.48,-10419.48,-10582.48,12676.27,103.53387657771808,
18617.0,3019327.48,1086774.66,-10450.28,-10112.81,-10278.67,-10323.43,-10388.43,-10419.43,-10582.43,12676.3,105.22101768389344,
18618.0,3019326.93,1086775.5,-10450.25,-10112.75,-10278.61,-10323.37,-10388.37,-10419.37,-10582.37,12676.33,,
18619.0,3019326.38,1086776.34,-10450.23,-10112.7,-10278.56,-10323.32,-10388.32,-10419.32,-10582.32,12676.36,94.31223574893347,
18620.0,3019325.83,1086777.17,-10450.21,-10112.65,-10278.51,-10323.27,-10388.27,-10419.27,-10582.27,12676.39,92.05922122826452,
18621.0,3019325.28,1086778.01,-10450.19,-10112.6,-10278.46,-10323.22,-10388.22,-10419.22,-10582.22,12676.42,93.18048891994628,
18622.0,3019324.73,1086778.84,-10450.16,-10112.54,-10278.4,-10323.16,-10388.16,-10419.16,-10582.16,12676.45,96.9424992125982,
18623.0,3019324.18,1086779.68,-10450.14,-10112.49,-10278.35,-10323.11,-10388.11,-10419.11,-10582.11,12676.48,99.76138714776076,
18624.0,3019323.63,1086780.51,-10450.12,-10112.44,-10278.3,-10323.06,-10388.06,-10419.06,-10582.06,12676.52,,
18625.0,3019323.08,1086781.35,-10450.1,-10112.38,-10278.24,-10323.0,-10388.0,-10419.0,-10582.0,12676.55,,
18626.0,3019322.53,1086782.18,-10450.08,-10112.33,-10278.19,-10322.95,-10387.95,-10418.95,-10581.95,12676.58,,
18627.0,3019321.98,1086783.01,-10450.06,-10112.28,-10278.14,-10322.9,-10387.9,-10418.9,-10581.9,12676.61,,
18628.0,3019321.43,1086783.85,-10450.04,-10112.22,-10278.08,-10322.84,-10387.84,-10418.84,-10581.84,12676.64,,
18629.0,3019320.87,1086784.68,-10450.02,-10112.17,-10278.03,-10322.79,-10387.79,-10418.79,-10581.79,12676.68,,
18630.0,3019320.32,1086785.52,-10450.0,-10112.12,-10277.98,-10322.74,-10387.74,-10418.74,-10581.74,12676.71,98.62964031877355,
18631.0,3019319.77,1086786.35,-10449.98,-10112.07,-10277.93,-10322.69,-10387.69,-10418.69,-10581.69,12676.740000000002,,
18632.0,3019319.22,1086787.19,-10449.96,-10112.01,-10277.87,-10322.63,-10387.63,-10418.63,-10581.63,12676.77,92.05922122826452,
18633.0,3019318.67,1086788.02,-10449.94,-10111.96,-10277.82,-10322.58,-10387.58,-10418.58,-10581.58,12676.81,,
18634.0,3019318.12,1086788.85,-10449.92,-10111.91,-10277.77,-10322.53,-10387.53,-10418.53,-10581.53,12676.84,,
18635.0,3019317.57,1086789.69,-10449.9,-10111.85,-10277.71,-10322.47,-10387.47,-10418.47,-10581.47,12676.87,,
18636.0,3019317.02,1086790.53,-10449.88,-10111.8,-10277.66,-10322.42,-10387.42,-10418.42,-10581.42,12676.91,,
18637.0,3019316.47,1086791.36,-10449.86,-10111.75,-10277.61,-10322.37,-10387.37,-10418.37,-10581.37,12676.94,,
18638.0,3019315.92,1086792.2,-10449.84,-10111.69,-10277.55,-10322.31,-10387.31,-10418.31,-10581.31,12676.97,,
18639.0,3019315.38,1086793.03,-10449.82,-10111.65,-10277.51,-10322.27,-10387.27,-10418.27,-10581.27,12676.990000000002,,
18640.0,3019314.83,1086793.87,-10449.8,-10111.64,-10277.5,-10322.26,-10387.26,-10418.26,-10581.26,12676.990000000002,,
18641.0,3019314.28,1086794.7,-10449.78,-10111.62,-10277.48,-10322.24,-10387.24,-10418.24,-10581.24,12676.990000000002,,
18642.0,3019313.73,1086795.54,-10449.76,-10111.6,-10277.46,-10322.22,-10387.22,-10418.22,-10581.22,12676.990000000002,,
18643.0,3019313.18,1086796.38,-10449.74,-10111.58,-10277.44,-10322.2,-10387.2,-10418.2,-10581.2,12676.990000000002,90.36160098478372,
18644.0,3019312.63,1086797.21,-10449.72,-10111.57,-10277.43,-10322.19,-10387.19,-10418.19,-10581.19,12676.990000000002,,
18645.0,3019312.09,1086798.05,-10449.71,-10111.55,-10277.41,-10322.17,-10387.17,-10418.17,-10581.17,12676.990000000002,102.21350527723304,
18646.0,3019311.54,1086798.89,-10449.69,-10111.53,-10277.39,-10322.15,-10387.15,-10418.15,-10581.15,12676.990000000002,102.59075422022876,
18647.0,3019310.99,1086799.72,-10449.67,-10111.51,-10277.37,-10322.13,-10387.13,-10418.13,-10581.13,12676.990000000002,97.31974815559391,
18648.0,3019310.45,1086800.56,-10449.65,-10111.49,-10277.35,-10322.11,-10387.11,-10418.11,-10581.11,12676.990000000002,97.13112368409604,
18649.0,3019309.9,1086801.4,-10449.63,-10111.48,-10277.34,-10322.1,-10387.1,-10418.1,-10581.1,12676.990000000002,97.69699709858966,
18650.0,3019309.35,1086802.24,-10449.62,-10111.46,-10277.32,-10322.08,-10387.08,-10418.08,-10581.08,12676.990000000002,95.06673363492496,
18651.0,3019308.81,1086803.07,-10449.6,-10111.44,-10277.3,-10322.06,-10387.06,-10418.06,-10581.06,12676.990000000002,93.19096805725172,
18652.0,3019308.26,1086803.91,-10449.58,-10111.42,-10277.28,-10322.04,-10387.04,-10418.04,-10581.04,12676.990000000002,99.7718662850662,
18653.0,3019307.72,1086804.75,-10449.57,-10111.41,-10277.27,-10322.03,-10387.03,-10418.03,-10581.03,12676.990000000002,104.466519797902,
18654.0,3019307.17,1086805.59,-10449.55,-10111.39,-10277.25,-10322.01,-10387.01,-10418.01,-10581.01,12676.990000000002,102.58027508292332,
18655.0,3019306.63,1086806.43,-10449.53,-10111.37,-10277.23,-10321.99,-10386.99,-10417.99,-10580.99,12676.990000000002,99.76138714776076,
18656.0,3019306.08,1086807.26,-10449.52,-10111.35,-10277.21,-10321.97,-10386.97,-10417.97,-10580.97,12676.990000000002,99.38413820476502,
18657.0,3019305.54,1086808.1,-10449.5,-10111.34,-10277.2,-10321.96,-10386.96,-10417.96,-10580.96,12676.990000000002,97.88562157008752,
18658.0,3019304.99,1086808.94,-10449.48,-10111.32,-10277.18,-10321.94,-10386.94,-10417.94,-10580.94,12677.0,96.75387474110032,
18659.0,3019304.45,1086809.78,-10449.47,-10111.3,-10277.16,-10321.92,-10386.92,-10417.92,-10580.92,12677.0,,
18660.0,3019303.9,1086810.62,-10449.45,-10111.28,-10277.14,-10321.9,-10386.9,-10417.9,-10580.9,12677.0,99.00688926176927,
18661.0,3019303.36,1086811.46,-10449.43,-10111.26,-10277.12,-10321.88,-10386.88,-10417.88,-10580.88,12677.0,97.88562157008752,
18662.0,3019302.82,1086812.3,-10449.42,-10111.25,-10277.11,-10321.87,-10386.87,-10417.87,-10580.87,12677.0,96.37662579810458,
18663.0,3019302.27,1086813.14,-10449.4,-10111.23,-10277.09,-10321.85,-10386.85,-10417.85,-10580.85,12677.0,96.00985599241427,
18664.0,3019301.73,1086813.98,-10449.39,-10111.21,-10277.07,-10321.83,-10386.83,-10417.83,-10580.83,12677.01,,
18665.0,3019301.19,1086814.82,-10449.37,-10111.19,-10277.05,-10321.81,-10386.81,-10417.81,-10580.81,12677.01,,
18666.0,3019300.65,1086815.66,-10449.36,-10111.18,-10277.04,-10321.8,-10386.8,-10417.8,-10580.8,12677.01,96.37662579810458,
18667.0,3019300.11,1086816.5,-10449.34,-10111.16,-10277.02,-10321.78,-10386.78,-10417.78,-10580.78,12677.01,,
18668.0,3019299.56,1086817.34,-10449.33,-10111.14,-10277.0,-10321.76,-10386.76,-10417.76,-10580.76,12677.02,99.38413820476502,
18669.0,3019299.02,1086818.18,-10449.31,-10111.12,-10276.98,-10321.74,-10386.74,-10417.74,-10580.74,12677.02,99.76138714776076,
18670.0,3019298.48,1086819.02,-10449.3,-10111.11,-10276.97,-10321.73,-10386.73,-10417.73,-10580.73,12677.02,96.9424992125982,
18671.0,3019297.94,1086819.86,-10449.28,-10111.09,-10276.95,-10321.71,-10386.71,-10417.71,-10580.71,12677.03,93.18048891994628,
18672.0,3019297.4,1086820.7,-10449.27,-10111.07,-10276.93,-10321.69,-10386.69,-10417.69,-10580.69,12677.03,,
18673.0,3019296.86,1086821.54,-10449.25,-10111.05,-10276.91,-10321.67,-10386.67,-10417.67,-10580.67,12677.03,96.9424992125982,
18674.0,3019296.32,1086822.38,-10449.24,-10111.04,-10276.9,-10321.66,-10386.66,-10417.66,-10580.66,12677.04,99.38413820476502,
18675.0,3019295.78,1086823.22,-10449.23,-10111.02,-10276.88,-10321.64,-10386.64,-10417.64,-10580.64,12677.04,,
18676.0,3019295.24,1086824.07,-10449.21,-10111.0,-10276.86,-10321.62,-10386.62,-10417.62,-10580.62,12677.04,96.37662579810458,
18677.0,3019294.7,1086824.91,-10449.2,-10110.98,-10276.84,-10321.6,-10386.6,-10417.6,-10580.6,12677.05,97.13112368409604,
18678.0,3019294.16,1086825.75,-10449.18,-10110.96,-10276.82,-10321.58,-10386.58,-10417.58,-10580.58,12677.05,98.62964031877355,
18679.0,3019293.62,1086826.59,-10449.17,-10110.95,-10276.81,-10321.57,-10386.57,-10417.57,-10580.57,12677.06,99.76138714776076,
18680.0,3019293.08,1086827.43,-10449.16,-10110.93,-10276.79,-10321.55,-10386.55,-10417.55,-10580.55,12677.06,,
18681.0,3019292.54,1086828.28,-10449.15,-10110.91,-10276.77,-10321.53,-10386.53,-10417.53,-10580.53,12677.070000000002,98.1895165519452,
18682.0,3019292.0,1086829.12,-10449.13,-10110.89,-10276.75,-10321.51,-10386.51,-10417.51,-10580.51,12677.070000000002,96.69099991726767,
18683.0,3019291.46,1086829.96,-10449.12,-10110.88,-10276.74,-10321.5,-10386.5,-10417.5,-10580.5,12677.070000000002,95.77931497169467,
18684.0,3019290.93,1086830.8,-10449.11,-10110.86,-10276.72,-10321.48,-10386.48,-10417.48,-10580.48,12677.08,96.00985599241427,
18685.0,3019290.39,1086831.65,-10449.09,-10110.84,-10276.7,-10321.46,-10386.46,-10417.46,-10580.46,12677.08,,
18686.0,3019289.85,1086832.49,-10449.08,-10110.82,-10276.68,-10321.44,-10386.44,-10417.44,-10580.44,12677.09,,
18687.0,3019289.31,1086833.33,-10449.07,-10110.81,-10276.67,-10321.43,-10386.43,-10417.43,-10580.43,12677.1,,
18688.0,3019288.78,1086834.18,-10449.06,-10110.79,-10276.65,-10321.41,-10386.41,-10417.41,-10580.41,12677.1,,
18689.0,3019288.24,1086835.02,-10449.05,-10110.77,-10276.63,-10321.39,-10386.39,-10417.39,-10580.39,12677.11,95.06673363492496,
18690.0,3019287.7,1086835.86,-10449.03,-10110.75,-10276.61,-10321.37,-10386.37,-10417.37,-10580.37,12677.11,91.30472334227306,
18691.0,3019287.17,1086836.71,-10449.02,-10110.73,-10276.59,-10321.35,-10386.35,-10417.35,-10580.35,12677.12,88.47535626980505,
18692.0,3019286.63,1086837.55,-10449.01,-10110.72,-10276.58,-10321.34,-10386.34,-10417.34,-10580.34,12677.13,91.30472334227306,
18693.0,3019286.09,1086838.4,-10449.0,-10110.7,-10276.56,-10321.32,-10386.32,-10417.32,-10580.32,12677.13,95.06673363492496,
18694.0,3019285.56,1086839.24,-10448.99,-10110.68,-10276.54,-10321.3,-10386.3,-10417.3,-10580.3,12677.14,96.00985599241427,
18695.0,3019285.02,1086840.09,-10448.98,-10110.66,-10276.52,-10321.28,-10386.28,-10417.28,-10580.28,12677.14,96.37662579810458,
18696.0,3019284.49,1086840.93,-10448.97,-10110.65,-10276.51,-10321.27,-10386.27,-10417.27,-10580.27,12677.15,,
18697.0,3019283.95,1086841.77,-10448.96,-10110.63,-10276.49,-10321.25,-10386.25,-10417.25,-10580.25,12677.16,99.38413820476502,
18698.0,3019283.42,1086842.62,-10448.95,-10110.61,-10276.47,-10321.23,-10386.23,-10417.23,-10580.23,12677.17,99.76138714776076,
18699.0,3019282.88,1086843.46,-10448.94,-10110.59,-10276.45,-10321.21,-10386.21,-10417.21,-10580.21,12677.17,,
18700.0,3019282.35,1086844.31,-10448.92,-10110.58,-10276.44,-10321.2,-10386.2,-10417.2,-10580.2,12677.18,98.62964031877355,
18701.0,3019281.82,1086845.16,-10448.91,-10110.56,-10276.42,-10321.18,-10386.18,-10417.18,-10580.18,12677.19,97.13112368409604,
18702.0,3019281.28,1086846.0,-10448.9,-10110.54,-10276.4,-10321.16,-10386.16,-10417.16,-10580.16,12677.2,98.26287051308326,
18703.0,3019280.75,1086846.85,-10448.89,-10110.52,-10276.38,-10321.14,-10386.14,-10417.14,-10580.14,12677.2,101.2703829197437,
18704.0,3019280.22,1086847.69,-10448.89,-10110.51,-10276.37,-10321.13,-10386.13,-10417.13,-10580.13,12677.21,102.40212974873089,
18705.0,3019279.68,1086848.54,-10448.88,-10110.49,-10276.35,-10321.11,-10386.11,-10417.11,-10580.11,12677.22,100.89313397674796,
18706.0,3019279.15,1086849.39,-10448.87,-10110.47,-10276.33,-10321.09,-10386.09,-10417.09,-10580.09,12677.23,98.8182647902714,
18707.0,3019278.62,1086850.23,-10448.86,-10110.45,-10276.31,-10321.07,-10386.07,-10417.07,-10580.07,12677.240000000002,95.06673363492496,
18708.0,3019278.09,1086851.08,-10448.85,-10110.43,-10276.29,-10321.05,-10386.05,-10417.05,-10580.05,12677.240000000002,94.12361127743564,
18709.0,3019277.55,1086851.93,-10448.84,-10110.42,-10276.28,-10321.04,-10386.04,-10417.04,-10580.04,12677.25,,
18710.0,3019277.02,1086852.77,-10448.83,-10110.4,-10276.26,-10321.02,-10386.02,-10417.02,-10580.02,12677.26,99.76138714776076,
18711.0,3019276.49,1086853.62,-10448.82,-10110.38,-10276.24,-10321.0,-10386.0,-10417.0,-10580.0,12677.27,,
18712.0,3019275.96,1086854.47,-10448.81,-10110.36,-10276.22,-10320.98,-10385.98,-10416.98,-10579.98,12677.28,,
18713.0,3019275.43,1086855.31,-10448.8,-10110.35,-10276.21,-10320.97,-10385.97,-10416.97,-10579.97,12677.29,,
18714.0,3019274.9,1086856.16,-10448.8,-10110.33,-10276.19,-10320.95,-10385.95,-10416.95,-10579.95,12677.3,100.13863609075648,
18715.0,3019274.37,1086857.01,-10448.79,-10110.31,-10276.17,-10320.93,-10385.93,-10416.93,-10579.93,12677.31,101.64763186273944,
18716.0,3019273.84,1086857.86,-10448.78,-10110.29,-10276.15,-10320.91,-10385.91,-10416.91,-10579.91,12677.320000000002,102.77937869172662,
18717.0,3019273.31,1086858.7,-10448.77,-10110.28,-10276.14,-10320.9,-10385.9,-10416.9,-10579.9,12677.33,,
18718.0,3019272.78,1086859.55,-10448.76,-10110.26,-10276.12,-10320.88,-10385.88,-10416.88,-10579.88,12677.34,100.51588503375224,
18719.0,3019272.25,1086860.4,-10448.76,-10110.24,-10276.1,-10320.86,-10385.86,-10416.86,-10579.86,12677.35,101.64763186273944,
18720.0,3019271.72,1086861.25,-10448.75,-10110.22,-10276.08,-10320.84,-10385.84,-10416.84,-10579.84,12677.36,103.15662763472235,
18721.0,3019271.19,1086862.1,-10448.74,-10110.21,-10276.07,-10320.83,-10385.83,-10416.83,-10579.83,12677.37,99.58324181356832,
18722.0,3019270.66,1086862.95,-10448.73,-10110.19,-10276.05,-10320.81,-10385.81,-10416.81,-10579.81,12677.38,93.18048891994628,
18723.0,3019270.13,1086863.79,-10448.73,-10110.17,-10276.03,-10320.79,-10385.79,-10416.79,-10579.79,12677.39,87.72085838381359,
18724.0,3019269.6,1086864.64,-10448.72,-10110.15,-10276.01,-10320.77,-10385.77,-10416.77,-10579.77,12677.4,86.58911155482639,
18725.0,3019269.07,1086865.49,-10448.71,-10110.13,-10275.99,-10320.75,-10385.75,-10416.75,-10579.75,12677.41,86.1699460626089,
18726.0,3019268.55,1086866.34,-10448.71,-10110.12,-10275.98,-10320.74,-10385.74,-10416.74,-10579.74,12677.42,,
18727.0,3019268.02,1086867.19,-10448.7,-10110.1,-10275.96,-10320.72,-10385.72,-10416.72,-10579.72,12677.43,82.79566385025817,
18728.0,3019267.49,1086868.04,-10448.69,-10110.08,-10275.94,-10320.7,-10385.7,-10416.7,-10579.7,12677.44,82.36601922073525,
18729.0,3019266.96,1086868.89,-10448.69,-10110.06,-10275.92,-10320.68,-10385.68,-10416.68,-10579.68,12677.46,,
18730.0,3019266.43,1086869.74,-10448.68,-10110.05,-10275.91,-10320.67,-10385.67,-10416.67,-10579.67,12677.47,,
18731.0,3019265.9,1086870.59,-10448.68,-10110.03,-10275.89,-10320.65,-10385.65,-10416.65,-10579.65,12677.48,,
18732.0,3019265.37,1086871.43,-10448.67,-10110.01,-10275.87,-10320.63,-10385.63,-10416.63,-10579.63,12677.490000000002,86.46336190716114,
18733.0,3019264.85,1086872.28,-10448.66,-10109.99,-10275.85,-10320.61,-10385.61,-10416.61,-10579.61,12677.5,90.22537219981304,
18734.0,3019264.32,1086873.13,-10448.66,-10109.98,-10275.84,-10320.6,-10385.6,-10416.6,-10579.6,12677.51,92.05922122826452,
18735.0,3019263.79,1086873.98,-10448.65,-10109.96,-10275.82,-10320.58,-10385.58,-10416.58,-10579.58,12677.52,91.30472334227306,
18736.0,3019263.26,1086874.83,-10448.65,-10109.94,-10275.8,-10320.56,-10385.56,-10416.56,-10579.56,12677.54,95.06673363492496,
18737.0,3019262.74,1086875.68,-10448.64,-10109.92,-10275.78,-10320.54,-10385.54,-10416.54,-10579.54,12677.55,97.69699709858966,
18738.0,3019262.21,1086876.53,-10448.64,-10109.9,-10275.76,-10320.52,-10385.52,-10416.52,-10579.52,12677.56,99.39461734207046,
18739.0,3019261.68,1086877.38,-10448.63,-10109.89,-10275.75,-10320.51,-10385.51,-10416.51,-10579.51,12677.570000000002,100.89313397674796,
18740.0,3019261.15,1086878.23,-10448.63,-10109.87,-10275.73,-10320.49,-10385.49,-10416.49,-10579.49,12677.59,101.64763186273944,
18741.0,3019260.62,1086879.08,-10448.62,-10109.85,-10275.71,-10320.47,-10385.47,-10416.47,-10579.47,12677.6,99.00688926176927,
18742.0,3019260.1,1086879.93,-10448.62,-10109.83,-10275.69,-10320.45,-10385.45,-10416.45,-10579.45,12677.61,99.39461734207046,
18743.0,3019259.57,1086880.78,-10448.61,-10109.82,-10275.68,-10320.44,-10385.44,-10416.44,-10579.44,12677.63,101.2703829197437,
18744.0,3019259.04,1086881.63,-10448.61,-10109.8,-10275.66,-10320.42,-10385.42,-10416.42,-10579.42,12677.64,103.53387657771808,
18745.0,3019258.52,1086882.48,-10448.6,-10109.78,-10275.64,-10320.4,-10385.4,-10416.4,-10579.4,12677.65,,
18746.0,3019257.99,1086883.33,-10448.6,-10109.76,-10275.62,-10320.38,-10385.38,-10416.38,-10579.38,12677.66,104.0997499922117,
18747.0,3019257.46,1086884.18,-10448.59,-10109.75,-10275.61,-10320.37,-10385.37,-10416.37,-10579.37,12677.68,,
18748.0,3019256.94,1086885.03,-10448.59,-10109.73,-10275.59,-10320.35,-10385.35,-10416.35,-10579.35,12677.69,108.60577903354962,
18749.0,3019256.41,1086885.88,-10448.58,-10109.71,-10275.57,-10320.33,-10385.33,-10416.33,-10579.33,12677.71,107.29588687037,
18750.0,3019255.88,1086886.73,-10448.58,-10109.69,-10275.55,-10320.31,-10385.31,-10416.31,-10579.31,12677.72,99.7718662850662,
18751.0,3019255.36,1086887.58,-10448.58,-10109.68,-10275.54,-10320.3,-10385.3,-10416.3,-10579.3,12677.73,95.06673363492496,
18752.0,3019254.83,1086888.43,-10448.57,-10109.66,-10275.52,-10320.28,-10385.28,-10416.28,-10579.28,12677.75,96.9424992125982,
18753.0,3019254.3,1086889.28,-10448.57,-10109.64,-10275.5,-10320.26,-10385.26,-10416.26,-10579.26,12677.76,100.89313397674796,
18754.0,3019253.78,1086890.13,-10448.57,-10109.62,-10275.48,-10320.24,-10385.24,-10416.24,-10579.24,12677.77,100.7045095052501,
18755.0,3019253.25,1086890.98,-10448.56,-10109.6,-10275.46,-10320.22,-10385.22,-10416.22,-10579.22,12677.79,96.37662579810458,
18756.0,3019252.72,1086891.83,-10448.56,-10109.59,-10275.45,-10320.21,-10385.21,-10416.21,-10579.21,12677.8,94.86763002612165,
18757.0,3019252.2,1086892.68,-10448.56,-10109.57,-10275.43,-10320.19,-10385.19,-10416.19,-10579.19,12677.820000000002,98.44101584727568,
18758.0,3019251.67,1086893.53,-10448.55,-10109.55,-10275.41,-10320.17,-10385.17,-10416.17,-10579.17,12677.83,104.84376874089772,
18759.0,3019251.15,1086894.38,-10448.55,-10109.53,-10275.39,-10320.15,-10385.15,-10416.15,-10579.15,12677.85,107.66265667606032,
18760.0,3019250.62,1086895.23,-10448.55,-10109.52,-10275.38,-10320.14,-10385.14,-10416.14,-10579.14,12677.86,106.7300134558764,
18761.0,3019250.09,1086896.08,-10448.54,-10109.5,-10275.36,-10320.12,-10385.12,-10416.12,-10579.12,12677.88,99.7718662850662,
18762.0,3019249.57,1086896.93,-10448.54,-10109.48,-10275.34,-10320.1,-10385.1,-10416.1,-10579.1,12677.89,100.14911522806192,
18763.0,3019249.04,1086897.78,-10448.54,-10109.46,-10275.32,-10320.08,-10385.08,-10416.08,-10579.08,12677.91,101.64763186273944,
18764.0,3019248.52,1086898.63,-10448.54,-10109.45,-10275.31,-10320.07,-10385.07,-10416.07,-10579.07,12677.92,100.3377396995598,
18765.0,3019247.99,1086899.49,-10448.53,-10109.43,-10275.29,-10320.05,-10385.05,-10416.05,-10579.05,12677.94,97.5083726270918,
18766.0,3019247.47,1086900.34,-10448.53,-10109.41,-10275.27,-10320.03,-10385.03,-10416.03,-10579.03,12677.95,,
18767.0,3019246.94,1086901.19,-10448.53,-10109.39,-10275.25,-10320.01,-10385.01,-10416.01,-10579.01,12677.97,102.02488080573517,
18768.0,3019246.42,1086902.04,-10448.53,-10109.37,-10275.23,-10319.99,-10384.99,-10415.99,-10578.99,12677.990000000002,99.7718662850662,
18769.0,3019245.89,1086902.89,-10448.53,-10109.36,-10275.22,-10319.98,-10384.98,-10415.98,-10578.98,12678.0,97.88562157008752,
18770.0,3019245.37,1086903.74,-10448.53,-10109.34,-10275.2,-10319.96,-10384.96,-10415.96,-10578.96,12678.02,98.62964031877355,
18771.0,3019244.84,1086904.59,-10448.52,-10109.32,-10275.18,-10319.94,-10384.94,-10415.94,-10578.94,12678.03,99.76138714776076,
