TVT,GR,Geology
10235.880000000001,179.56,
10236.380000000001,189.2,
10236.880000000001,186.7,
10237.380000000001,182.83999999999997,
10237.880000000001,173.20999999999998,
10238.380000000001,178.5,
10238.880000000001,184.26999999999998,
10239.380000000001,188.56,
10239.880000000001,186.42999999999998,
10240.380000000001,192.42,
10240.880000000001,188.57999999999998,
10241.380000000001,190.95999999999998,
10241.880000000001,195.01999999999998,
10242.380000000001,200.13,
10242.880000000001,202.25,
10243.380000000001,199.04,
10243.880000000001,198.2,
10244.380000000001,191.13,
10244.880000000001,183.2,
10245.380000000001,183.41,
10245.880000000001,189.01,
10246.37,197.14999999999998,
10246.87,220.98,
10247.37,222.88,
10247.87,205.98,
10248.37,160.07999999999998,
10248.87,137.19,
10249.37,129.04999999999998,
10249.87,131.63,
10250.37,139.76999999999998,
10250.87,137.85,
10251.37,143.89999999999998,
10251.87,140.44,
10252.37,144.29,
10252.87,137.37,
10253.37,132.9,
10253.87,135.91,
10254.37,137.82999999999998,
10254.87,139.99,
10255.37,133.79999999999998,
10255.87,134.67,
10256.37,136.78,
10256.87,138.01999999999998,
10257.37,137.37,
10257.87,132.88,
10258.37,132.92,
10258.87,132.48,
10259.37,135.06,
10259.87,139.28,
10260.37,142.73999999999998,
10260.87,146.16,
10261.37,141.48999999999998,
10261.87,143.39999999999998,
10262.37,136.26999999999998,
10262.87,139.04,
10263.37,133.68,
10263.87,139.29999999999998,
10264.37,134.60999999999999,
10264.87,136.54999999999998,
10265.37,133.14,
10265.87,139.12,
10266.37,136.98,
10266.87,136.75,
10267.37,132.04999999999998,
10267.87,123.94,
10268.37,120.3,
10268.87,123.72,
10269.37,135.04,
10269.87,141.67,
10270.37,144.67,
10270.87,141.45999999999998,
10271.37,142.95999999999998,
10271.87,138.44,
10272.37,139.29999999999998,
10272.87,139.92,
10273.37,135.47,
10273.87,135.26,
10274.37,132.51,
10274.87,132.91,
10275.37,134.41,
10275.87,136.32999999999998,
10276.37,139.76,
10276.87,134.47,
10277.37,138.29999999999998,
10277.87,139.81,
10278.37,145.94,
10278.87,139.32,
10279.37,138.91,
10279.87,138.71,
10280.37,134.64,
10280.87,134.54,
10281.37,130.68,
10281.87,133.07,
10282.37,134.01,
10282.87,139.76,
10283.37,139.74,
10283.87,142.51,
10284.37,143.17,
10284.87,144.0,
10285.37,146.2,
10285.87,137.71,
10286.37,138.39,
10286.87,132.99,
10287.36,137.42,
10287.86,137.17,
10288.36,136.09,
10288.86,136.94,
10289.36,135.06,
10289.86,132.47,
10290.36,132.26,
10290.86,138.64,
10291.36,142.29999999999998,
10291.86,140.28,
10292.36,144.16,
10292.86,143.72,
10293.36,145.76999999999998,
10293.86,135.04999999999998,
10294.36,134.87,
10294.86,133.13,
10295.36,134.65,
10295.86,130.56,
10296.36,132.69,
10296.86,137.5,
10297.36,141.76999999999998,
10297.86,145.42,
10298.36,149.6,
10298.86,152.38,
10299.36,144.67999999999998,
10299.86,133.12,
10300.36,125.42,
10300.86,132.69,
10301.36,136.26999999999998,
10301.86,142.26,
10302.36,134.78,
10302.86,131.4,
10303.36,129.25,
10303.86,140.79999999999998,
10304.36,144.67999999999998,
10304.86,149.39999999999998,
10305.36,146.70999999999998,
10305.86,150.97,
10306.36,146.04999999999998,
10306.86,138.04,
10307.36,134.82,
10307.86,137.19,
10308.36,139.32,
10308.86,139.97,
10309.36,142.33999999999997,
10309.86,143.07,
10310.36,140.29999999999998,
10310.86,138.34,
10311.36,141.91,
10311.86,144.03,
10312.36,151.51999999999998,
10312.86,146.17,
10313.36,143.39999999999998,
10313.86,134.9,
10314.36,135.1,
10314.85,137.24,
10315.35,134.85999999999999,
10315.85,137.22,
10316.35,147.69,
10316.85,150.45999999999998,
10317.35,147.04999999999998,
10317.85,135.72,
10318.35,138.48,
10318.85,144.23,
10319.35,142.94,
10319.85,140.78,
10320.35,142.07,
10320.85,145.26999999999998,
10321.35,144.23,
10321.85,143.16,
10322.35,143.41,
10322.85,143.82,
10323.35,141.89999999999998,
10323.85,141.6,
10324.35,140.10999999999999,
10324.85,136.89,
10325.35,136.75,
10325.85,141.03,
10326.35,147.04999999999998,
10326.85,141.66,
10327.35,138.91,
10327.85,133.53,
10328.35,136.54,
10328.85,138.88,
10329.35,145.29999999999998,
10329.85,149.6,
10330.35,155.17,
10330.85,152.76999999999998,
10331.35,146.11999999999998,
10331.85,143.14,
10332.35,139.10999999999999,
10332.85,146.6,
10333.35,137.82,
10333.85,142.1,
10334.35,140.81,
10334.85,149.47,
10335.35,153.73,
10335.85,153.10999999999999,
10336.35,144.22,
10336.84,143.39999999999998,
10337.34,141.23999999999998,
10337.84,148.32,
10338.34,138.68,
10338.84,137.19,
10339.34,131.85,
10339.84,140.83999999999997,
10340.34,149.64,
10340.84,158.83999999999997,
10341.34,153.48,
10341.84,148.53,
10342.34,147.0,
10342.84,148.29,
10343.34,148.73,
10343.84,140.0,
10344.34,141.06,
10344.84,143.61999999999998,
10345.34,145.51,
10345.84,146.14999999999998,
10346.34,140.88,
10346.84,143.04999999999998,
10347.34,137.26999999999998,
10347.84,137.60999999999999,
10348.34,143.81,
10348.84,150.04999999999998,
10349.34,148.13,
10349.84,146.39999999999998,
10350.34,140.39999999999998,
10350.84,145.08999999999997,
10351.34,144.48,
10351.84,148.29999999999998,
10352.34,151.31,
10352.84,147.26,
10353.34,144.92,
10353.84,136.35999999999999,
10354.34,135.26999999999998,
10354.84,138.26999999999998,
10355.34,148.31,
10355.84,146.81,
10356.33,144.67,
10356.83,138.69,
10357.33,136.54999999999998,
10357.83,130.75,
10358.33,121.78,
10358.83,114.51,
10359.33,108.95,
10359.83,112.16,
10360.33,122.87,
10360.83,132.94,
10361.33,134.85,
10361.83,135.68,
10362.33,143.35,
10362.83,149.14,
10363.33,149.17,
10363.83,140.60999999999999,
10364.33,133.54999999999998,
10364.83,128.19,
10365.33,125.85000000000001,
10365.83,132.49,
10366.33,142.11999999999998,
10366.83,146.83999999999997,
10367.33,141.26,
10367.83,132.28,
10368.33,125.63000000000001,
10368.83,126.69,
10369.33,133.12,
10369.83,142.32999999999998,
10370.33,147.89,
10370.83,150.57,
10371.33,145.2,
10371.83,144.57999999999998,
10372.33,138.89,
10372.83,143.61999999999998,
10373.33,139.53,
10373.83,141.47,
10374.33,133.10999999999999,
10374.83,123.73,
10375.33,117.73,
10375.83,121.60000000000001,
10376.33,133.10999999999999,
10376.83,133.35999999999999,
10377.33,129.92,
10377.83,127.36,
10378.33,129.26,
10378.83,134.82999999999998,
10379.33,139.76999999999998,
10379.83,144.48999999999998,
10380.33,145.75,
10380.820000000002,138.03,
10381.320000000002,128.16,
10381.820000000002,132.25,
10382.320000000002,139.6,
10382.820000000002,145.39,
10383.320000000002,136.60999999999999,
10383.820000000002,134.4,
10384.320000000002,136.54,
10384.820000000002,143.17,
10385.320000000002,144.88,
10385.820000000002,141.45,
10386.320000000002,140.81,
10386.820000000002,136.32999999999998,
10387.320000000002,133.96,
10387.820000000002,124.32000000000001,
10388.320000000002,124.51,
10388.820000000002,126.46000000000001,
10389.320000000002,135.68,
10389.820000000002,135.68,
10390.320000000002,136.12,
10390.820000000002,132.32999999999998,
10391.320000000002,130.85,
10391.820000000002,130.65,
10392.320000000002,132.07,
10392.820000000002,138.47,
10393.320000000002,140.57999999999998,
10393.820000000002,144.0,
10394.320000000002,139.51,
10394.820000000002,137.09,
10395.320000000002,136.64,
10395.820000000002,132.59,
10396.320000000002,131.81,
10396.820000000002,129.9,
10397.320000000002,132.7,
10397.820000000002,136.98,
10398.320000000002,131.4,
10398.820000000002,134.59,
10399.320000000002,138.46,
10399.820000000002,144.03,
10400.320000000002,148.51,
10400.820000000002,140.79,
10401.320000000002,144.01,
10401.820000000002,135.69,
10402.320000000002,141.23999999999998,
10402.820000000002,138.45,
10403.320000000002,141.45,
10403.820000000002,141.67999999999998,
10404.320000000002,144.25,
10404.820000000002,147.92,
10405.320000000002,144.92999999999998,
10405.820000000002,143.63,
10406.320000000002,144.01999999999998,
10406.820000000002,144.89,
10407.320000000002,141.67999999999998,
10407.820000000002,141.48,
10408.320000000002,139.97,
10408.820000000002,141.67,
10409.320000000002,144.88,
10409.820000000002,146.17999999999998,
10410.320000000002,141.94,
10410.820000000002,131.46,
10411.320000000002,134.65,
10411.820000000002,133.76,
10412.320000000002,133.29999999999998,
10412.820000000002,129.68,
10413.320000000002,136.75,
10413.820000000002,140.42,
10414.320000000002,139.98,
10414.820000000002,136.75,
10415.320000000002,137.59,
10415.820000000002,135.25,
10416.320000000002,142.61999999999998,
10416.820000000002,147.92999999999998,
10417.320000000002,152.63,
10417.820000000002,145.70999999999998,
10418.320000000002,144.28,
10418.820000000002,137.21,
10419.320000000002,137.21,
10419.820000000002,131.59,
10420.320000000002,136.51,
10420.820000000002,143.61999999999998,
10421.320000000002,149.2,
10421.820000000002,152.2,
10422.320000000002,144.69,
10422.810000000001,146.63,
10423.310000000001,147.48,
10423.810000000001,148.29999999999998,
10424.310000000001,134.79999999999998,
10424.810000000001,134.81,
10425.310000000001,141.48999999999998,
10425.810000000001,152.83999999999997,
10426.310000000001,151.54999999999998,
10426.810000000001,152.38,
10427.310000000001,152.38,
10427.810000000001,159.86999999999998,
10428.310000000001,156.2,
10428.810000000001,154.08999999999997,
10429.310000000001,148.53,
10429.810000000001,147.26999999999998,
10430.310000000001,141.45999999999998,
10430.810000000001,145.20999999999998,
10431.310000000001,139.01,
10431.810000000001,144.57999999999998,
10432.310000000001,134.63,
10432.810000000001,140.60999999999999,
10433.310000000001,138.87,
10433.810000000001,145.5,
10434.310000000001,148.72,
10434.810000000001,147.47,
10435.310000000001,148.86999999999998,
10435.810000000001,141.57,
10436.310000000001,142.85,
10436.810000000001,143.38,
10437.310000000001,148.51999999999998,
10437.810000000001,147.67999999999998,
10438.310000000001,144.45,
10438.810000000001,142.1,
10439.310000000001,144.23999999999998,
10439.810000000001,147.85999999999999,
10440.310000000001,148.1,
10440.810000000001,154.51999999999998,
10441.310000000001,161.39,
10441.810000000001,165.6,
10442.310000000001,163.45999999999998,
10442.810000000001,155.13,
10443.310000000001,152.57,
10443.810000000001,150.0,
10444.310000000001,146.98999999999998,
10444.810000000001,143.2,
10445.310000000001,137.21,
10445.810000000001,135.04,
10446.310000000001,134.81,
10446.810000000001,139.51999999999998,
10447.310000000001,134.2,
10447.810000000001,140.81,
10448.310000000001,142.75,
10448.810000000001,149.36999999999998,
10449.310000000001,143.42,
10449.810000000001,139.56,
10450.310000000001,142.33999999999997,
10450.810000000001,145.51,
10451.310000000001,145.26999999999998,
10451.810000000001,145.48999999999998,
10452.310000000001,147.44,
10452.810000000001,152.1,
10453.310000000001,154.03,
10453.810000000001,147.17,
10454.310000000001,149.61999999999998,
10454.810000000001,149.98999999999998,
10455.310000000001,152.79,
10455.810000000001,153.2,
10456.310000000001,147.69,
10456.810000000001,145.73999999999998,
10457.310000000001,139.29999999999998,
10457.810000000001,136.49,
10458.310000000001,135.85,
10458.810000000001,140.35,
10459.310000000001,148.10999999999999,
10459.810000000001,156.23999999999998,
10460.310000000001,158.17,
10460.810000000001,162.2,
10461.310000000001,164.33999999999997,
10461.810000000001,163.97,
10462.310000000001,157.76,
10462.810000000001,151.54,
10463.310000000001,142.51,
10463.810000000001,147.42999999999998,
10464.310000000001,151.10999999999999,
10464.810000000001,153.67999999999998,
10465.310000000001,146.0,
10465.810000000001,141.67,
10466.310000000001,147.0,
10466.810000000001,146.57999999999998,
10467.310000000001,147.44,
10467.810000000001,141.47,
10468.310000000001,142.10999999999999,
10468.810000000001,143.20999999999998,
10469.310000000001,148.76999999999998,
10469.810000000001,149.83999999999997,
10470.310000000001,150.89,
10470.810000000001,152.60999999999999,
10471.310000000001,154.11999999999998,
10471.810000000001,150.04999999999998,
10472.310000000001,149.08999999999997,
10472.810000000001,148.64999999999998,
10473.310000000001,156.16,
10473.810000000001,156.67999999999998,
10474.310000000001,155.58999999999997,
10474.810000000001,151.07,
10475.310000000001,149.35999999999999,
10475.810000000001,156.47,
10476.310000000001,155.60999999999999,
10476.810000000001,155.57999999999998,
10477.310000000001,153.14999999999998,
10477.810000000001,154.44,
10478.310000000001,152.76999999999998,
10478.810000000001,147.88,
10479.310000000001,148.73,
10479.810000000001,151.31,
10480.310000000001,158.39,
10480.810000000001,150.89999999999998,
10481.310000000001,147.86999999999998,
10481.810000000001,142.08999999999997,
10482.310000000001,146.39,
10482.810000000001,150.03,
10483.310000000001,146.60999999999999,
10483.810000000001,144.45999999999998,
10484.310000000001,137.62,
10484.810000000001,139.32999999999998,
10485.310000000001,144.45,
10485.810000000001,150.01,
10486.310000000001,155.78,
10486.810000000001,162.42,
10487.310000000001,162.26999999999998,
10487.810000000001,168.07999999999998,
10488.310000000001,162.98999999999998,
10488.810000000001,160.97,
10489.310000000001,148.11999999999998,
10489.810000000001,153.42,
10490.310000000001,154.89,
10490.810000000001,154.89,
10491.310000000001,143.32,
10491.810000000001,137.82,
10492.310000000001,142.51999999999998,
10492.810000000001,144.48,
10493.310000000001,142.11999999999998,
10493.810000000001,139.54999999999998,
10494.310000000001,141.04,
10494.810000000001,150.45,
10495.310000000001,153.88,
10495.810000000001,155.04999999999998,
10496.310000000001,155.67999999999998,
10496.810000000001,150.97,
10497.310000000001,150.04999999999998,
10497.810000000001,144.26,
10498.310000000001,143.39999999999998,
10498.810000000001,138.46,
10499.310000000001,134.19,
10499.810000000001,133.56,
10500.310000000001,132.5,
10500.810000000001,133.76999999999998,
10501.310000000001,132.49,
10501.810000000001,133.54,
10502.310000000001,140.82,
10502.810000000001,140.60999999999999,
10503.310000000001,144.69,
10503.810000000001,140.41,
10504.310000000001,149.32,
10504.810000000001,148.03,
10505.310000000001,148.03,
10505.810000000001,144.03,
10506.310000000001,144.25,
10506.810000000001,145.53,
10507.310000000001,144.03,
10507.810000000001,137.63,
10508.310000000001,137.2,
10508.810000000001,141.92,
10509.310000000001,150.38,
10509.810000000001,149.91,
10510.310000000001,149.67999999999998,
10510.810000000001,141.82999999999998,
10511.310000000001,145.73999999999998,
10511.810000000001,137.82,
10512.310000000001,143.61999999999998,
10512.810000000001,140.63,
10513.310000000001,150.67,
10513.810000000001,148.20999999999998,
10514.310000000001,150.13,
10514.810000000001,149.92999999999998,
10515.310000000001,159.64999999999998,
10515.810000000001,154.95,
10516.310000000001,147.07,
10516.810000000001,139.79,
10517.310000000001,142.78,
10517.810000000001,146.14,
10518.310000000001,150.64999999999998,
10518.810000000001,154.64,
10519.310000000001,152.92999999999998,
10519.810000000001,152.08999999999997,
10520.310000000001,152.17,
10520.810000000001,154.11999999999998,
10521.310000000001,147.7,
10521.810000000001,143.82999999999998,
10522.310000000001,145.1,
10522.810000000001,142.73,
10523.310000000001,137.94,
10523.810000000001,134.96,
10524.310000000001,140.95,
10524.810000000001,137.21,
10525.310000000001,132.29,
10525.810000000001,130.57999999999998,
10526.310000000001,126.04,
10526.810000000001,139.1,
10527.310000000001,140.81,
10527.810000000001,147.36999999999998,
10528.310000000001,137.29999999999998,
10528.810000000001,132.60999999999999,
10529.310000000001,143.82999999999998,
10529.810000000001,149.16,
10530.310000000001,155.35,
10530.810000000001,147.44,
10531.300000000001,149.17,
10531.800000000001,150.44,
10532.300000000001,155.69,
10532.800000000001,150.98999999999998,
10533.300000000001,142.89999999999998,
10533.800000000001,135.7,
10534.300000000001,131.42,
10534.800000000001,137.16,
10535.300000000001,136.1,
10535.800000000001,140.61999999999998,
10536.300000000001,142.20999999999998,
10536.800000000001,144.35,
10537.300000000001,142.20999999999998,
10537.800000000001,136.97,
10538.300000000001,145.5,
10538.800000000001,148.06,
10539.300000000001,146.33999999999997,
10539.800000000001,135.23,
10540.300000000001,133.14,
10540.800000000001,135.06,
10541.300000000001,138.72,
10541.800000000001,136.32,
10542.300000000001,135.9,
10542.800000000001,137.41,
10543.300000000001,138.47,
10543.800000000001,139.13,
10544.300000000001,136.12,
10544.800000000001,142.98999999999998,
10545.300000000001,149.91,
10545.800000000001,156.95999999999998,
10546.300000000001,154.79,
10546.800000000001,149.35999999999999,
10547.300000000001,150.22,
10547.800000000001,147.47,
10548.300000000001,148.54999999999998,
10548.800000000001,143.83999999999997,
10549.300000000001,144.48999999999998,
10549.800000000001,143.19,
10550.300000000001,145.95,
10550.800000000001,146.79,
10551.300000000001,148.51999999999998,
10551.800000000001,148.75,
10552.300000000001,146.64999999999998,
10552.800000000001,151.58999999999997,
10553.300000000001,152.83999999999997,
10553.800000000001,149.36999999999998,
10554.300000000001,140.15,
10554.800000000001,136.53,
10555.300000000001,138.03,
10555.800000000001,144.01999999999998,
10556.300000000001,135.47,
10556.800000000001,135.89,
10557.300000000001,127.79,
10557.800000000001,135.48,
10558.300000000001,139.53,
10558.800000000001,139.07,
10559.300000000001,139.79,
10559.800000000001,138.92,
10560.300000000001,140.23,
10560.800000000001,135.9,
10561.300000000001,139.56,
10561.800000000001,145.98999999999998,
10562.300000000001,146.63,
10562.800000000001,140.61999999999998,
10563.300000000001,134.39,
10563.800000000001,135.22,
10564.300000000001,140.57999999999998,
10564.800000000001,144.0,
10565.300000000001,145.95,
10565.800000000001,141.47,
10566.300000000001,144.64999999999998,
10566.800000000001,148.72,
10567.300000000001,149.13,
10567.800000000001,142.28,
10568.300000000001,138.19,
10568.800000000001,138.21,
10569.300000000001,149.38,
10569.800000000001,153.70999999999998,
10570.300000000001,160.97,
10570.800000000001,153.04,
10571.300000000001,149.58999999999997,
10571.800000000001,141.88,
10572.300000000001,148.14,
10572.800000000001,147.5,
10573.300000000001,139.57999999999998,
10573.800000000001,130.78,
10574.300000000001,130.56,
10574.800000000001,138.87,
10575.300000000001,139.0,
10575.800000000001,139.53,
10576.300000000001,143.83999999999997,
10576.800000000001,154.38,
10577.300000000001,158.98,
10577.800000000001,153.03,
10578.300000000001,145.29999999999998,
10578.800000000001,145.31,
10579.300000000001,153.42999999999998,
10579.800000000001,158.54999999999998,
10580.300000000001,164.33999999999997,
10580.800000000001,150.19,
10581.300000000001,145.73999999999998,
10581.800000000001,138.45,
10582.300000000001,149.39,
10582.800000000001,158.17999999999998,
10583.300000000001,157.1,
10583.800000000001,159.22,
10584.300000000001,154.51,
10584.800000000001,157.48999999999998,
10585.300000000001,154.92999999999998,
10585.800000000001,151.70999999999998,
10586.300000000001,149.82,
10586.800000000001,159.17999999999998,
10587.300000000001,161.33999999999997,
10587.800000000001,152.11999999999998,
10588.300000000001,140.42,
10588.800000000001,136.29999999999998,
10589.300000000001,142.10999999999999,
10589.800000000001,144.23999999999998,
10590.300000000001,144.07,
10590.800000000001,145.11999999999998,
10591.300000000001,139.76,
10591.800000000001,142.98999999999998,
10592.300000000001,140.42999999999998,
10592.800000000001,143.19,
10593.300000000001,143.79999999999998,
10593.800000000001,141.04,
10594.300000000001,143.41,
10594.800000000001,145.32999999999998,
10595.300000000001,158.57999999999998,
10595.800000000001,162.01,
10596.300000000001,156.98999999999998,
10596.800000000001,142.22,
10597.300000000001,137.74,
10597.800000000001,133.35999999999999,
10598.300000000001,148.11999999999998,
10598.800000000001,147.45999999999998,
10599.300000000001,157.95,
10599.800000000001,156.45,
10600.300000000001,162.22,
10600.800000000001,173.97,
10601.300000000001,176.1,
10601.800000000001,177.08999999999997,
10602.300000000001,155.04999999999998,
10602.800000000001,146.51999999999998,
10603.300000000001,140.18,
10603.800000000001,143.39,
10604.300000000001,143.54999999999998,
10604.79,140.76,
10605.29,139.04999999999998,
10605.79,139.72,
10606.29,133.95,
10606.79,129.22,
10607.29,127.64,
10607.79,135.54,
10608.29,141.76,
10608.79,140.38,
10609.29,137.63,
10609.79,136.32999999999998,
10610.29,136.1,
10610.79,138.65,
10611.29,142.51999999999998,
10611.79,141.04999999999998,
10612.29,145.76,
10612.79,146.61999999999998,
10613.29,150.01,
10613.79,142.20999999999998,
10614.29,142.41,
10614.79,139.24,
10615.29,142.31,
10615.79,138.67,
10616.29,150.44,
10616.79,154.10999999999999,
10617.29,159.89,
10617.79,155.14999999999998,
10618.29,152.57999999999998,
10618.79,146.38,
10619.29,139.76,
10619.79,133.54999999999998,
10620.29,137.25,
10620.79,138.54,
10621.29,149.04,
10621.79,148.10999999999999,
10622.29,154.76,
10622.79,154.53,
10623.29,155.58999999999997,
10623.79,148.97,
10624.29,142.76,
10624.79,147.26999999999998,
10625.29,151.73999999999998,
10625.79,155.81,
10626.29,144.03,
10626.79,138.7,
10627.29,139.84,
10627.79,147.76,
10628.29,149.44,
10628.79,149.58999999999997,
10629.29,150.33999999999997,
10629.79,159.10999999999999,
10630.29,162.32,
10630.79,167.57999999999998,
10631.29,166.29999999999998,
10631.79,160.73,
10632.29,156.66,
10632.79,160.94,
10633.29,166.01,
10633.79,169.85999999999999,
10634.29,164.94,
10634.79,166.5,
10635.29,173.44,
10635.79,180.03,
10636.29,180.17999999999998,
10636.79,167.92999999999998,
10637.29,163.76999999999998,
10637.79,167.54,
10638.29,172.76999999999998,
10638.79,175.35999999999999,
10639.29,176.69,
10639.79,178.47,
10640.29,179.01,
10640.79,176.44,
10641.29,175.07,
10641.79,173.72,
10642.29,176.7,
10642.79,177.14,
10643.29,178.85999999999999,
10643.79,177.57999999999998,
10644.29,176.95999999999998,
10644.79,177.13,
10645.29,178.57999999999998,
10645.79,185.01999999999998,
10646.29,178.57,
10646.79,174.64,
10647.29,168.82999999999998,
10647.79,175.07,
10648.29,177.67,
10648.79,178.85999999999999,
10649.29,177.53,
10649.79,179.78,
10650.29,181.04999999999998,
10650.79,178.86999999999998,
10651.29,174.32999999999998,
10651.79,171.78,
10652.29,172.10999999999999,
10652.79,177.53,
10653.29,178.42,
10653.79,179.82999999999998,
10654.29,173.97,
10654.79,174.57999999999998,
10655.29,175.08999999999997,
10655.79,179.38,
10656.29,185.42,
10656.79,188.54,
10657.29,183.10999999999999,
10657.79,176.32,
10658.29,174.83999999999997,
10658.79,175.23,
10659.29,177.54,
10659.79,171.39999999999998,
10660.29,176.6,
10660.79,175.63,
10661.29,178.73,
10661.79,173.41,
10662.29,176.1,
10662.79,174.45,
10663.29,175.67,
10663.79,170.54,
10664.29,172.7,
10664.79,172.92,
10665.29,170.16,
10665.79,170.16,
10666.29,169.35,
10666.79,173.07,
10667.29,172.54999999999998,
10667.79,176.61999999999998,
10668.29,179.67999999999998,
10668.79,179.39999999999998,
10669.29,176.35999999999999,
10669.79,169.51999999999998,
10670.29,170.20999999999998,
10670.79,168.79,
10671.29,179.6,
10671.79,179.79999999999998,
10672.29,179.70999999999998,
10672.79,179.1,
10673.29,182.32,
10673.79,186.64999999999998,
10674.29,183.22,
10674.79,183.07999999999998,
10675.29,184.86999999999998,
10675.79,184.64,
10676.29,183.0,
10676.79,181.0,
10677.29,182.86999999999998,
10677.79,191.1,
10678.29,186.82,
10678.79,180.94,
10679.29,174.76,
10679.79,175.14999999999998,
10680.29,180.23,
10680.79,182.14,
10681.29,186.89999999999998,
10681.79,185.76999999999998,
10682.29,182.81,
10682.79,183.95999999999998,
10683.29,182.83999999999997,
10683.79,185.54999999999998,
10684.29,181.73,
10684.79,181.35,
10685.29,177.97,
10685.79,180.2,
10686.29,173.57999999999998,
10686.79,168.16,
10687.29,159.11999999999998,
10687.79,163.04,
10688.29,171.63,
10688.79,188.94,
10689.29,198.17999999999998,
10689.79,197.94,
10690.29,188.47,
10690.79,190.04,
10691.29,187.79,
10691.79,175.29999999999998,
10692.29,146.42999999999998,
10692.79,125.09,
10693.29,118.24000000000001,
10693.79,125.53,
10694.29,128.1,
10694.79,132.2,
10695.29,130.10999999999999,
10695.79,132.46,
10696.29,131.64,
10696.78,132.54999999999998,
10697.28,134.96,
10697.78,135.94,
10698.28,140.67999999999998,
10698.78,141.29,
10699.28,145.86999999999998,
10699.78,144.75,
10700.28,144.22,
10700.78,137.76999999999998,
10701.28,136.06,
10701.78,135.7,
10702.28,149.95,
10702.78,168.70999999999998,
10703.28,170.39,
10703.78,157.17999999999998,
10704.28,137.0,
10704.78,133.67,
10705.28,135.42,
10705.78,134.53,
10706.28,131.49,
10706.78,125.95,
10707.28,131.19,
10707.78,134.23,
10708.28,134.79,
10708.78,123.02,
10709.28,121.59,
10709.78,128.13,
10710.28,140.10999999999999,
10710.78,146.2,
10711.28,145.64999999999998,
10711.78,140.13,
10712.28,138.73,
10712.78,138.5,
10713.28,140.28,
10713.78,133.54,
10714.28,129.66,
10714.78,127.97,
10715.28,132.07,
10715.78,133.2,
10716.28,136.14,
10716.78,136.51,
10717.28,140.81,
10717.78,148.07,
10718.28,157.67,
10718.78,171.04999999999998,
10719.28,184.79,
10719.78,181.29999999999998,
10720.28,164.42,
10720.78,144.29999999999998,
10721.28,137.82,
10721.78,138.57999999999998,
10722.28,135.41,
10722.78,132.28,
10723.28,130.26999999999998,
10723.78,130.85999999999999,
10724.28,140.25,
10724.78,148.86999999999998,
10725.28,156.41,
10725.78,159.98,
10726.28,162.17999999999998,
10726.78,168.10999999999999,
10727.28,158.67999999999998,
10727.78,155.35999999999999,
10728.28,148.75,
10728.78,153.41,
10729.28,151.63,
10729.78,145.75,
10730.28,145.66,
10730.78,140.57,
10731.28,136.69,
10731.78,132.96,
10732.28,137.60999999999999,
10732.78,144.48,
10733.28,141.0,
10733.78,135.78,
10734.28,132.74,
10734.78,137.48,
10735.28,136.22,
10735.78,128.75,
10736.28,123.42,
10736.78,121.18,
10737.28,127.59,
10737.78,131.15,
10738.28,135.99,
10738.78,137.17,
10739.28,138.07,
10739.78,140.60999999999999,
10740.28,139.95,
10740.78,136.07,
10741.28,131.82,
10741.78,129.59,
10742.28,146.82999999999998,
10742.78,162.47,
10743.28,165.14999999999998,
10743.78,154.42,
10744.28,140.5,
10744.78,142.06,
10745.28,140.73999999999998,
10745.78,143.79,
10746.28,138.91,
10746.78,133.21,
10747.28,127.92,
10747.78,136.94,
10748.28,136.71,
10748.78,135.04999999999998,
10749.28,126.5,
10749.78,126.2,
10750.28,123.71000000000001,
10750.78,125.60000000000001,
10751.28,127.63000000000001,
10751.78,129.47,
10752.28,122.22,
10752.78,117.35000000000001,
10753.28,117.22,
10753.78,120.96000000000001,
10754.28,124.3,
10754.78,125.56,
10755.28,127.48,
10755.78,125.73,
10756.28,127.38000000000001,
10756.78,123.65,
10757.28,124.37,
10757.78,127.87,
10758.28,137.78,
10758.78,146.79999999999998,
10759.28,148.79999999999998,
10759.78,148.31,
10760.28,146.22,
10760.78,144.10999999999999,ANCC
10761.28,132.29,ANCC
10761.78,119.43,ANCC
10762.28,105.61,ANCC
10762.78,101.4,ANCC
10763.28,102.8,ANCC
10763.78,108.69,ANCC
10764.28,110.79,ANCC
10764.78,108.84,ANCC
10765.28,106.28,ANCC
10765.78,99.51,ANCC
10766.28,96.17,ANCC
10766.78,91.18,ANCC
10767.28,93.49000000000001,ANCC
10767.78,94.34,ANCC
10768.28,95.7,ANCC
10768.78,96.66,ANCC
10769.28,95.89,ANCC
10769.78,101.62,ANCC
10770.28,108.17,ANCC
10770.78,112.46000000000001,ANCC
10771.28,110.82000000000001,ANCC
10771.78,103.9,ANCC
10772.28,96.98,ANCC
10772.78,91.54,ANCC
10773.28,94.22,ANCC
10773.78,103.29,ANCC
10774.28,109.77,ANCC
10774.78,112.16,ANCC
10775.28,111.17,ANCC
10775.78,103.9,ANCC
10776.28,97.18,ANCC
10776.78,86.5,ANCC
10777.28,86.82000000000001,ANCC
10777.78,91.9,ANCC
10778.28,97.59,ANCC
10778.78,97.59,ANCC
10779.28,92.53,ANCC
10779.78,90.81,ANCC
10780.28,93.08,ANCC
10780.78,99.68,ANCC
10781.28,102.26,ANCC
10781.78,100.78,ANCC
10782.28,93.94,ANCC
10782.78,93.7,ANCC
10783.28,96.89,ANCC
10783.78,107.91,ANCC
10784.28,115.85000000000001,ANCC
10784.78,124.11,ANCC
10785.28,122.03,ANCC
10785.78,114.55,ANCC
10786.28,104.10000000000001,ANCC
10786.78,94.28,ANCC
10787.28,92.36,ANCC
10787.78,91.19,ANCC
10788.28,95.7,ANCC
10788.78,93.75,ANCC
10789.28,89.4,ANCC
10789.78,80.93,ANCC
10790.28,76.57000000000001,ANCC
10790.78,77.51,ANCC
10791.28,83.18,ANCC
10791.78,82.56,ANCC
10792.28,80.45,ANCC
10792.78,73.76,ANCC
10793.28,75.26,ANCC
10793.77,76.12,ANCC
10794.27,87.94,ANCC
10794.77,92.64,ANCC
10795.27,96.21000000000001,ANCC
10795.77,88.09,ANCC
10796.27,86.02,ANCC
10796.77,94.82000000000001,ANCC
10797.27,113.88000000000001,ANCC
10797.77,127.02,ANCC
10798.27,123.98,ANCC
10798.77,106.86,ANCC
10799.27,93.09,ANCC
10799.77,83.67,ANCC
10800.27,80.75,ANCC
10800.77,78.97,ANCC
10801.27,77.19,ANCC
10801.77,76.56,ANCC
10802.27,74.33,ANCC
10802.77,76.85000000000001,ANCC
10803.27,77.95,ANCC
10803.77,78.31,ANCC
10804.27,77.56,ANCC
10804.77,72.94,ANCC
10805.27,72.08,ANCC
10805.77,66.87,ANCC
10806.27,75.15,ANCC
10806.77,88.39,ANCC
10807.27,107.59,ANCC
10807.77,117.08,ANCC
10808.27,115.52,ANCC
10808.77,109.12,ANCC
10809.27,102.89,ANCC
10809.77,108.53,ANCC
10810.27,121.88000000000001,ANCC
10810.77,132.87,ANCC
10811.27,137.42,ANCC
10811.77,127.62,ANCC
10812.27,122.16,ANCC
10812.77,108.23,ANCC
10813.27,112.91,ANCC
10813.77,117.71000000000001,ANCC
10814.27,130.01999999999998,ANCC
10814.77,129.7,ANCC
10815.27,125.67,ANCC
10815.77,122.4,ANCC
10816.27,123.87,ANCC
10816.77,128.76999999999998,ANCC
10817.27,131.57999999999998,ANCC
10817.77,132.14,ANCC
10818.27,129.35,ANCC
10818.77,121.23,ANCC
10819.27,109.25,ANCC
10819.77,100.74000000000001,ANCC
10820.27,98.72,ANCC
10820.77,100.7,ANCC
10821.27,99.32000000000001,ANCC
10821.77,98.22,ANCC
10822.27,98.52,ANCC
10822.77,100.93,ANCC
10823.27,101.56,ANCC
10823.77,99.91,ANCC
10824.27,99.59,ANCC
10824.77,98.9,ANCC
10825.27,99.95,ANCC
10825.77,101.27,ANCC
10826.27,105.32000000000001,ANCC
10826.77,103.01,ANCC
10827.27,96.24000000000001,ANCC
10827.77,89.19,ANCC
10828.27,86.78,ANCC
10828.77,90.59,ANCC
10829.27,96.11,ANCC
10829.77,103.58,ANCC
10830.27,111.83,ANCC
10830.77,116.4,ANCC
10831.27,115.96000000000001,ANCC
10831.77,108.25,ANCC
10832.27,100.26,ANCC
10832.77,100.23,ANCC
10833.27,99.38000000000001,ANCC
10833.77,101.25,ANCC
10834.27,97.2,ANCC
10834.77,97.36,ANCC
10835.27,96.8,ANCC
10835.77,98.85000000000001,ANCC
10836.27,98.53,ANCC
10836.77,97.46000000000001,ANCC
10837.27,95.87,ANCC
10837.77,97.97,ANCC
10838.27,105.64,ANCC
10838.77,114.67,ANCC
10839.27,124.23,ANCC
10839.77,124.33,ANCC
10840.27,121.29,ANCC
10840.77,127.52,ANCC
10841.27,138.66,ANCC
10841.77,138.35999999999999,ANCC
10842.27,127.86,ANCC
10842.77,114.08,ANCC
10843.27,113.63000000000001,ANCC
10843.77,113.87,ANCC
10844.27,119.68,ANCC
10844.77,124.56,ANCC
10845.27,123.15,ANCC
10845.77,118.12,ANCC
10846.27,116.67,ANCC
10846.77,116.43,ANCC
10847.27,119.62,ANCC
10847.77,118.95,ANCC
10848.27,120.05,ANCC
10848.77,121.67,ANCC
10849.27,122.7,ANCC
10849.77,130.32999999999998,ANCC
10850.27,129.32999999999998,ANCC
10850.77,127.41,ANCC
10851.27,122.96000000000001,ANCC
10851.77,123.9,ANCC
10852.27,124.33,ANCC
10852.77,122.59,ANCC
10853.27,117.92,ANCC
10853.77,115.36,ANCC
10854.27,109.18,ANCC
10854.77,102.58,ANCC
10855.27,97.92,ANCC
10855.77,101.49000000000001,ANCC
10856.27,111.21000000000001,ANCC
10856.77,117.99000000000001,ANCC
10857.27,122.65,ANCC
10857.77,126.21000000000001,ANCC
10858.27,121.07000000000001,ANCC
10858.77,114.46000000000001,ANCC
10859.27,111.92,ANCC
10859.77,118.33,ANCC
10860.27,126.41,ANCC
10860.77,142.42,ANCC
10861.27,138.49,ANCC
10861.77,128.68,ANCC
10862.27,106.5,ANCC
10862.77,102.08,ANCC
10863.27,98.89,ANCC
10863.77,93.96000000000001,ANCC
10864.27,90.45,ANCC
10864.77,87.94,ANCC
10865.26,89.77,ANCC
10865.76,103.26,ANCC
10866.26,117.61,ANCC
10866.76,127.72,ANCC
10867.26,125.5,ANCC
10867.76,123.47,ANCC
10868.26,124.4,ANCC
10868.76,124.18,ANCC
10869.26,122.01,ANCC
10869.76,117.96000000000001,ANCC
10870.26,116.32000000000001,ANCC
10870.76,103.21000000000001,ANCC
10871.26,92.23,ANCC
10871.76,83.22,ANCC
10872.26,91.36,ANCC
10872.76,96.88000000000001,ANCC
10873.26,106.45,ANCC
10873.76,103.74000000000001,ANCC
10874.26,103.41,ANCC
10874.76,98.27,ANCC
10875.26,102.55,ANCC
10875.76,102.71000000000001,ANCC
10876.26,100.75,ANCC
10876.76,101.61,ANCC
10877.26,97.96000000000001,ANCC
10877.76,97.66,ANCC
10878.26,99.14,ANCC
10878.76,114.78,ANCC
10879.26,126.09,ANCC
10879.76,128.19,ANCC
10880.26,120.64,ANCC
10880.76,112.82000000000001,ANCC
10881.26,112.74000000000001,ANCC
10881.76,113.64,ANCC
10882.26,119.02,ANCC
10882.76,127.43,ANCC
10883.26,150.42,ANCC
10883.76,165.76,ANCC
10884.26,165.98999999999998,ANCC
10884.76,144.81,ANCC
10885.26,130.13,ANCC
10885.76,123.28,ANCC
10886.26,127.49000000000001,ANCC
10886.76,131.03,ANCC
10887.26,134.38,ANCC
10887.76,142.88,ANCC
10888.26,156.11999999999998,ANCC
10888.76,167.17,ANCC
10889.26,164.48999999999998,ANCC
10889.76,148.56,ANCC
10890.26,133.29,ANCC
10890.76,124.34,ANCC
10891.26,124.17,ANCC
10891.76,123.56,ANCC
10892.26,121.78,ANCC
10892.76,119.84,ANCC
10893.26,123.73,ANCC
10893.76,124.84,ANCC
10894.26,129.04999999999998,ANCC
10894.76,130.45,ANCC
10895.26,131.43,ANCC
10895.76,128.85999999999999,ANCC
10896.26,124.75,ANCC
10896.76,127.72,ANCC
10897.26,128.34,ANCC
10897.76,132.44,ANCC
10898.26,129.39,ANCC
10898.76,132.66,ANCC
10899.26,135.31,ANCC
10899.76,141.63,ANCC
10900.26,147.32,ANCC
10900.76,145.82999999999998,ANCC
10901.26,143.73999999999998,ANCC
10901.76,138.64,ANCC
10902.26,138.41,ANCC
10902.76,137.62,ANCC
10903.26,136.79999999999998,ANCC
10903.76,133.06,ANCC
10904.26,137.1,ANCC
10904.76,140.29999999999998,ANCC
10905.26,145.67,ANCC
10905.76,148.39999999999998,ANCC
10906.26,150.64999999999998,ANCC
10906.76,152.73999999999998,ANCC
10907.26,145.20999999999998,ANCC
10907.76,137.74,ANCC
10908.26,133.93,ANCC
10908.76,139.13,ANCC
10909.26,149.39,ANCC
10909.76,154.10999999999999,ANCC
10910.26,152.54999999999998,ANCC
10910.76,147.66,ANCC
10911.26,143.35,ANCC
10911.76,144.35,ANCC
10912.26,143.69,ANCC
10912.76,145.36999999999998,ANCC
10913.26,144.07,ANCC
10913.76,142.61999999999998,ANCC
10914.26,143.08999999999997,ANCC
10914.76,143.42,ANCC
10915.26,148.64,ANCC
10915.76,153.47,ANCC
10916.26,155.07999999999998,ANCC
10916.75,151.76,ANCC
10917.25,145.79999999999998,ANCC
10917.75,141.91,ANCC
10918.25,145.08999999999997,ANCC
10918.75,144.88,ANCC
10919.25,149.81,ANCC
10919.75,142.17999999999998,ANCC
10920.25,146.39999999999998,ANCC
10920.75,147.38,ANCC
10921.25,150.94,ANCC
10921.75,147.98,ANCC
10922.25,148.06,ANCC
10922.75,149.32,ANCC
10923.25,151.19,ANCC
10923.75,149.70999999999998,ANCC
10924.25,150.29999999999998,ANCC
10924.75,147.89,ANCC
10925.25,142.75,ANCC
10925.75,137.1,ANCC
10926.25,137.96,ANCC
10926.75,143.76,ANCC
10927.25,149.48999999999998,ANCC
10927.75,145.35999999999999,ANCC
10928.25,144.85999999999999,ANCC
10928.75,142.33999999999997,ANCC
10929.25,142.57,ANCC
10929.75,137.82999999999998,ANCC
10930.25,134.24,ANCC
10930.75,136.41,ANCC
10931.25,135.24,ANCC
10931.75,136.13,ANCC
10932.25,135.29999999999998,ANCC
10932.75,134.60999999999999,ANCC
10933.25,137.45,ANCC
10933.75,134.09,ANCC
10934.25,135.84,ANCC
10934.75,136.15,ANCC
10935.25,142.23,ANCC
10935.75,145.64999999999998,ANCC
10936.25,152.86999999999998,ANCC
10936.75,160.57,ANCC
10937.25,163.17999999999998,ANCC
10937.75,163.01999999999998,ANCC
10938.25,153.44,ANCC
10938.75,147.26999999999998,ANCC
10939.25,142.06,ANCC
10939.75,145.57,ANCC
10940.25,151.66,ANCC
10940.75,158.2,ANCC
10941.25,156.23,ANCC
10941.75,152.57,ANCC
10942.25,147.72,ANCC
10942.75,152.66,ANCC
10943.25,155.95,ANCC
10943.75,157.7,ANCC
10944.25,155.67,ANCC
10944.75,160.60999999999999,ANCC
10945.25,160.67999999999998,ANCC
10945.75,165.07999999999998,ANCC
10946.25,170.04999999999998,ANCC
10946.75,172.45999999999998,ANCC
10947.25,165.44,ANCC
10947.75,147.91,ANCC
10948.25,140.33999999999997,ANCC
10948.75,139.26,ANCC
10949.25,140.79999999999998,ANCC
10949.75,140.44,ANCC
10950.25,139.23,ANCC
10950.75,138.34,ANCC
10951.25,134.34,ANCC
10951.75,131.28,ANCC
10952.25,132.95,ANCC
10952.75,137.23,ANCC
10953.25,143.76999999999998,ANCC
10953.75,148.53,ANCC
10954.25,147.07999999999998,ANCC
10954.75,139.66,ANCC
10955.25,127.62,ANCC
10955.75,125.72,ANCC
10956.240000000002,139.94,ANCC
10956.740000000002,147.47,ANCC
10957.240000000002,151.29,ANCC
10957.740000000002,138.35,ANCC
10958.240000000002,139.95,ANCC
10958.740000000002,138.53,ANCC
10959.240000000002,140.22,ANCC
10959.740000000002,139.88,ANCC
10960.240000000002,140.73,ANCC
10960.740000000002,142.5,ANCC
10961.240000000002,139.65,ANCC
10961.740000000002,140.82999999999998,ANCC
10962.240000000002,140.54999999999998,ANCC
10962.740000000002,143.45,ANCC
10963.240000000002,143.51999999999998,ANCC
10963.740000000002,144.42999999999998,ANCC
10964.240000000002,145.61999999999998,ANCC
10964.740000000002,147.81,ANCC
10965.240000000002,147.98,ANCC
10965.740000000002,152.28,ANCC
10966.240000000002,147.98,ANCC
10966.740000000002,143.88,ANCC
10967.240000000002,135.72,ANCC
10967.740000000002,136.23,ANCC
10968.240000000002,137.9,ANCC
10968.740000000002,142.76,ANCC
10969.240000000002,148.7,ANCC
10969.740000000002,149.53,ANCC
10970.240000000002,141.13,ANCC
10970.740000000002,130.74,ANCC
10971.240000000002,127.31,ANCC
10971.740000000002,145.98,ANCC
10972.240000000002,163.95,ANCC
10972.740000000002,174.28,ANCC
10973.240000000002,161.95,ASTNU
10973.740000000002,143.54,ASTNU
10974.240000000002,135.72,ASTNU
10974.740000000002,134.13,ASTNU
10975.240000000002,136.31,ASTNU
10975.740000000002,132.66,ASTNU
10976.240000000002,130.87,ASTNU
10976.740000000002,129.71,ASTNU
10977.240000000002,128.17,ASTNU
10977.740000000002,120.35000000000001,ASTNU
10978.240000000002,117.72,ASTNU
10978.740000000002,114.53,ASTNU
10979.240000000002,117.56,ASTNU
10979.740000000002,118.82000000000001,ASTNU
10980.240000000002,121.61,ASTNU
10980.740000000002,115.21000000000001,ASTNU
10981.240000000002,108.98,ASTNU
10981.740000000002,102.02,ASTNU
10982.240000000002,105.38000000000001,ASTNU
10982.740000000002,102.56,ASTNU
10983.240000000002,99.71000000000001,ASTNU
10983.740000000002,96.58,ASTNU
10984.240000000002,96.36,ASTNU
10984.740000000002,98.37,ASTNU
10985.240000000002,93.96000000000001,ASTNU
10985.740000000002,97.93,ASTNU
10986.240000000002,96.83,ASTNU
10986.740000000002,98.61,ASTNU
10987.240000000002,92.67,ASTNU
10987.730000000001,95.32000000000001,ASTNU
10988.230000000001,98.04,ASTNU
10988.730000000001,102.38000000000001,ASTNU
10989.230000000001,100.64,ASTNU
10989.730000000001,100.66,ASTNU
10990.230000000001,98.44,ASTNU
10990.730000000001,100.37,ASTNU
10991.230000000001,98.48,ASTNU
10991.730000000001,96.57000000000001,ASTNU
10992.230000000001,95.67,ASTNU
10992.730000000001,97.44,ASTNU
10993.230000000001,100.10000000000001,ASTNU
10993.730000000001,100.09,ASTNU
10994.230000000001,102.83,ASTNU
10994.730000000001,105.05,ASTNU
10995.230000000001,114.87,ASTNU
10995.730000000001,122.36,ASTNU
10996.230000000001,130.10999999999999,ASTNU
10996.730000000001,122.51,ASTNU
10997.230000000001,112.81,ASTNU
10997.730000000001,110.07000000000001,ASTNU
10998.230000000001,113.85000000000001,ASTNU
10998.730000000001,118.41,ASTNU
10999.230000000001,115.15,ASTNU
10999.730000000001,113.89,ASTNU
11000.230000000001,118.15,ASTNU
11000.730000000001,133.81,ASTNU
11001.230000000001,151.26999999999998,ASTNU
11001.730000000001,155.51999999999998,ASTNU
11002.230000000001,139.28,ASTNU
11002.730000000001,124.33,ASTNU
11003.230000000001,116.5,ASTNU
11003.730000000001,121.46000000000001,ASTNU
11004.230000000001,122.32000000000001,ASTNU
11004.730000000001,120.16,ASTNU
11005.230000000001,117.07000000000001,ASTNU
11005.730000000001,114.10000000000001,ASTNU
11006.230000000001,114.8,ASTNU
11006.730000000001,114.64,ASTNU
11007.230000000001,112.37,ASTNU
11007.730000000001,113.22,ASTNU
11008.230000000001,113.22,ASTNU
11008.730000000001,115.11,ASTNU
11009.230000000001,111.34,ASTNU
11009.730000000001,108.48,ASTNU
11010.230000000001,103.22,ASTNU
11010.730000000001,102.29,ASTNU
11011.230000000001,103.03,ASTNU
11011.730000000001,113.31,ASTNU
11012.230000000001,120.52,ASTNU
11012.730000000001,120.69,ASTNU
11013.230000000001,114.52,ASTNU
11013.730000000001,103.28,ASTNU
11014.230000000001,100.5,ASTNU
11014.720000000001,97.37,ASTNU
11015.220000000001,102.39,ASTNU
11015.720000000001,103.97,ASTNU
11016.220000000001,108.53,ASTNU
11016.720000000001,122.63000000000001,ASTNU
11017.220000000001,158.29999999999998,ASTNU
11017.720000000001,189.73999999999998,ASTNU
11018.220000000001,199.20999999999998,ASTNU
11018.720000000001,174.89999999999998,ASTNU
11019.220000000001,146.82999999999998,ASTNU
11019.720000000001,132.79,ASTNU
11020.220000000001,130.95,ASTNU
11020.720000000001,129.17,ASTNU
11021.220000000001,121.99000000000001,ASTNU
11021.720000000001,113.84,ASTNU
11022.220000000001,112.88000000000001,ASTNU
11022.720000000001,116.52,ASTNU
11023.220000000001,129.35999999999999,ASTNU
11023.720000000001,145.67999999999998,ASTNU
11024.220000000001,169.36999999999998,ASTNU
11024.720000000001,179.75,ASTNU
11025.220000000001,193.79,ASTNU
11025.720000000001,201.89,ASTNU
11026.220000000001,206.01999999999998,ASTNU
11026.720000000001,172.61999999999998,ASTNU
11027.220000000001,126.45,ASTNL
11027.720000000001,95.46000000000001,ASTNL
11028.220000000001,111.61,ASTNL
11028.720000000001,130.73,ASTNL
11029.220000000001,132.32,ASTNL
11029.720000000001,114.01,ASTNL
11030.220000000001,109.85000000000001,ASTNL
11030.720000000001,118.18,ASTNL
11031.220000000001,117.89,ASTNL
11031.720000000001,100.48,ASTNL
11032.220000000001,85.18,ASTNL
11032.720000000001,80.85000000000001,ASTNL
11033.220000000001,82.28,ASTNL
11033.720000000001,82.4,ASTNL
11034.220000000001,75.26,ASTNL
11034.720000000001,76.29,ASTNL
11035.220000000001,73.15,ASTNL
11035.720000000001,85.02,ASTNL
11036.220000000001,101.17,ASTNL
11036.720000000001,113.68,ASTNL
11037.220000000001,146.51,ASTNL
11037.720000000001,192.16,ASTNL
11038.210000000001,226.89999999999998,ASTNL
11038.710000000001,198.75,ASTNL
11039.210000000001,150.41,ASTNL
11039.710000000001,112.81,ASTNL
11040.210000000001,102.31,ASTNL
11040.710000000001,86.56,ASTNL
11041.210000000001,76.35000000000001,ASTNL
11041.710000000001,71.1,ASTNL
11042.210000000001,70.82,ASTNL
11042.710000000001,70.3,ASTNL
11043.210000000001,72.64,ASTNL
11043.710000000001,70.98,ASTNL
11044.210000000001,68.17999999999999,ASTNL
11044.710000000001,61.480000000000004,ASTNL
11045.210000000001,57.31999999999999,ASTNL
11045.710000000001,55.5,ASTNL
11046.210000000001,54.959999999999994,ASTNL
11046.710000000001,55.290000000000006,ASTNL
11047.210000000001,57.8,ASTNL
11047.710000000001,64.7,ASTNL
11048.210000000001,71.9,ASTNL
11048.710000000001,78.68,ASTNL
11049.210000000001,78.74000000000001,ASTNL
11049.710000000001,74.01,ASTNL
11050.210000000001,68.82,ASTNL
11050.710000000001,65.74,ASTNL
11051.210000000001,70.09,ASTNL
11051.710000000001,71.13,ASTNL
11052.210000000001,70.22,ASTNL
11052.710000000001,65.27,ASTNL
11053.210000000001,68.39,ASTNL
11053.710000000001,71.23,ASTNL
11054.210000000001,69.95,ASTNL
11054.710000000001,61.55,ASTNL
11055.210000000001,56.230000000000004,ASTNL
11055.710000000001,56.17,ASTNL
11056.210000000001,56.45,ASTNL
11056.710000000001,59.260000000000005,ASTNL
11057.210000000001,62.290000000000006,ASTNL
11057.710000000001,65.33,ASTNL
11058.210000000001,65.67999999999999,ASTNL
11058.710000000001,66.25,ASTNL
11059.2,66.25,ASTNL
11059.7,65.14,ASTNL
11060.2,62.05,ASTNL
11060.7,58.44,ASTNL
11061.2,55.099999999999994,ASTNL
11061.7,54.3,ASTNL
11062.2,56.42999999999999,ASTNL
11062.7,61.519999999999996,ASTNL
11063.2,64.56,ASTNL
11063.7,66.67,ASTNL
11064.2,68.95,ASTNL
11064.7,72.24,ASTNL
11065.2,73.3,ASTNL
11065.7,76.43,ASTNL
11066.2,87.28,ASTNL
11066.7,94.44,ASTNL
11067.2,129.65,ASTNL
11067.7,153.56,ASTNL
11068.2,170.04999999999998,ASTNL
11068.7,135.35999999999999,ASTNL
11069.2,97.22,ASTNL
11069.7,72.4,ASTNL
11070.2,66.42,ASTNL
11070.7,72.64,ASTNL
11071.2,78.69,ASTNL
11071.7,84.39,ASTNL
11072.2,82.52,ASTNL
11072.7,81.38000000000001,ASTNL
11073.2,78.47,ASTNL
11073.7,78.4,ASTNL
11074.2,77.2,ASTNL
11074.7,78.79,ASTNL
11075.2,78.05,ASTNL
11075.7,82.22,ASTNL
11076.2,84.76,ASTNL
11076.7,85.46000000000001,ASTNL
11077.2,80.5,ASTNL
11077.7,83.55,ASTNL
11078.19,98.26,ASTNL
11078.69,117.43,ASTNL
11079.19,132.51,EGFDU
11079.69,131.64,EGFDU
11080.19,124.51,EGFDU
11080.69,112.74000000000001,EGFDU
11081.19,103.33,EGFDU
11081.69,101.06,EGFDU
11082.19,99.86,EGFDU
11082.69,106.19,EGFDU
11083.19,107.63000000000001,EGFDU
11083.69,108.31,EGFDU
11084.19,105.75,EGFDU
11084.69,102.61,EGFDU
11085.19,98.57000000000001,EGFDU
11085.69,97.13000000000001,EGFDU
11086.19,96.2,EGFDU
11086.69,97.98,EGFDU
11087.19,98.93,EGFDU
11087.69,95.57000000000001,EGFDU
11088.19,91.63000000000001,EGFDU
11088.69,87.71000000000001,EGFDU
11089.19,90.0,EGFDU
11089.69,88.97,EGFDU
11090.19,88.92,EGFDU
11090.69,90.45,EGFDU
11091.19,102.93,EGFDU
11091.69,110.72,EGFDU
11092.19,119.86,EGFDU
11092.69,119.24000000000001,EGFDU
11093.19,115.16,EGFDU
11093.69,107.16,EGFDU
11094.19,101.63000000000001,EGFDU
11094.69,103.4,EGFDU
11095.19,101.57000000000001,EGFDU
11095.68,105.39,EGFDU
11096.18,106.76,EGFDU
11096.68,111.9,EGFDU
11097.18,112.81,EGFDU
11097.68,112.07000000000001,EGFDU
11098.18,110.3,EGFDU
11098.68,102.36,EGFDU
11099.18,100.94,EGFDU
11099.68,97.52,EGFDU
11100.18,96.21000000000001,EGFDU
11100.68,98.32000000000001,EGFDU
11101.18,100.78,EGFDU
11101.68,105.14,EGFDU
11102.18,102.45,EGFDU
11102.68,98.11,EGFDU
11103.18,94.03,EGFDU
11103.68,92.67,EGFDU
11104.18,94.73,EGFDU
11104.68,95.99000000000001,EGFDU
11105.18,92.24000000000001,EGFDU
11105.68,88.35000000000001,EGFDU
11106.18,86.58,EGFDU
11106.68,90.04,EGFDU
11107.18,95.01,EGFDU
11107.68,106.04,EGFDU
11108.18,113.09,EGFDU
11108.68,119.3,EGFDU
11109.18,112.57000000000001,EGFDU
11109.68,100.83,EGFDU
11110.18,84.13000000000001,EGFDU
11110.68,82.28,EGFDU
11111.18,89.64,EGFDU
11111.68,102.76,EGFDU
11112.17,103.96000000000001,EGFDU
11112.67,96.88000000000001,EGFDU
11113.17,82.79,EGFDU
11113.67,71.04,EGFDU
11114.17,76.98,EGFDU
11114.67,93.81,EGFDU
11115.17,108.14,EGFDU
11115.67,112.65,EGFDU
11116.17,110.83,EGFDU
11116.67,114.85000000000001,EGFDU
11117.17,111.88000000000001,EGFDU
11117.67,109.72,EGFDU
11118.17,107.45,EGFDU
11118.67,106.03,EGFDU
11119.17,106.13000000000001,EGFDU
11119.67,100.31,EGFDU
11120.17,101.17,EGFDU
11120.67,101.4,EGFDU
11121.17,105.35000000000001,EGFDU
11121.67,105.74000000000001,EGFDU
11122.17,105.17,EGFDU
11122.67,102.88000000000001,EGFDU
11123.17,104.24000000000001,EGFDU
11123.67,106.42,EGFDU
11124.17,123.02,EGFDU
11124.67,136.43,EGFDU
11125.17,151.04,EGFDL
11125.67,152.7,EGFDL
11126.17,152.36999999999998,EGFDL
11126.67,145.47,EGFDL
11127.17,138.84,EGFDL
11127.66,136.67,EGFDL
11128.16,139.93,EGFDL
11128.66,141.76,EGFDL
11129.16,137.53,EGFDL
11129.66,132.22,EGFDL
11130.16,127.42,EGFDL
11130.66,131.01999999999998,EGFDL
11131.16,134.22,EGFDL
11131.66,135.99,EGFDL
11132.16,134.57,EGFDL
11132.66,133.99,EGFDL
11133.16,133.19,EGFDL
11133.66,130.4,EGFDL
11134.16,125.74000000000001,EGFDL
11134.66,125.84,EGFDL
11135.16,118.54,EGFDL
11135.66,108.31,EGFDL
11136.16,105.52,EGFDL
11136.66,112.65,EGFDL
11137.16,127.25,EGFDL
11137.66,130.85,EGFDL
11138.16,133.71,EGFDL
11138.66,132.1,EGFDL
11139.16,123.88000000000001,EGFDL
11139.66,115.42,EGFDL
11140.16,113.55,EGFDL
11140.66,115.15,EGFDL
11141.16,118.63000000000001,EGFDL
11141.650000000001,115.02,EGFDL
11142.150000000001,119.07000000000001,EGFDL
11142.650000000001,116.28,EGFDL
11143.150000000001,110.13000000000001,EGFDL
11143.650000000001,99.0,EGFDL
11144.150000000001,106.93,EGFDL
11144.650000000001,124.29,EGFDL
11145.150000000001,142.78,EGFDL
11145.650000000001,145.17999999999998,EGFDL
11146.150000000001,133.79999999999998,EGFDL
11146.650000000001,118.96000000000001,EGFDL
11147.150000000001,102.18,EGFDL
11147.650000000001,100.09,EGFDL
11148.150000000001,106.36,EGFDL
11148.650000000001,117.66,EGFDL
11149.150000000001,124.91,EGFDL
11149.650000000001,120.66,EGFDL
11150.150000000001,106.0,EGFDL
11150.650000000001,97.07000000000001,EGFDL
11151.150000000001,95.95,EGFDL
11151.650000000001,112.67,EGFDL
11152.150000000001,123.82000000000001,EGFDL
11152.650000000001,136.95,EGFDL
11153.150000000001,132.44,EGFDL
11153.650000000001,131.14,EGFDL
11154.150000000001,130.68,EGFDL
11154.650000000001,140.32999999999998,EGFDL
11155.150000000001,139.39,EGFDL
11155.640000000001,129.12,EGFDL
11156.140000000001,115.87,EGFDL
11156.640000000001,108.02,EGFDL
11157.140000000001,109.92,EGFDL
11157.640000000001,109.58,EGFDL
11158.140000000001,108.05,EGFDL
11158.640000000001,109.45,EGFDL
11159.140000000001,115.91,EGFDL
11159.640000000001,121.69,EGFDL
11160.140000000001,133.16,EGFDL
11160.640000000001,141.25,EGFDL
11161.140000000001,149.10999999999999,EGFDL
11161.640000000001,137.53,EGFDL
11162.140000000001,121.19,EGFDL
11162.640000000001,108.4,EGFDL
11163.140000000001,110.38000000000001,EGFDL
11163.640000000001,120.65,EGFDL
11164.140000000001,131.66,EGFDL
11164.640000000001,139.26,EGFDL
11165.140000000001,138.32,EGFDL
11165.640000000001,128.26999999999998,EGFDL
11166.140000000001,110.3,EGFDL
11166.640000000001,121.83,EGFDL
11167.140000000001,154.85,EGFDL
11167.640000000001,188.92,EGFDL
11168.140000000001,182.75,EGFDL
11168.630000000001,150.03,EGFDL
11169.130000000001,121.53,EGFDL
11169.630000000001,114.5,EGFDL
11170.130000000001,115.95,EGFDL
11170.630000000001,123.45,EGFDL
11171.130000000001,126.53,EGFDL
11171.630000000001,131.42,EGFDL
11172.130000000001,119.37,EGFDL
11172.630000000001,102.09,EGFDL
11173.130000000001,90.62,EGFDL
11173.630000000001,98.61,EGFDL
11174.130000000001,115.89,EGFDL
11174.630000000001,127.99000000000001,EGFDL
11175.130000000001,125.72,EGFDL
11175.630000000001,116.82000000000001,EGFDL
11176.130000000001,103.52,EGFDL
11176.630000000001,93.78,EGFDL
11177.130000000001,87.57000000000001,EGFDL
11177.630000000001,104.71000000000001,EGFDL
11178.130000000001,125.36,EGFDL
11178.630000000001,145.07,EGFDL
11179.130000000001,147.39,EGFDL
11179.630000000001,147.53,EGFDL
11180.130000000001,131.0,EGFDL
11180.62,113.02,EGFDL
11181.12,97.46000000000001,EGFDL
11181.62,106.32000000000001,EGFDL
11182.12,124.13000000000001,EGFDL
11182.62,138.51,EGFDL
11183.12,135.84,EGFDL
11183.62,124.59,EGFDL
11184.12,111.75,EGFDL
11184.62,110.7,EGFDL
11185.12,120.74000000000001,EGFDL
11185.62,139.91,EGFDL
11186.12,156.97,EGFDL
11186.62,164.79999999999998,EGFDL
11187.12,162.22,EGFDL
11187.62,157.98999999999998,EGFDL
11188.12,151.70999999999998,EGFDL
11188.62,145.44,EGFDL
11189.12,134.16,EGFDL
11189.62,115.27,EGFDL
11190.12,96.04,EGFDL
11190.62,81.42,EGFDL
11191.12,79.66,EGFDL
11191.62,90.5,EGFDL
11192.12,106.25,EGFDL
11192.61,125.60000000000001,EGFDL
11193.11,129.76999999999998,EGFDL
11193.61,133.35999999999999,EGFDL
11194.11,127.3,EGFDL
11194.61,128.4,EGFDL
11195.11,125.83,EGFDL
11195.61,126.81,EGFDL
11196.11,130.68,EGFDL
11196.61,124.75,EGFDL
11197.11,121.83,EGFDL
11197.61,113.73,EGFDL
11198.11,108.98,EGFDL
11198.61,113.88000000000001,EGFDL
11199.11,119.26,EGFDL
11199.61,134.62,EGFDL
11200.11,136.78,EGFDL
11200.61,137.25,EGFDL
11201.11,136.04999999999998,EGFDL
11201.61,133.16,EGFDL
11202.11,132.45,EGFDL
11202.61,131.59,EGFDL
11203.11,133.69,EGFDL
11203.61,136.49,EGFDL
11204.1,135.01,EGFDL
11204.6,127.42,EGFDL
11205.1,111.16,EGFDL
11205.6,104.37,EGFDL
11206.1,102.94,EGFDL
11206.6,108.19,EGFDL
11207.1,102.37,EGFDL
11207.6,92.84,EGFDL
11208.1,84.74000000000001,EGFDL
11208.6,89.82000000000001,EGFDL
11209.1,103.34,EGFDL
11209.6,117.5,EGFDL
11210.1,126.0,EGFDL
11210.6,128.68,EGFDL
11211.1,128.16,EGFDL
11211.6,121.57000000000001,EGFDL
11212.1,116.93,EGFDL
11212.6,113.42,EGFDL
11213.1,110.25,EGFDL
11213.6,113.01,EGFDL
11214.1,117.66,EGFDL
11214.6,128.45,EGFDL
11215.09,124.57000000000001,EGFDL
11215.59,121.61,EGFDL
11216.09,116.47,EGFDL
11216.59,118.01,EGFDL
11217.09,118.86,EGFDL
11217.59,119.81,EGFDL
11218.09,123.86,EGFDL
11218.59,117.59,EGFDL
11219.09,110.87,EGFDL
11219.59,101.0,EGFDL
11220.09,105.46000000000001,EGFDL
11220.59,105.62,EGFDL
11221.09,104.92,EGFDL
11221.59,99.5,EGFDL
11222.09,104.93,EGFDL
11222.59,113.05,EGFDL
11223.09,117.78,EGFDL
11223.59,116.12,EGFDL
11224.09,120.9,EGFDL
11224.59,129.63,EGFDL
11225.09,139.92,EGFDL
11225.58,144.06,EGFDL
11226.08,156.39,EGFDL
11226.58,168.31,EGFDL
11227.08,165.83999999999997,EGFDL
11227.58,145.7,EGFDL
11228.08,131.68,EGFDL
11228.58,138.06,EGFDL
11229.08,146.67999999999998,EGFDL
11229.58,137.35999999999999,EGFDL
11230.08,123.26,EGFDL
11230.58,113.45,EGFDL
11231.08,109.68,EGFDL
11231.58,119.55,EGFDL
11232.08,134.45,EGFDL
11232.58,141.29,EGFDL
11233.08,128.26999999999998,EGFDL
11233.58,116.85000000000001,EGFDL
11234.08,111.04,EGFDL
11234.58,107.62,EGFDL
11235.08,104.71000000000001,EGFDL
11235.570000000002,113.51,EGFDL
11236.070000000002,127.31,EGFDL
11236.570000000002,137.14,EGFDL
11237.070000000002,143.35999999999999,EGFDL
11237.570000000002,146.39,EGFDL
11238.070000000002,146.04999999999998,EGFDL
11238.570000000002,144.1,EGFDL
11239.070000000002,136.96,EGFDL
11239.570000000002,135.4,EGFDL
11240.070000000002,136.9,EGFDL
11240.570000000002,141.81,EGFDL
11241.070000000002,136.94,EGFDL
11241.570000000002,124.94,EGFDL
11242.070000000002,120.42,EGFDL
11242.570000000002,131.85999999999999,EGFDL
11243.070000000002,146.51,EGFDL
11243.570000000002,152.78,EGFDL
11244.070000000002,146.39999999999998,EGFDL
11244.570000000002,139.24,EGFDL
11245.070000000002,134.01999999999998,EGFDL
11245.560000000001,135.04,EGFDL
11246.060000000001,140.23,EGFDL
11246.560000000001,145.54,EGFDL
11247.060000000001,157.47,EGFDL
11247.560000000001,171.45,EGFDL
11248.060000000001,188.6,EGFDL
11248.560000000001,193.01999999999998,EGFDL
11249.060000000001,196.79,EGFDL
11249.560000000001,205.81,EGFDL
11250.060000000001,221.39999999999998,EGFDL
11250.560000000001,214.73,EGFDL
11251.060000000001,162.5,BUDA
11251.560000000001,103.63000000000001,BUDA
11252.060000000001,62.370000000000005,BUDA
11252.560000000001,58.72,BUDA
11253.060000000001,56.83,BUDA
11253.560000000001,54.480000000000004,BUDA
11254.060000000001,50.769999999999996,BUDA
11254.560000000001,49.81,BUDA
11255.050000000001,55.8,BUDA
11255.550000000001,65.5,BUDA
11256.050000000001,71.32,BUDA
11256.550000000001,69.21,BUDA
11257.050000000001,66.87,BUDA
11257.550000000001,65.45,BUDA
11258.050000000001,66.59,BUDA
11258.550000000001,69.96,BUDA
11259.050000000001,73.55,BUDA
11259.550000000001,72.41,BUDA
11260.050000000001,64.76,BUDA
11260.550000000001,62.769999999999996,BUDA
11261.050000000001,68.65,BUDA
11261.550000000001,72.53,BUDA
11262.050000000001,68.08,BUDA
11262.550000000001,58.489999999999995,BUDA
11263.050000000001,54.55,BUDA
11263.550000000001,55.94,BUDA
11264.04,61.019999999999996,BUDA
11264.54,70.49,BUDA
11265.04,74.01,BUDA
11265.54,75.15,BUDA
11266.04,65.96,BUDA
11266.54,59.790000000000006,BUDA
11267.04,59.379999999999995,BUDA
11267.54,59.72,BUDA
11268.04,61.620000000000005,BUDA
11268.54,58.94,BUDA
11269.04,61.0,BUDA
11269.54,65.28,BUDA
11270.04,70.81,BUDA
11270.54,69.72,BUDA
11271.04,63.849999999999994,BUDA
11271.54,56.31,BUDA
11272.04,53.879999999999995,BUDA
11272.54,58.730000000000004,BUDA
11273.03,61.81,BUDA
11273.53,60.67,BUDA
11274.03,56.05,BUDA
11274.53,50.75,BUDA
11275.03,50.209999999999994,BUDA
11275.53,49.129999999999995,BUDA
11276.03,49.239999999999995,BUDA
11276.53,50.040000000000006,BUDA
11277.03,53.980000000000004,BUDA
11277.53,59.45,BUDA
11278.03,67.79,BUDA
11278.53,72.58,BUDA
11279.03,69.96,BUDA
11279.53,61.25,BUDA
11280.03,52.290000000000006,BUDA
11280.53,52.459999999999994,BUDA
11281.03,58.59,BUDA
11281.53,61.56,BUDA
11282.02,60.14,BUDA
11282.52,52.879999999999995,BUDA
11283.02,47.69,BUDA
11283.52,45.849999999999994,BUDA
11284.02,45.459999999999994,BUDA
11284.52,47.510000000000005,BUDA
11285.02,46.84,BUDA
11285.52,48.84,BUDA
11286.02,47.870000000000005,BUDA
11286.52,48.67,BUDA
11287.02,47.06999999999999,BUDA
11287.52,47.3,BUDA
11288.02,47.17,BUDA
11288.52,46.540000000000006,BUDA
11289.02,49.230000000000004,BUDA
11289.52,51.41,BUDA
11290.02,52.42999999999999,BUDA
11290.51,51.459999999999994,BUDA
11291.01,50.78,BUDA
11291.51,50.900000000000006,BUDA
11292.01,50.230000000000004,BUDA
11292.51,51.650000000000006,BUDA
11293.01,54.56999999999999,BUDA
11293.51,55.8,BUDA
11294.01,57.78,BUDA
11294.51,59.42999999999999,BUDA
11295.01,62.290000000000006,BUDA
11295.51,59.849999999999994,BUDA
11296.01,55.06,BUDA
11296.51,52.45,BUDA
11297.01,53.25,BUDA
11297.51,55.129999999999995,BUDA
11298.01,53.629999999999995,BUDA
11298.5,51.17999999999999,BUDA
11299.0,48.08,BUDA
11299.5,45.97,BUDA
11300.0,45.97,BUDA
11300.5,47.72,BUDA
11301.0,50.459999999999994,BUDA
11301.5,50.58,BUDA
11302.0,50.269999999999996,BUDA
11302.5,52.269999999999996,BUDA
11303.0,57.0,BUDA
11303.5,59.44,BUDA
11304.0,58.06999999999999,BUDA
11304.5,55.31999999999999,BUDA
11305.0,52.61,BUDA
11305.5,51.17999999999999,BUDA
11306.0,53.92,BUDA
11306.5,58.879999999999995,BUDA
11306.990000000002,58.959999999999994,BUDA
11307.490000000002,55.53,BUDA
11307.990000000002,50.97,BUDA
11308.490000000002,51.58,BUDA
11308.990000000002,50.95,BUDA
11309.490000000002,51.41,BUDA
11309.990000000002,51.17999999999999,BUDA
11310.490000000002,52.31999999999999,BUDA
11310.990000000002,52.599999999999994,BUDA
11311.490000000002,52.95,BUDA
11311.990000000002,54.040000000000006,BUDA
11312.490000000002,59.459999999999994,BUDA
11312.990000000002,62.83,BUDA
11313.490000000002,62.36,BUDA
11313.990000000002,57.629999999999995,BUDA
11314.480000000001,55.120000000000005,BUDA
11314.980000000001,55.349999999999994,BUDA
11315.480000000001,55.06,BUDA
11315.980000000001,53.400000000000006,BUDA
11316.480000000001,51.980000000000004,BUDA
11316.980000000001,53.120000000000005,BUDA
11317.480000000001,56.91,BUDA
11317.980000000001,58.459999999999994,BUDA
11318.480000000001,57.78,BUDA
11318.980000000001,56.84,BUDA
11319.480000000001,54.72,BUDA
11319.980000000001,50.84,BUDA
11320.480000000001,46.400000000000006,BUDA
11320.980000000001,45.59,BUDA
11321.480000000001,47.47,BUDA
11321.980000000001,48.72,BUDA
11322.470000000001,52.459999999999994,BUDA
11322.970000000001,55.269999999999996,BUDA
11323.470000000001,58.47,BUDA
11323.970000000001,59.3,BUDA
11324.470000000001,59.34,BUDA
11324.970000000001,59.56999999999999,BUDA
11325.470000000001,59.8,BUDA
11325.970000000001,61.519999999999996,BUDA
11326.470000000001,59.64,BUDA
11326.970000000001,57.480000000000004,BUDA
11327.470000000001,57.3,BUDA
11327.970000000001,62.269999999999996,BUDA
11328.470000000001,66.92999999999999,BUDA
11328.970000000001,70.52,BUDA
11329.470000000001,73.42999999999999,BUDA
11329.960000000001,73.96,BUDA
11330.460000000001,75.35,BUDA
11330.960000000001,76.21000000000001,BUDA
11331.460000000001,75.23,BUDA
11331.960000000001,71.03,BUDA
11332.460000000001,66.07,BUDA
11332.960000000001,66.17999999999999,BUDA
11333.460000000001,67.72,BUDA
11333.960000000001,67.5,BUDA
11334.460000000001,65.56,BUDA
11334.960000000001,66.72,BUDA
11335.460000000001,73.29,BUDA
11335.960000000001,77.74000000000001,BUDA
11336.460000000001,80.63000000000001,BUDA
11336.95,74.46,BUDA
11337.45,78.34,BUDA
11337.95,79.98,BUDA
11338.45,89.0,BUDA
11338.95,98.14,BUDA
11339.45,132.17,BUDA
11339.95,153.73,BUDA
11340.45,155.76999999999998,BUDA
11340.95,131.07999999999998,BUDA
11341.45,111.51,BUDA
11341.95,116.56,BUDA
11342.45,122.2,BUDA
11342.95,127.73,BUDA
11343.45,110.64,BUDA
11343.95,91.07000000000001,BUDA
11344.44,75.33,BUDA
11344.94,67.69,BUDA
11345.44,68.2,BUDA
11345.94,72.4,BUDA
11346.44,77.25,BUDA
11346.94,79.08,BUDA
11347.44,80.35000000000001,BUDA
11347.94,81.4,BUDA
11348.44,89.10000000000001,BUDA
11348.94,101.2,BUDA
11349.44,109.98,BUDA
11349.94,112.21000000000001,BUDA
11350.44,108.56,BUDA
11350.94,107.46000000000001,BUDA
