MD,X,Y,Z,ANCC,ASTNU,ASTNL,EGFDU,EGFDL,BUDA,TVT,GR,TVT_input
11154.0,3021658.93,1119258.18,-8939.09,-9465.93,-9625.49,-9699.13,-9828.92,-9873.45,-9996.56,11229.55,,11229.55
11155.0,3021658.91,1119258.18,-8940.09,-9465.93,-9625.49,-9699.13,-9828.92,-9873.45,-9996.56,11230.55,105.37918085184992,11230.55
11156.0,3021658.89,1119258.18,-8941.09,-9465.93,-9625.49,-9699.13,-9828.92,-9873.45,-9996.56,11231.55,114.82286567774506,11231.55
11157.0,3021658.86,1119258.18,-8942.09,-9465.93,-9625.49,-9699.13,-9828.92,-9873.45,-9996.56,11232.55,112.14513474111432,11232.55
11158.0,3021658.84,1119258.18,-8943.09,-9465.93,-9625.49,-9699.13,-9828.92,-9873.45,-9996.56,11233.55,102.7014499152192,11233.55
11159.0,3021658.82,1119258.18,-8944.09,-9465.93,-9625.49,-9699.13,-9828.92,-9873.45,-9996.56,11234.55,,11234.55
11160.0,3021658.8,1119258.18,-8945.09,-9465.93,-9625.49,-9699.13,-9828.92,-9873.45,-9996.56,11235.55,,11235.55
11161.0,3021658.78,1119258.18,-8946.09,-9465.93,-9625.49,-9699.13,-9828.92,-9873.45,-9996.56,11236.55,105.43427819622502,11236.55
11162.0,3021658.76,1119258.18,-8947.09,-9465.93,-9625.49,-9699.13,-9828.92,-9873.45,-9996.56,11237.55,104.90534369022387,11237.55
11163.0,3021658.74,1119258.19,-8948.09,-9465.93,-9625.49,-9699.13,-9828.92,-9873.45,-9996.56,11238.55,,11238.55
11164.0,3021658.72,1119258.19,-8949.09,-9465.93,-9625.49,-9699.13,-9828.92,-9873.45,-9996.56,11239.55,115.60524796787172,11239.55
11165.0,3021658.7,1119258.19,-8950.09,-9465.93,-9625.49,-9699.13,-9828.92,-9873.45,-9996.56,11240.55,115.06529399299556,11240.55
11166.0,3021658.68,1119258.19,-8951.09,-9465.93,-9625.49,-9699.13,-9828.92,-9873.45,-9996.56,11241.55,107.1092374652286,11241.55
11167.0,3021658.66,1119258.19,-8952.09,-9465.93,-9625.49,-9699.13,-9828.92,-9873.45,-9996.56,11242.55,107.88060028648025,11242.55
11168.0,3021658.63,1119258.19,-8953.09,-9465.93,-9625.49,-9699.13,-9828.92,-9873.45,-9996.56,11243.55,,11243.55
11169.0,3021658.61,1119258.19,-8954.09,-9465.93,-9625.49,-9699.13,-9828.92,-9873.45,-9996.56,11244.55,,11244.55
11170.0,3021658.59,1119258.19,-8955.09,-9465.93,-9625.49,-9699.13,-9828.92,-9873.45,-9996.56,11245.55,115.37383912149625,11245.55
11171.0,3021658.57,1119258.19,-8956.09,-9465.93,-9625.49,-9699.13,-9828.92,-9873.45,-9996.56,11246.55,113.83111347899292,11246.55
11172.0,3021658.55,1119258.19,-8957.09,-9465.93,-9625.49,-9699.13,-9828.92,-9873.45,-9996.56,11247.55,113.2030037531166,11247.55
11173.0,3021658.53,1119258.19,-8958.09,-9465.93,-9625.49,-9699.13,-9828.92,-9873.45,-9996.56,11248.55,112.91649756236598,11248.55
11174.0,3021658.51,1119258.19,-8959.09,-9465.93,-9625.49,-9699.13,-9828.92,-9873.45,-9996.56,11249.55,121.42352753388413,11249.55
11175.0,3021658.49,1119258.2,-8960.09,-9465.93,-9625.49,-9699.13,-9828.92,-9873.45,-9996.56,11250.55,,11250.55
11176.0,3021658.47,1119258.2,-8961.09,-9465.93,-9625.49,-9699.13,-9828.92,-9873.45,-9996.56,11251.55,134.1950919600364,11251.55
11177.0,3021658.45,1119258.2,-8962.09,-9465.93,-9625.49,-9699.13,-9828.92,-9873.45,-9996.56,11252.55,151.8703200355741,11252.55
11178.0,3021658.42,1119258.2,-8963.09,-9465.93,-9625.49,-9699.13,-9828.92,-9873.45,-9996.56,11253.55,194.89032652366592,11253.55
11179.0,3021658.4,1119258.2,-8964.09,-9465.93,-9625.49,-9699.13,-9828.92,-9873.45,-9996.56,11254.54,190.6147726001568,11254.54
11180.0,3021658.38,1119258.2,-8965.09,-9465.93,-9625.49,-9699.13,-9828.92,-9873.45,-9996.56,11255.54,102.9989755748448,11255.54
11181.0,3021658.36,1119258.2,-8966.09,-9465.93,-9625.49,-9699.13,-9828.92,-9873.45,-9996.56,11256.54,95.73714558620432,11256.54
11182.0,3021658.34,1119258.2,-8967.09,-9465.93,-9625.49,-9699.13,-9828.92,-9873.45,-9996.56,11257.54,103.59402689409607,11257.54
11183.0,3021658.32,1119258.2,-8968.09,-9465.93,-9625.49,-9699.13,-9828.92,-9873.45,-9996.56,11258.54,97.96307829895908,11258.54
11184.0,3021658.3,1119258.2,-8969.09,-9465.93,-9625.49,-9699.13,-9828.92,-9873.45,-9996.56,11259.54,96.08976859020508,11259.54
11185.0,3021658.28,1119258.2,-8970.09,-9465.93,-9625.49,-9699.13,-9828.92,-9873.45,-9996.56,11260.54,103.58300742522106,11260.54
11186.0,3021658.26,1119258.2,-8971.09,-9465.93,-9625.49,-9699.13,-9828.92,-9873.45,-9996.56,11261.54,103.7813578649715,11261.54
11187.0,3021658.24,1119258.2,-8972.09,-9465.93,-9625.49,-9699.13,-9828.92,-9873.45,-9996.56,11262.54,102.7014499152192,11262.54
11188.0,3021658.22,1119258.2,-8973.09,-9465.93,-9625.49,-9699.13,-9828.92,-9873.45,-9996.56,11263.54,101.00445170846557,11263.54
11189.0,3021658.19,1119258.21,-8974.09,-9465.93,-9625.49,-9699.13,-9828.92,-9873.45,-9996.56,11264.54,102.8006251350944,11264.54
11190.0,3021658.17,1119258.21,-8975.09,-9465.93,-9625.49,-9699.13,-9828.92,-9873.45,-9996.56,11265.54,107.1092374652286,11265.54
11191.0,3021658.15,1119258.21,-8976.09,-9465.93,-9625.49,-9699.13,-9828.92,-9873.45,-9996.56,11266.54,102.7014499152192,11266.54
11192.0,3021658.13,1119258.21,-8977.09,-9465.93,-9625.49,-9699.13,-9828.92,-9873.45,-9996.56,11267.54,,11267.54
11193.0,3021658.11,1119258.21,-8978.09,-9465.93,-9625.49,-9699.13,-9828.92,-9873.45,-9996.56,11268.54,105.51141447835018,11268.54
11194.0,3021658.09,1119258.21,-8979.09,-9465.93,-9625.49,-9699.13,-9828.92,-9873.45,-9996.56,11269.54,110.41507812773564,11269.54
11195.0,3021658.07,1119258.21,-8980.08,-9465.93,-9625.49,-9699.13,-9828.92,-9873.45,-9996.56,11270.54,108.38749585473133,11270.54
11196.0,3021658.05,1119258.21,-8981.08,-9465.93,-9625.49,-9699.13,-9828.92,-9873.45,-9996.56,11271.54,107.71530825335488,11271.54
11197.0,3021658.03,1119258.21,-8982.08,-9465.93,-9625.49,-9699.13,-9828.92,-9873.45,-9996.56,11272.54,110.41507812773564,11272.54
11198.0,3021658.01,1119258.21,-8983.08,-9465.93,-9625.49,-9699.13,-9828.92,-9873.45,-9996.56,11273.54,105.45631713397506,11273.54
11199.0,3021657.99,1119258.21,-8984.08,-9465.93,-9625.49,-9699.13,-9828.92,-9873.45,-9996.56,11274.54,102.7014499152192,11274.54
11200.0,3021657.96,1119258.21,-8985.08,-9465.93,-9625.49,-9699.13,-9828.92,-9873.45,-9996.56,11275.54,107.1092374652286,11275.54
11201.0,3021657.94,1119258.21,-8986.08,-9465.93,-9625.49,-9699.13,-9828.92,-9873.45,-9996.56,11276.54,101.62154196546688,11276.54
11202.0,3021657.92,1119258.21,-8987.08,-9465.93,-9625.49,-9699.13,-9828.92,-9873.45,-9996.56,11277.54,98.29366236520976,11277.54
11203.0,3021657.9,1119258.21,-8988.08,-9465.93,-9625.49,-9699.13,-9828.92,-9873.45,-9996.56,11278.54,99.2854145639619,11278.54
11204.0,3021657.88,1119258.21,-8989.08,-9465.93,-9625.49,-9699.13,-9828.92,-9873.45,-9996.56,11279.54,102.7014499152192,11279.54
11205.0,3021657.86,1119258.21,-8990.08,-9465.93,-9625.49,-9699.13,-9828.92,-9873.45,-9996.56,11280.54,,11280.54
11206.0,3021657.84,1119258.22,-8991.08,-9465.93,-9625.49,-9699.13,-9828.92,-9873.45,-9996.56,11281.54,,11281.54
11207.0,3021657.82,1119258.22,-8992.08,-9465.93,-9625.49,-9699.13,-9828.92,-9873.45,-9996.56,11282.54,,11282.54
11208.0,3021657.8,1119258.22,-8993.08,-9465.93,-9625.49,-9699.13,-9828.92,-9873.45,-9996.56,11283.54,,11283.54
11209.0,3021657.78,1119258.22,-8994.08,-9465.93,-9625.49,-9699.13,-9828.92,-9873.45,-9996.56,11284.54,104.90534369022387,11284.54
11210.0,3021657.76,1119258.22,-8995.08,-9465.93,-9625.49,-9699.13,-9828.92,-9873.45,-9996.56,11285.54,107.1092374652286,11285.54
11211.0,3021657.73,1119258.22,-8996.08,-9465.93,-9625.49,-9699.13,-9828.92,-9873.45,-9996.56,11286.54,,11286.54
11212.0,3021657.71,1119258.22,-8997.08,-9465.93,-9625.49,-9699.13,-9828.92,-9873.45,-9996.56,11287.54,112.61897190274034,11287.54
11213.0,3021657.69,1119258.22,-8998.08,-9465.93,-9625.49,-9699.13,-9828.92,-9873.45,-9996.56,11288.54,,11288.54
11214.0,3021657.67,1119258.22,-8999.08,-9465.93,-9625.49,-9699.13,-9828.92,-9873.45,-9996.56,11289.54,,11289.54
11215.0,3021657.65,1119258.22,-9000.08,-9465.93,-9625.49,-9699.13,-9828.92,-9873.45,-9996.56,11290.54,104.86126581472378,11290.54
11216.0,3021657.63,1119258.22,-9001.08,-9465.93,-9625.49,-9699.13,-9828.92,-9873.45,-9996.56,11291.54,103.1312092013451,11291.54
11217.0,3021657.61,1119258.22,-9002.08,-9465.93,-9625.49,-9699.13,-9828.92,-9873.45,-9996.56,11292.54,104.90534369022387,11292.54
11218.0,3021657.59,1119258.22,-9003.08,-9465.93,-9625.49,-9699.13,-9828.92,-9873.45,-9996.56,11293.54,108.23322329048098,11293.54
11219.0,3021657.57,1119258.22,-9004.08,-9465.93,-9625.49,-9699.13,-9828.92,-9873.45,-9996.56,11294.54,110.41507812773564,11294.54
11220.0,3021657.55,1119258.22,-9005.08,-9465.93,-9625.49,-9699.13,-9828.92,-9873.45,-9996.56,11295.54,105.76486226247572,11295.54
11221.0,3021657.52,1119258.22,-9006.08,-9465.93,-9625.49,-9699.13,-9828.92,-9873.45,-9996.56,11296.54,100.49755614021448,11296.54
11222.0,3021657.5,1119258.22,-9007.08,-9465.93,-9625.49,-9699.13,-9828.92,-9873.45,-9996.56,11297.54,,11297.54
11223.0,3021657.48,1119258.22,-9008.08,-9465.93,-9625.49,-9699.13,-9828.92,-9873.45,-9996.56,11298.54,,11298.54
11224.0,3021657.46,1119258.22,-9009.08,-9465.93,-9625.49,-9699.13,-9828.92,-9873.45,-9996.56,11299.54,,11299.54
11225.0,3021657.44,1119258.22,-9010.08,-9465.93,-9625.49,-9699.13,-9828.92,-9873.45,-9996.56,11300.54,,11300.54
11226.0,3021657.42,1119258.22,-9011.08,-9465.93,-9625.49,-9699.13,-9828.92,-9873.45,-9996.56,11301.54,106.67947817910267,11301.54
11227.0,3021657.4,1119258.22,-9012.08,-9465.93,-9625.49,-9699.13,-9828.92,-9873.45,-9996.56,11302.54,104.90534369022387,11302.54
11228.0,3021657.38,1119258.22,-9013.08,-9465.93,-9625.49,-9699.13,-9828.92,-9873.45,-9996.56,11303.54,,11303.54
11229.0,3021657.36,1119258.22,-9014.08,-9465.93,-9625.49,-9699.13,-9828.92,-9873.45,-9996.56,11304.54,109.40128699123348,11304.54
11230.0,3021657.34,1119258.22,-9015.08,-9465.83,-9625.39,-9699.03,-9828.82,-9873.35,-9996.46,11305.64,108.707060452107,11305.64
11231.0,3021657.32,1119258.22,-9016.08,-9465.65,-9625.21,-9698.85,-9828.64,-9873.17,-9996.28,11306.81,102.7014499152192,11306.81
11232.0,3021657.29,1119258.22,-9017.08,-9465.47,-9625.03,-9698.67,-9828.47,-9872.99,-9996.1,11307.990000000002,,11307.990000000002
11233.0,3021657.27,1119258.22,-9018.08,-9465.3,-9624.86,-9698.49,-9828.29,-9872.81,-9995.93,11309.17,100.69590657996493,11309.17
11234.0,3021657.25,1119258.22,-9019.08,-9465.12,-9624.68,-9698.32,-9828.11,-9872.64,-9995.75,11310.34,98.29366236520976,11310.34
11235.0,3021657.23,1119258.22,-9020.08,-9464.94,-9624.5,-9698.14,-9827.93,-9872.46,-9995.57,11311.52,100.49755614021448,11311.52
11236.0,3021657.21,1119258.22,-9021.08,-9464.77,-9624.32,-9697.96,-9827.76,-9872.28,-9995.4,11312.7,,11312.7
11237.0,3021657.19,1119258.22,-9022.08,-9464.59,-9624.15,-9697.79,-9827.58,-9872.11,-9995.22,11313.87,102.34882691121844,11313.87
11238.0,3021657.17,1119258.22,-9023.08,-9464.41,-9623.97,-9697.61,-9827.4,-9871.93,-9995.04,11315.05,102.2386322224682,11315.05
11239.0,3021657.15,1119258.22,-9024.08,-9464.24,-9623.79,-9697.43,-9827.23,-9871.75,-9994.87,11316.23,100.49755614021448,11316.23
11240.0,3021657.13,1119258.23,-9025.08,-9464.06,-9623.62,-9697.26,-9827.05,-9871.58,-9994.69,11317.4,108.26628169710604,11317.4
11241.0,3021657.11,1119258.23,-9026.07,-9463.88,-9623.44,-9697.08,-9826.87,-9871.4,-9994.51,11318.58,109.29109230248324,11318.58
11242.0,3021657.09,1119258.23,-9027.07,-9463.7,-9623.26,-9696.9,-9826.69,-9871.22,-9994.33,11319.76,104.90534369022387,11319.76
11243.0,3021657.06,1119258.23,-9028.07,-9463.52,-9623.08,-9696.72,-9826.51,-9871.04,-9994.15,11320.94,108.72909938985704,11320.94
11244.0,3021657.04,1119258.23,-9029.07,-9463.34,-9622.9,-9696.54,-9826.34,-9870.86,-9993.97,11322.12,110.41507812773564,11322.12
11245.0,3021657.02,1119258.23,-9030.07,-9463.17,-9622.72,-9696.36,-9826.16,-9870.68,-9993.8,11323.3,,11323.3
11246.0,3021657.0,1119258.23,-9031.07,-9462.99,-9622.54,-9696.18,-9825.98,-9870.5,-9993.62,11324.48,93.88587481520037,11324.48
11247.0,3021656.98,1119258.23,-9032.07,-9462.81,-9622.37,-9696.0,-9825.8,-9870.32,-9993.44,11325.65,102.24965169134322,11325.65
11248.0,3021656.96,1119258.23,-9033.07,-9462.63,-9622.19,-9695.83,-9825.62,-9870.15,-9993.26,11326.83,106.21666048635169,11326.83
11249.0,3021656.94,1119258.23,-9034.07,-9462.45,-9622.01,-9695.65,-9825.44,-9869.97,-9993.08,11328.01,102.7014499152192,11328.01
11250.0,3021656.92,1119258.23,-9035.07,-9462.27,-9621.83,-9695.47,-9825.26,-9869.79,-9992.9,11329.19,104.486603872973,11329.19
11251.0,3021656.89,1119258.23,-9036.07,-9462.09,-9621.65,-9695.29,-9825.08,-9869.61,-9992.72,11330.37,104.90534369022387,11330.37
11252.0,3021656.87,1119258.23,-9037.07,-9461.91,-9621.46,-9695.1,-9824.9,-9869.42,-9992.54,11331.56,107.1092374652286,11331.56
11253.0,3021656.85,1119258.23,-9038.07,-9461.72,-9621.28,-9694.92,-9824.71,-9869.24,-9992.35,11332.740000000002,,11332.740000000002
11254.0,3021656.83,1119258.23,-9039.07,-9461.53,-9621.09,-9694.73,-9824.52,-9869.05,-9992.16,11333.93,105.26898616309964,11333.93
11255.0,3021656.81,1119258.23,-9040.07,-9461.35,-9620.9,-9694.54,-9824.34,-9868.86,-9991.98,11335.11,103.99072777359692,11335.11
11256.0,3021656.79,1119258.23,-9041.07,-9461.16,-9620.72,-9694.36,-9824.15,-9868.68,-9991.79,11336.3,100.49755614021448,11336.3
11257.0,3021656.76,1119258.23,-9042.07,-9460.97,-9620.53,-9694.17,-9823.96,-9868.49,-9991.6,11337.490000000002,100.01269950971344,11337.490000000002
11258.0,3021656.74,1119258.23,-9043.07,-9460.79,-9620.35,-9693.98,-9823.78,-9868.3,-9991.42,11338.67,96.59666415845616,11338.67
11259.0,3021656.72,1119258.23,-9044.07,-9460.6,-9620.16,-9693.8,-9823.59,-9868.12,-9991.23,11339.86,88.37614037768861,11339.86
11260.0,3021656.7,1119258.23,-9045.07,-9460.41,-9619.97,-9693.61,-9823.41,-9867.93,-9991.04,11341.04,90.58003415269332,11341.04
11261.0,3021656.67,1119258.23,-9046.07,-9460.23,-9619.79,-9693.42,-9823.22,-9867.74,-9990.86,11342.23,92.25499342169688,11342.23
11262.0,3021656.65,1119258.23,-9047.07,-9460.03,-9619.59,-9693.23,-9823.02,-9867.55,-9990.66,11343.42,98.29366236520976,11343.42
11263.0,3021656.63,1119258.23,-9048.07,-9459.84,-9619.4,-9693.04,-9822.83,-9867.36,-9990.47,11344.62,90.1943527420675,11344.62
11264.0,3021656.61,1119258.23,-9049.07,-9459.64,-9619.2,-9692.84,-9822.64,-9867.16,-9990.28,11345.81,88.37614037768861,11345.81
11265.0,3021656.58,1119258.23,-9050.07,-9459.45,-9619.01,-9692.65,-9822.44,-9866.97,-9990.08,11347.01,,11347.01
11266.0,3021656.56,1119258.23,-9051.07,-9459.26,-9618.81,-9692.45,-9822.25,-9866.77,-9989.89,11348.2,90.58003415269332,11348.2
11267.0,3021656.54,1119258.23,-9052.07,-9459.06,-9618.62,-9692.26,-9822.05,-9866.58,-9989.69,11349.39,88.37614037768861,11349.39
11268.0,3021656.51,1119258.23,-9053.07,-9458.87,-9618.43,-9692.07,-9821.86,-9866.38,-9989.5,11350.59,90.58003415269332,11350.59
11269.0,3021656.49,1119258.23,-9054.07,-9458.67,-9618.23,-9691.87,-9821.66,-9866.19,-9989.3,11351.78,,11351.78
11270.0,3021656.47,1119258.23,-9055.07,-9458.48,-9618.04,-9691.68,-9821.47,-9866.0,-9989.11,11352.98,81.7644590526745,11352.98
11271.0,3021656.44,1119258.23,-9056.07,-9458.29,-9617.84,-9691.48,-9821.28,-9865.8,-9988.92,11354.17,87.25215455243621,11354.17
11272.0,3021656.42,1119258.23,-9057.07,-9458.08,-9617.64,-9691.28,-9821.07,-9865.6,-9988.71,11355.37,90.58003415269332,11355.37
11273.0,3021656.4,1119258.23,-9058.07,-9457.88,-9617.44,-9691.08,-9820.87,-9865.4,-9988.51,11356.570000000002,,11356.570000000002
11274.0,3021656.37,1119258.23,-9059.07,-9457.68,-9617.24,-9690.88,-9820.67,-9865.2,-9988.31,11357.78,89.80867133144166,11357.78
11275.0,3021656.35,1119258.23,-9060.07,-9457.48,-9617.04,-9690.67,-9820.47,-9864.99,-9988.11,11358.98,,11358.98
11276.0,3021656.33,1119258.23,-9061.07,-9457.27,-9616.83,-9690.47,-9820.27,-9864.79,-9987.91,11360.18,86.17224660268391,11360.18
11277.0,3021656.3,1119258.23,-9062.07,-9457.07,-9616.63,-9690.27,-9820.06,-9864.59,-9987.7,11361.38,83.9683528276792,11361.38
11278.0,3021656.28,1119258.23,-9063.07,-9456.87,-9616.43,-9690.07,-9819.86,-9864.39,-9987.5,11362.58,86.4036554490594,11362.58
11279.0,3021656.25,1119258.23,-9064.07,-9456.67,-9616.23,-9689.87,-9819.66,-9864.19,-9987.3,11363.78,88.37614037768861,11363.78
11280.0,3021656.23,1119258.23,-9065.07,-9456.47,-9616.02,-9689.66,-9819.46,-9863.98,-9987.1,11364.990000000002,89.68745717381641,11364.990000000002
11281.0,3021656.21,1119258.23,-9066.06,-9456.26,-9615.82,-9689.46,-9819.26,-9863.78,-9986.89,11366.19,90.58003415269332,11366.19
11282.0,3021656.18,1119258.23,-9067.06,-9456.05,-9615.61,-9689.25,-9819.05,-9863.57,-9986.68,11367.4,83.9683528276792,11367.4
11283.0,3021656.16,1119258.23,-9068.06,-9455.84,-9615.4,-9689.04,-9818.84,-9863.36,-9986.47,11368.61,86.87749261068541,11368.61
11284.0,3021656.13,1119258.23,-9069.06,-9455.63,-9615.19,-9688.83,-9818.63,-9863.15,-9986.26,11369.820000000002,90.1502748665674,11369.820000000002
11285.0,3021656.11,1119258.23,-9070.06,-9455.42,-9614.98,-9688.62,-9818.42,-9862.94,-9986.05,11371.03,88.37614037768861,11371.03
11286.0,3021656.08,1119258.23,-9071.06,-9455.21,-9614.77,-9688.41,-9818.21,-9862.73,-9985.84,11372.240000000002,88.70672444393931,11372.240000000002
11287.0,3021656.06,1119258.23,-9072.06,-9455.0,-9614.56,-9688.2,-9818.0,-9862.52,-9985.64,11373.45,90.58003415269332,11373.45
11288.0,3021656.03,1119258.23,-9073.06,-9454.79,-9614.35,-9687.99,-9817.79,-9862.31,-9985.43,11374.66,93.12553146282374,11374.66
11289.0,3021656.01,1119258.23,-9074.06,-9454.58,-9614.14,-9687.78,-9817.58,-9862.1,-9985.22,11375.87,90.02906070894214,11375.87
11290.0,3021655.98,1119258.23,-9075.06,-9454.37,-9613.93,-9687.57,-9817.37,-9861.89,-9985.01,11377.08,88.31002356443847,11377.08
11291.0,3021655.96,1119258.23,-9076.06,-9454.16,-9613.72,-9687.36,-9817.16,-9861.68,-9984.8,11378.28,84.7617545866809,11378.28
11292.0,3021655.93,1119258.24,-9077.06,-9453.95,-9613.51,-9687.14,-9816.94,-9861.46,-9984.58,11379.5,87.65987490081207,11379.5
11293.0,3021655.91,1119258.24,-9078.06,-9453.73,-9613.29,-9686.93,-9816.72,-9861.25,-9984.36,11380.72,85.95185722518343,11380.72
11294.0,3021655.88,1119258.24,-9079.06,-9453.51,-9613.07,-9686.71,-9816.5,-9861.03,-9984.14,11381.94,87.58273861868692,11381.94
11295.0,3021655.85,1119258.24,-9080.06,-9453.29,-9612.85,-9686.49,-9816.29,-9860.81,-9983.92,11383.15,106.04034898435133,11383.15
11296.0,3021655.83,1119258.24,-9081.06,-9453.08,-9612.63,-9686.27,-9816.07,-9860.59,-9983.71,11384.37,104.75107112597355,11384.37
11297.0,3021655.8,1119258.24,-9082.06,-9452.86,-9612.42,-9686.06,-9815.85,-9860.38,-9983.49,11385.59,109.48944274223366,11385.59
11298.0,3021655.78,1119258.24,-9083.06,-9452.64,-9612.2,-9685.84,-9815.63,-9860.16,-9983.27,11386.81,93.22470668269897,11386.81
11299.0,3021655.75,1119258.24,-9084.06,-9452.42,-9611.98,-9685.62,-9815.41,-9859.94,-9983.05,11388.02,95.04291904707785,11388.02
11300.0,3021655.73,1119258.24,-9085.06,-9452.21,-9611.76,-9685.4,-9815.2,-9859.72,-9982.84,11389.240000000002,93.88587481520037,11389.240000000002
11301.0,3021655.7,1119258.24,-9086.06,-9451.99,-9611.55,-9685.18,-9814.98,-9859.5,-9982.62,11390.46,95.3955420510786,11390.46
11302.0,3021655.67,1119258.24,-9087.06,-9451.76,-9611.32,-9684.96,-9814.75,-9859.28,-9982.39,11391.68,95.34044470670348,11391.68
11303.0,3021655.65,1119258.24,-9088.06,-9451.54,-9611.09,-9684.73,-9814.53,-9859.05,-9982.17,11392.91,95.06495798482788,11392.91
11304.0,3021655.62,1119258.24,-9089.06,-9451.31,-9610.87,-9684.51,-9814.3,-9858.83,-9981.94,11394.13,92.66271377007276,11394.13
11305.0,3021655.59,1119258.24,-9090.06,-9451.09,-9610.64,-9684.28,-9814.08,-9858.6,-9981.72,11395.36,93.78669959532516,11395.36
11306.0,3021655.57,1119258.24,-9091.06,-9450.86,-9610.42,-9684.06,-9813.85,-9858.38,-9981.49,11396.59,92.94921996082336,11396.59
11307.0,3021655.54,1119258.24,-9092.06,-9450.63,-9610.19,-9683.83,-9813.63,-9858.15,-9981.26,11397.81,98.15040926983448,11397.81
11308.0,3021655.51,1119258.24,-9093.06,-9450.41,-9609.97,-9683.61,-9813.4,-9857.93,-9981.04,11399.04,93.35694030919925,11399.04
11309.0,3021655.49,1119258.24,-9094.06,-9450.18,-9609.74,-9683.38,-9813.17,-9857.7,-9980.81,11400.26,102.08435965821786,11400.26
11310.0,3021655.46,1119258.24,-9095.06,-9449.96,-9609.52,-9683.15,-9812.95,-9857.47,-9980.59,11401.490000000002,99.7041543812128,11401.490000000002
11311.0,3021655.43,1119258.24,-9096.05,-9449.73,-9609.29,-9682.93,-9812.72,-9857.25,-9980.36,11402.71,103.37363751659562,11402.71
11312.0,3021655.41,1119258.24,-9097.05,-9449.5,-9609.06,-9682.7,-9812.49,-9857.01,-9980.13,11403.94,90.40372265069294,11403.94
11313.0,3021655.38,1119258.24,-9098.05,-9449.26,-9608.82,-9682.46,-9812.26,-9856.78,-9979.89,11405.18,92.60761642569764,11405.18
11314.0,3021655.35,1119258.24,-9099.05,-9449.03,-9608.59,-9682.23,-9812.02,-9856.55,-9979.66,11406.41,89.96294389569199,11406.41
11315.0,3021655.32,1119258.24,-9100.05,-9448.8,-9608.36,-9681.99,-9811.79,-9856.31,-9979.43,11407.64,99.0980835930865,11407.64
11316.0,3021655.3,1119258.24,-9101.05,-9448.56,-9608.12,-9681.76,-9811.56,-9856.08,-9979.19,11408.88,92.82800580319812,11408.88
11317.0,3021655.27,1119258.25,-9102.05,-9448.33,-9607.89,-9681.53,-9811.32,-9855.85,-9978.96,11410.11,,11410.11
11318.0,3021655.24,1119258.25,-9103.05,-9448.1,-9607.66,-9681.29,-9811.09,-9855.61,-9978.73,11411.34,90.56901468381828,11411.34
11319.0,3021655.21,1119258.25,-9104.05,-9447.86,-9607.42,-9681.06,-9810.86,-9855.38,-9978.49,11412.58,91.63790316469556,11412.58
11320.0,3021655.18,1119258.25,-9105.05,-9447.63,-9607.19,-9680.83,-9810.62,-9855.15,-9978.26,11413.81,90.77838459244374,11413.81
11321.0,3021655.16,1119258.25,-9106.05,-9447.4,-9606.96,-9680.59,-9810.39,-9854.91,-9978.03,11415.04,88.81691913268956,11415.04
11322.0,3021655.13,1119258.25,-9107.05,-9447.16,-9606.72,-9680.36,-9810.15,-9854.68,-9977.79,11416.28,91.20814387856964,11416.28
11323.0,3021655.1,1119258.25,-9108.05,-9446.92,-9606.48,-9680.12,-9809.91,-9854.44,-9977.55,11417.52,92.04562351307143,11417.52
11324.0,3021655.07,1119258.25,-9109.05,-9446.68,-9606.24,-9679.88,-9809.67,-9854.2,-9977.31,11418.76,89.91886602019191,11418.76
11325.0,3021655.04,1119258.25,-9110.05,-9446.44,-9606.0,-9679.64,-9809.43,-9853.96,-9977.07,11420.0,98.21652608308462,11420.0
11326.0,3021655.01,1119258.25,-9111.05,-9446.2,-9605.76,-9679.4,-9809.19,-9853.72,-9976.83,11421.240000000002,111.53906395298804,11421.240000000002
11327.0,3021654.99,1119258.25,-9112.05,-9446.09,-9605.64,-9679.28,-9809.08,-9853.6,-9976.72,11422.35,112.39858252523987,11422.35
11328.0,3021654.96,1119258.25,-9113.05,-9446.09,-9605.64,-9679.28,-9809.08,-9853.6,-9976.72,11423.35,112.0790179278642,11423.35
11329.0,3021654.93,1119258.25,-9114.05,-9446.09,-9605.64,-9679.28,-9809.08,-9853.6,-9976.72,11424.35,105.8530180134759,11424.35
11330.0,3021654.9,1119258.25,-9115.05,-9446.09,-9605.65,-9679.28,-9809.08,-9853.6,-9976.72,11425.35,110.42609759661067,11425.35
11331.0,3021654.87,1119258.25,-9116.05,-9446.09,-9605.65,-9679.28,-9809.08,-9853.6,-9976.72,11426.35,115.57218956124666,11426.35
11332.0,3021654.84,1119258.25,-9117.05,-9446.09,-9605.65,-9679.28,-9809.08,-9853.6,-9976.72,11427.35,115.24160549499594,11427.35
11333.0,3021654.81,1119258.25,-9118.05,-9446.09,-9605.65,-9679.28,-9809.08,-9853.6,-9976.72,11428.35,110.3930391899856,11428.35
11334.0,3021654.78,1119258.25,-9119.05,-9446.09,-9605.65,-9679.28,-9809.08,-9853.6,-9976.72,11429.35,110.27182503236034,11429.35
11335.0,3021654.75,1119258.25,-9120.05,-9446.09,-9605.65,-9679.29,-9809.08,-9853.61,-9976.72,11430.35,109.03764451835772,11430.35
11336.0,3021654.72,1119258.26,-9121.04,-9446.09,-9605.65,-9679.29,-9809.08,-9853.61,-9976.72,11431.34,114.06252232536843,11431.34
11337.0,3021654.7,1119258.26,-9122.04,-9446.09,-9605.65,-9679.29,-9809.08,-9853.61,-9976.72,11432.34,110.1616303436101,11432.34
11338.0,3021654.67,1119258.26,-9123.04,-9446.09,-9605.65,-9679.29,-9809.08,-9853.61,-9976.72,11433.34,114.19475595186871,11433.34
11339.0,3021654.64,1119258.26,-9124.04,-9446.09,-9605.65,-9679.29,-9809.08,-9853.61,-9976.72,11434.34,109.14783920710794,11434.34
11340.0,3021654.61,1119258.26,-9125.04,-9446.09,-9605.65,-9679.29,-9809.08,-9853.61,-9976.72,11435.34,105.41223925847495,11435.34
11341.0,3021654.58,1119258.26,-9126.04,-9446.09,-9605.65,-9679.29,-9809.08,-9853.61,-9976.72,11436.34,,11436.34
11342.0,3021654.55,1119258.26,-9127.04,-9446.09,-9605.64,-9679.28,-9809.08,-9853.6,-9976.72,11437.34,114.2829117028689,11437.34
11343.0,3021654.52,1119258.25,-9128.04,-9446.08,-9605.64,-9679.28,-9809.07,-9853.6,-9976.71,11438.35,127.38506019527186,11438.35
11344.0,3021654.49,1119258.25,-9129.04,-9446.08,-9605.64,-9679.28,-9809.07,-9853.6,-9976.71,11439.35,101.89702868734246,11439.35
11345.0,3021654.46,1119258.25,-9130.04,-9446.08,-9605.63,-9679.27,-9809.07,-9853.59,-9976.71,11440.35,100.02371897858846,11440.35
11346.0,3021654.43,1119258.24,-9131.04,-9446.07,-9605.63,-9679.27,-9809.06,-9853.59,-9976.7,11441.36,103.54994901859598,11441.36
11347.0,3021654.41,1119258.24,-9132.04,-9446.07,-9605.63,-9679.27,-9809.06,-9853.59,-9976.7,11442.36,110.32692237673544,11442.36
11348.0,3021654.38,1119258.23,-9133.04,-9446.07,-9605.62,-9679.26,-9809.06,-9853.58,-9976.7,11443.36,108.78419673423215,11443.36
11349.0,3021654.35,1119258.22,-9134.04,-9446.06,-9605.62,-9679.26,-9809.05,-9853.58,-9976.69,11444.37,119.36288685425474,11444.37
11350.0,3021654.33,1119258.21,-9135.04,-9446.06,-9605.62,-9679.26,-9809.05,-9853.58,-9976.69,11445.37,113.864171885618,11445.37
11351.0,3021654.3,1119258.2,-9136.04,-9446.06,-9605.61,-9679.25,-9809.05,-9853.57,-9976.69,11446.37,103.7372799894714,11446.37
11352.0,3021654.28,1119258.19,-9137.04,-9446.05,-9605.6,-9679.24,-9809.04,-9853.56,-9976.68,11447.38,102.04028178271776,11447.38
11353.0,3021654.25,1119258.18,-9138.04,-9446.04,-9605.59,-9679.23,-9809.03,-9853.55,-9976.67,11448.39,100.5526534845896,11448.39
11354.0,3021654.23,1119258.16,-9139.04,-9446.03,-9605.58,-9679.22,-9809.02,-9853.54,-9976.66,11449.4,106.15054367310154,11449.4
11355.0,3021654.2,1119258.15,-9140.04,-9446.02,-9605.57,-9679.21,-9809.01,-9853.53,-9976.65,11450.41,115.6493258433718,11450.41
11356.0,3021654.18,1119258.13,-9141.04,-9446.01,-9605.56,-9679.2,-9809.0,-9853.52,-9976.64,11451.42,112.56387455836524,11451.42
11357.0,3021654.16,1119258.12,-9142.04,-9446.0,-9605.55,-9679.19,-9808.99,-9853.51,-9976.63,11452.43,105.78690120022576,11452.43
11358.0,3021654.14,1119258.1,-9143.04,-9445.99,-9605.54,-9679.18,-9808.98,-9853.5,-9976.62,11453.44,107.41778259372924,11453.44
11359.0,3021654.11,1119258.08,-9144.04,-9445.98,-9605.54,-9679.17,-9808.97,-9853.49,-9976.61,11454.45,110.8558568827366,11454.45
11360.0,3021654.09,1119258.06,-9145.03,-9445.97,-9605.53,-9679.16,-9808.96,-9853.48,-9976.6,11455.46,110.69056484961123,11455.46
11361.0,3021654.07,1119258.04,-9146.03,-9445.96,-9605.52,-9679.15,-9808.95,-9853.47,-9976.59,11456.47,110.19468875023516,11456.47
11362.0,3021654.05,1119258.02,-9147.03,-9445.94,-9605.5,-9679.14,-9808.93,-9853.46,-9976.57,11457.48,107.18637374735374,11457.48
11363.0,3021654.03,1119258.0,-9148.03,-9445.92,-9605.48,-9679.12,-9808.92,-9853.44,-9976.56,11458.5,106.84477021222804,11458.5
11364.0,3021654.01,1119257.97,-9149.03,-9445.91,-9605.47,-9679.11,-9808.9,-9853.43,-9976.54,11459.51,101.5884835588418,11459.51
11365.0,3021653.99,1119257.95,-9150.03,-9445.89,-9605.45,-9679.09,-9808.88,-9853.41,-9976.52,11460.53,103.52791008084594,11460.53
11366.0,3021653.97,1119257.92,-9151.03,-9445.88,-9605.43,-9679.07,-9808.87,-9853.39,-9976.51,11461.54,105.13675253659936,11461.54
11367.0,3021653.95,1119257.9,-9152.03,-9445.86,-9605.42,-9679.06,-9808.85,-9853.38,-9976.49,11462.56,108.16710647723085,11462.56
11368.0,3021653.93,1119257.87,-9153.03,-9445.84,-9605.4,-9679.04,-9808.84,-9853.36,-9976.47,11463.570000000002,106.01831004660129,11463.570000000002
11369.0,3021653.91,1119257.84,-9154.03,-9445.83,-9605.39,-9679.02,-9808.82,-9853.34,-9976.46,11464.59,100.47551720246445,11464.59
11370.0,3021653.89,1119257.81,-9155.03,-9445.81,-9605.37,-9679.01,-9808.8,-9853.33,-9976.44,11465.61,104.43150652859786,11465.61
11371.0,3021653.88,1119257.78,-9156.03,-9445.8,-9605.35,-9678.99,-9808.79,-9853.31,-9976.43,11466.62,103.26344282784538,11466.62
11372.0,3021653.86,1119257.75,-9157.03,-9445.77,-9605.33,-9678.97,-9808.76,-9853.29,-9976.4,11467.64,,11467.64
11373.0,3021653.84,1119257.71,-9158.03,-9445.75,-9605.31,-9678.95,-9808.74,-9853.27,-9976.38,11468.67,96.39831371870574,11468.67
11374.0,3021653.83,1119257.68,-9159.03,-9445.73,-9605.29,-9678.93,-9808.72,-9853.25,-9976.36,11469.69,95.37350311332854,11469.69
11375.0,3021653.81,1119257.65,-9160.03,-9445.71,-9605.26,-9678.9,-9808.7,-9853.22,-9976.34,11470.71,98.6793437758356,11470.71
11376.0,3021653.8,1119257.61,-9161.03,-9445.68,-9605.24,-9678.88,-9808.67,-9853.2,-9976.31,11471.73,104.79514900147366,11471.73
11377.0,3021653.78,1119257.57,-9162.02,-9445.66,-9605.22,-9678.86,-9808.65,-9853.18,-9976.29,11472.75,101.51134727671663,11472.75
11378.0,3021653.77,1119257.53,-9163.02,-9445.64,-9605.2,-9678.84,-9808.63,-9853.16,-9976.27,11473.77,101.15872427271589,11473.77
11379.0,3021653.75,1119257.5,-9164.02,-9445.62,-9605.17,-9678.81,-9808.61,-9853.13,-9976.25,11474.8,103.4617932675958,11474.8
11380.0,3021653.74,1119257.46,-9165.02,-9445.59,-9605.15,-9678.79,-9808.58,-9853.11,-9976.22,11475.820000000002,102.01824284496772,11475.820000000002
11381.0,3021653.73,1119257.41,-9166.02,-9445.57,-9605.13,-9678.77,-9808.56,-9853.09,-9976.2,11476.84,105.02655784784916,11476.84
11382.0,3021653.71,1119257.37,-9167.02,-9445.54,-9605.1,-9678.74,-9808.53,-9853.06,-9976.17,11477.87,107.34064631160408,11477.87
11383.0,3021653.7,1119257.33,-9168.02,-9445.51,-9605.07,-9678.71,-9808.5,-9853.03,-9976.14,11478.89,105.93015429560108,11478.89
11384.0,3021653.69,1119257.28,-9169.02,-9445.48,-9605.04,-9678.68,-9808.48,-9853.0,-9976.11,11479.92,103.80339680272154,11479.92
11385.0,3021653.68,1119257.24,-9170.02,-9445.46,-9605.01,-9678.65,-9808.45,-9852.97,-9976.09,11480.95,101.3901331190914,11480.95
11386.0,3021653.67,1119257.19,-9171.02,-9445.43,-9604.99,-9678.62,-9808.42,-9852.94,-9976.06,11481.98,101.79785346746726,11481.98
11387.0,3021653.65,1119257.14,-9172.01,-9445.4,-9604.96,-9678.59,-9808.39,-9852.91,-9976.03,11483.0,96.8941898180818,11483.0
11388.0,3021653.64,1119257.1,-9173.01,-9445.37,-9604.93,-9678.57,-9808.36,-9852.89,-9976.0,11484.03,99.4286676593372,11484.03
11389.0,3021653.63,1119257.05,-9174.01,-9445.34,-9604.9,-9678.54,-9808.33,-9852.86,-9975.97,11485.06,97.99613670558416,11485.06
11390.0,3021653.62,1119257.0,-9175.01,-9445.31,-9604.87,-9678.51,-9808.3,-9852.83,-9975.94,11486.09,101.00445170846557,11486.09
11391.0,3021653.62,1119256.94,-9176.01,-9445.28,-9604.84,-9678.48,-9808.27,-9852.8,-9975.91,11487.12,101.3019773680912,11487.12
11392.0,3021653.61,1119256.89,-9177.01,-9445.25,-9604.81,-9678.44,-9808.24,-9852.76,-9975.88,11488.15,105.3351029763498,11488.15
11393.0,3021653.6,1119256.84,-9178.01,-9445.21,-9604.77,-9678.41,-9808.2,-9852.73,-9975.84,11489.18,104.27723396434756,11489.18
11394.0,3021653.59,1119256.78,-9179.01,-9445.18,-9604.74,-9678.37,-9808.17,-9852.69,-9975.81,11490.22,100.9713933018405,11490.22
11395.0,3021653.58,1119256.73,-9180.0,-9445.14,-9604.7,-9678.34,-9808.13,-9852.66,-9975.77,11491.25,104.40946759084784,11491.25
11396.0,3021653.58,1119256.67,-9181.0,-9445.11,-9604.67,-9678.3,-9808.1,-9852.62,-9975.74,11492.28,103.56096848747102,11492.28
11397.0,3021653.57,1119256.61,-9182.0,-9445.07,-9604.63,-9678.27,-9808.06,-9852.59,-9975.7,11493.320000000002,101.08158799059072,11493.320000000002
11398.0,3021653.56,1119256.56,-9183.0,-9445.04,-9604.59,-9678.23,-9808.03,-9852.55,-9975.67,11494.35,99.41764819046216,11494.35
11399.0,3021653.56,1119256.5,-9184.0,-9445.0,-9604.56,-9678.2,-9807.99,-9852.52,-9975.63,11495.38,103.32955964109551,11495.38
11400.0,3021653.55,1119256.43,-9184.99,-9444.97,-9604.52,-9678.16,-9807.96,-9852.48,-9975.6,11496.42,95.43961992657869,11496.42
11401.0,3021653.55,1119256.37,-9185.99,-9444.93,-9604.49,-9678.13,-9807.92,-9852.45,-9975.56,11497.45,98.3046818340848,11497.45
11402.0,3021653.54,1119256.31,-9186.99,-9444.89,-9604.45,-9678.09,-9807.88,-9852.41,-9975.52,11498.490000000002,103.67116317622124,11498.490000000002
11403.0,3021653.54,1119256.25,-9187.99,-9444.85,-9604.41,-9678.05,-9807.84,-9852.37,-9975.48,11499.53,107.41778259372924,11499.53
11404.0,3021653.53,1119256.18,-9188.99,-9444.81,-9604.37,-9678.0,-9807.8,-9852.32,-9975.44,11500.570000000002,116.7622921997492,11500.570000000002
11405.0,3021653.53,1119256.12,-9189.98,-9444.77,-9604.32,-9677.96,-9807.76,-9852.28,-9975.4,11501.61,98.74546058908574,11501.61
11406.0,3021653.53,1119256.05,-9190.98,-9444.72,-9604.28,-9677.92,-9807.71,-9852.24,-9975.35,11502.65,99.68211544346276,11502.65
11407.0,3021653.52,1119255.98,-9191.98,-9444.68,-9604.24,-9677.88,-9807.67,-9852.2,-9975.31,11503.69,100.86119861309024,11503.69
11408.0,3021653.52,1119255.91,-9192.98,-9444.64,-9604.2,-9677.84,-9807.63,-9852.16,-9975.27,11504.72,101.10362692834076,11504.72
11409.0,3021653.52,1119255.84,-9193.98,-9444.6,-9604.16,-9677.8,-9807.59,-9852.12,-9975.23,11505.76,102.27169062909326,11505.76
11410.0,3021653.52,1119255.77,-9194.97,-9444.56,-9604.12,-9677.75,-9807.55,-9852.07,-9975.19,11506.8,106.85578968110303,11506.8
11411.0,3021653.52,1119255.7,-9195.97,-9444.52,-9604.07,-9677.71,-9807.51,-9852.03,-9975.15,11507.84,109.643715306484,11507.84
11412.0,3021653.52,1119255.62,-9196.97,-9444.47,-9604.03,-9677.67,-9807.46,-9851.99,-9975.1,11508.89,106.47010827047724,11508.89
11413.0,3021653.52,1119255.55,-9197.96,-9444.42,-9603.98,-9677.62,-9807.41,-9851.94,-9975.05,11509.93,102.44800213109365,11509.93
11414.0,3021653.52,1119255.48,-9198.96,-9444.37,-9603.93,-9677.57,-9807.36,-9851.89,-9975.0,11510.98,103.7813578649715,11510.98
11415.0,3021653.52,1119255.4,-9199.96,-9444.33,-9603.88,-9677.52,-9807.32,-9851.84,-9974.96,11512.02,104.75107112597355,11512.02
11416.0,3021653.52,1119255.32,-9200.96,-9444.28,-9603.84,-9677.47,-9807.27,-9851.79,-9974.91,11513.070000000002,107.2084126851038,11513.070000000002
11417.0,3021653.52,1119255.24,-9201.95,-9444.23,-9603.79,-9677.43,-9807.22,-9851.75,-9974.86,11514.11,105.1918498809745,11514.11
11418.0,3021653.52,1119255.16,-9202.95,-9444.18,-9603.74,-9677.38,-9807.17,-9851.7,-9974.81,11515.16,105.29102510084972,11515.16
11419.0,3021653.52,1119255.08,-9203.95,-9444.13,-9603.69,-9677.33,-9807.13,-9851.65,-9974.76,11516.2,108.26628169710604,11516.2
11420.0,3021653.53,1119255.0,-9204.94,-9444.09,-9603.64,-9677.28,-9807.08,-9851.6,-9974.72,11517.240000000002,110.9109542271117,11517.240000000002
11421.0,3021653.53,1119254.92,-9205.94,-9444.04,-9603.6,-9677.24,-9807.03,-9851.56,-9974.67,11518.29,105.95219323335112,11518.29
11422.0,3021653.53,1119254.84,-9206.94,-9443.98,-9603.54,-9677.18,-9806.98,-9851.5,-9974.61,11519.34,102.83368354171948,11519.34
11423.0,3021653.54,1119254.75,-9207.93,-9443.93,-9603.49,-9677.13,-9806.92,-9851.45,-9974.56,11520.39,111.30765510661256,11520.39
11424.0,3021653.54,1119254.67,-9208.93,-9443.88,-9603.43,-9677.07,-9806.87,-9851.39,-9974.51,11521.44,108.29934010373113,11521.44
11425.0,3021653.55,1119254.58,-9209.93,-9443.82,-9603.38,-9677.02,-9806.81,-9851.34,-9974.45,11522.490000000002,110.19468875023516,11522.490000000002
11426.0,3021653.55,1119254.49,-9210.92,-9443.77,-9603.33,-9676.96,-9806.76,-9851.28,-9974.4,11523.54,105.58855076047534,11523.54
11427.0,3021653.56,1119254.4,-9211.92,-9443.71,-9603.27,-9676.91,-9806.7,-9851.23,-9974.34,11524.59,108.8503135474823,11524.59
11428.0,3021653.56,1119254.31,-9212.91,-9443.66,-9603.22,-9676.86,-9806.65,-9851.18,-9974.29,11525.64,,11525.64
11429.0,3021653.57,1119254.22,-9213.91,-9443.61,-9603.16,-9676.8,-9806.6,-9851.12,-9974.24,11526.69,107.71530825335488,11526.69
11430.0,3021653.57,1119254.13,-9214.9,-9443.55,-9603.11,-9676.75,-9806.54,-9851.07,-9974.18,11527.740000000002,112.81732234249078,11527.740000000002
11431.0,3021653.58,1119254.04,-9215.9,-9443.5,-9603.06,-9676.69,-9806.49,-9851.01,-9974.13,11528.79,108.68502151435696,11528.79
11432.0,3021653.59,1119253.94,-9216.9,-9443.44,-9602.99,-9676.63,-9806.43,-9850.95,-9974.07,11529.85,110.6795453807362,11529.85
11433.0,3021653.6,1119253.85,-9217.89,-9443.38,-9602.93,-9676.57,-9806.37,-9850.89,-9974.01,11530.9,105.18083041209948,11530.9
11434.0,3021653.61,1119253.75,-9218.89,-9443.31,-9602.87,-9676.51,-9806.31,-9850.83,-9973.94,11531.96,111.03216838473696,11531.96
11435.0,3021653.61,1119253.66,-9219.88,-9443.25,-9602.81,-9676.45,-9806.24,-9850.77,-9973.88,11533.02,,11533.02
11436.0,3021653.62,1119253.56,-9220.88,-9443.19,-9602.75,-9676.39,-9806.18,-9850.71,-9973.82,11534.070000000002,127.7376831992726,11534.070000000002
11437.0,3021653.63,1119253.46,-9221.87,-9443.13,-9602.69,-9676.33,-9806.12,-9850.65,-9973.76,11535.13,109.21395602035808,11535.13
11438.0,3021653.64,1119253.36,-9222.87,-9443.07,-9602.63,-9676.27,-9806.06,-9850.59,-9973.7,11536.18,94.85558807620244,11536.18
11439.0,3021653.65,1119253.26,-9223.86,-9443.01,-9602.57,-9676.21,-9806.0,-9850.53,-9973.64,11537.240000000002,101.43421099459148,11537.240000000002
11440.0,3021653.66,1119253.15,-9224.86,-9442.95,-9602.51,-9676.15,-9805.94,-9850.47,-9973.58,11538.3,93.15858986944882,11538.3
11441.0,3021653.67,1119253.05,-9225.85,-9442.89,-9602.45,-9676.08,-9805.88,-9850.4,-9973.52,11539.35,,11539.35
11442.0,3021653.68,1119252.94,-9226.84,-9442.82,-9602.38,-9676.02,-9805.81,-9850.33,-9973.45,11540.41,98.8225968712109,11540.41
11443.0,3021653.69,1119252.83,-9227.84,-9442.75,-9602.31,-9675.95,-9805.74,-9850.26,-9973.38,11541.48,99.39560925271212,11541.48
11444.0,3021653.71,1119252.72,-9228.83,-9442.68,-9602.24,-9675.88,-9805.67,-9850.2,-9973.31,11542.54,100.49755614021448,11542.54
11445.0,3021653.72,1119252.61,-9229.83,-9442.61,-9602.17,-9675.81,-9805.6,-9850.13,-9973.24,11543.6,94.34869250795136,11543.6
11446.0,3021653.73,1119252.5,-9230.82,-9442.54,-9602.1,-9675.74,-9805.53,-9850.06,-9973.17,11544.67,96.08976859020508,11544.67
11447.0,3021653.74,1119252.38,-9231.81,-9442.47,-9602.03,-9675.67,-9805.46,-9849.99,-9973.1,11545.73,94.16136153707596,11545.73
11448.0,3021653.75,1119252.27,-9232.81,-9442.4,-9601.96,-9675.6,-9805.39,-9849.92,-9973.03,11546.79,93.30184296482412,11546.79
11449.0,3021653.76,1119252.15,-9233.8,-9442.33,-9601.89,-9675.53,-9805.32,-9849.85,-9972.96,11547.86,97.52229954395813,11547.86
11450.0,3021653.78,1119252.03,-9234.79,-9442.26,-9601.82,-9675.46,-9805.25,-9849.78,-9972.89,11548.92,97.6545331704584,11548.92
11451.0,3021653.79,1119251.91,-9235.78,-9442.19,-9601.75,-9675.39,-9805.18,-9849.71,-9972.82,11549.98,95.97957390145484,11549.98
11452.0,3021653.8,1119251.79,-9236.78,-9442.11,-9601.67,-9675.31,-9805.1,-9849.63,-9972.74,11551.06,103.28548176559543,11551.06
11453.0,3021653.82,1119251.66,-9237.77,-9442.03,-9601.59,-9675.23,-9805.02,-9849.55,-9972.66,11552.13,127.47321594627203,11552.13
11454.0,3021653.83,1119251.54,-9238.76,-9441.95,-9601.51,-9675.15,-9804.94,-9849.47,-9972.58,11553.2,88.88303594593968,11553.2
11455.0,3021653.84,1119251.41,-9239.75,-9441.87,-9601.43,-9675.07,-9804.86,-9849.39,-9972.5,11554.27,77.54400247354049,11554.27
11456.0,3021653.86,1119251.28,-9240.75,-9441.79,-9601.35,-9674.99,-9804.78,-9849.31,-9972.42,11555.34,84.97112449530634,11555.34
11457.0,3021653.87,1119251.15,-9241.74,-9441.71,-9601.27,-9674.91,-9804.71,-9849.23,-9972.34,11556.41,83.08679531767733,11556.41
11458.0,3021653.89,1119251.02,-9242.73,-9441.63,-9601.19,-9674.83,-9804.63,-9849.15,-9972.27,11557.48,84.50830680255535,11557.48
11459.0,3021653.9,1119250.89,-9243.72,-9441.56,-9601.11,-9674.75,-9804.55,-9849.07,-9972.19,11558.55,87.59375808756195,11558.55
11460.0,3021653.91,1119250.76,-9244.71,-9441.48,-9601.04,-9674.67,-9804.47,-9848.99,-9972.11,11559.62,88.49735453531387,11559.62
11461.0,3021653.93,1119250.62,-9245.7,-9441.4,-9600.96,-9674.59,-9804.39,-9848.91,-9972.03,11560.69,86.53588907555968,11560.69
11462.0,3021653.95,1119250.48,-9246.69,-9441.31,-9600.87,-9674.51,-9804.3,-9848.83,-9971.94,11561.77,88.96017222806486,11561.77
11463.0,3021653.96,1119250.34,-9247.68,-9441.22,-9600.78,-9674.42,-9804.21,-9848.74,-9971.85,11562.85,91.95746776207125,11562.85
11464.0,3021653.98,1119250.2,-9248.67,-9441.13,-9600.69,-9674.33,-9804.12,-9848.65,-9971.76,11563.92,88.54143241081397,11563.92
11465.0,3021653.99,1119250.06,-9249.66,-9441.04,-9600.6,-9674.24,-9804.04,-9848.56,-9971.67,11565.0,87.40642711668654,11565.0
11466.0,3021654.01,1119249.92,-9250.65,-9440.96,-9600.51,-9674.15,-9803.95,-9848.47,-9971.59,11566.08,85.15845546618174,11566.08
11467.0,3021654.03,1119249.78,-9251.64,-9440.87,-9600.43,-9674.07,-9803.86,-9848.38,-9971.5,11567.16,88.86099700818964,11567.16
11468.0,3021654.04,1119249.63,-9252.63,-9440.78,-9600.34,-9673.98,-9803.77,-9848.3,-9971.41,11568.240000000002,90.92163768781904,11568.240000000002
11469.0,3021654.06,1119249.48,-9253.62,-9440.69,-9600.25,-9673.89,-9803.68,-9848.21,-9971.32,11569.31,87.85822534056251,11569.31
11470.0,3021654.08,1119249.33,-9254.61,-9440.6,-9600.16,-9673.8,-9803.59,-9848.12,-9971.23,11570.39,85.9849156318085,11570.39
11471.0,3021654.1,1119249.18,-9255.6,-9440.51,-9600.07,-9673.71,-9803.51,-9848.03,-9971.15,11571.47,88.25492622006335,11571.47
11472.0,3021654.11,1119249.03,-9256.58,-9440.42,-9599.98,-9673.61,-9803.41,-9847.93,-9971.05,11572.55,87.20807667693612,11572.55
11473.0,3021654.13,1119248.88,-9257.57,-9440.32,-9599.88,-9673.52,-9803.31,-9847.84,-9970.95,11573.64,91.17508547194458,11573.64
11474.0,3021654.15,1119248.72,-9258.56,-9440.22,-9599.78,-9673.42,-9803.21,-9847.74,-9970.85,11574.72,88.9822111658149,11574.72
11475.0,3021654.17,1119248.57,-9259.55,-9440.13,-9599.68,-9673.32,-9803.12,-9847.64,-9970.76,11575.81,87.626816494187,11575.81
11476.0,3021654.19,1119248.41,-9260.53,-9440.03,-9599.59,-9673.22,-9803.02,-9847.54,-9970.66,11576.89,88.03453684256287,11576.89
11477.0,3021654.21,1119248.25,-9261.52,-9439.93,-9599.49,-9673.13,-9802.92,-9847.45,-9970.56,11577.98,89.54420407844111,11577.98
11478.0,3021654.23,1119248.09,-9262.51,-9439.83,-9599.39,-9673.03,-9802.82,-9847.35,-9970.46,11579.06,88.1337120624381,11579.06
11479.0,3021654.24,1119247.93,-9263.49,-9439.74,-9599.29,-9672.93,-9802.73,-9847.25,-9970.37,11580.15,92.78392792769802,11580.15
11480.0,3021654.26,1119247.76,-9264.48,-9439.64,-9599.2,-9672.84,-9802.63,-9847.15,-9970.27,11581.23,91.75911732232082,11581.23
11481.0,3021654.28,1119247.6,-9265.47,-9439.54,-9599.1,-9672.74,-9802.53,-9847.06,-9970.17,11582.31,92.94921996082336,11582.31
11482.0,3021654.3,1119247.43,-9266.45,-9439.43,-9598.99,-9672.63,-9802.43,-9846.95,-9970.06,11583.41,93.92995269070047,11583.41
11483.0,3021654.33,1119247.26,-9267.44,-9439.33,-9598.89,-9672.52,-9802.32,-9846.84,-9969.96,11584.5,88.16677046906317,11584.5
11484.0,3021654.35,1119247.09,-9268.42,-9439.22,-9598.78,-9672.42,-9802.21,-9846.74,-9969.85,11585.59,91.77013679119584,11585.59
11485.0,3021654.37,1119246.92,-9269.41,-9439.11,-9598.67,-9672.31,-9802.11,-9846.63,-9969.74,11586.68,91.0428518454443,11586.68
11486.0,3021654.39,1119246.75,-9270.39,-9439.01,-9598.57,-9672.2,-9802.0,-9846.52,-9969.64,11587.77,92.93820049194836,11587.77
11487.0,3021654.41,1119246.57,-9271.38,-9438.9,-9598.46,-9672.1,-9801.89,-9846.42,-9969.53,11588.86,94.06218631720074,11588.86
11488.0,3021654.43,1119246.4,-9272.36,-9438.79,-9598.35,-9671.99,-9801.79,-9846.31,-9969.42,11589.95,87.86924480943753,11589.95
11489.0,3021654.45,1119246.22,-9273.35,-9438.69,-9598.25,-9671.89,-9801.68,-9846.2,-9969.32,11591.04,85.8416625364332,11591.04
11490.0,3021654.48,1119246.04,-9274.33,-9438.58,-9598.14,-9671.78,-9801.57,-9846.1,-9969.21,11592.13,87.13094039481096,11592.13
11491.0,3021654.5,1119245.86,-9275.31,-9438.47,-9598.03,-9671.67,-9801.47,-9845.99,-9969.11,11593.23,105.43427819622502,11593.23
11492.0,3021654.52,1119245.68,-9276.3,-9438.36,-9597.92,-9671.56,-9801.35,-9845.88,-9968.99,11594.320000000002,117.58875236537595,11594.320000000002
11493.0,3021654.54,1119245.5,-9277.28,-9438.24,-9597.8,-9671.44,-9801.23,-9845.76,-9968.87,11595.42,87.42846605443658,11595.42
11494.0,3021654.57,1119245.31,-9278.26,-9438.13,-9597.69,-9671.33,-9801.12,-9845.64,-9968.76,11596.52,88.14473153131313,11596.52
11495.0,3021654.59,1119245.13,-9279.24,-9438.01,-9597.57,-9671.21,-9801.0,-9845.53,-9968.64,11597.62,88.3210430333135,11597.62
11496.0,3021654.61,1119244.94,-9280.23,-9437.9,-9597.45,-9671.09,-9800.89,-9845.41,-9968.53,11598.71,90.20537221094251,11598.71
11497.0,3021654.64,1119244.75,-9281.21,-9437.78,-9597.34,-9670.98,-9800.77,-9845.3,-9968.41,11599.81,89.79765186256665,11599.81
11498.0,3021654.66,1119244.56,-9282.19,-9437.67,-9597.22,-9670.86,-9800.66,-9845.18,-9968.3,11600.91,89.22463948106541,11600.91
11499.0,3021654.69,1119244.37,-9283.17,-9437.55,-9597.11,-9670.75,-9800.54,-9845.07,-9968.18,11602.01,88.16677046906317,11602.01
11500.0,3021654.71,1119244.17,-9284.15,-9437.43,-9596.99,-9670.63,-9800.43,-9844.95,-9968.06,11603.1,88.97119169693988,11603.1
11501.0,3021654.74,1119243.98,-9285.13,-9437.32,-9596.88,-9670.52,-9800.31,-9844.84,-9967.95,11604.2,87.25215455243621,11604.2
11502.0,3021654.76,1119243.78,-9286.11,-9437.19,-9596.75,-9670.39,-9800.18,-9844.71,-9967.82,11605.3,91.42853325607012,11605.3
11503.0,3021654.79,1119243.58,-9287.09,-9437.07,-9596.63,-9670.27,-9800.06,-9844.59,-9967.7,11606.41,89.27973682544054,11606.41
11504.0,3021654.81,1119243.38,-9288.07,-9436.94,-9596.5,-9670.14,-9799.93,-9844.46,-9967.57,11607.51,87.85822534056251,11607.51
11505.0,3021654.84,1119243.18,-9289.05,-9436.82,-9596.38,-9670.02,-9799.81,-9844.34,-9967.45,11608.62,88.37614037768861,11608.62
11506.0,3021654.86,1119242.98,-9290.03,-9436.69,-9596.25,-9669.89,-9799.68,-9844.21,-9967.32,11609.72,85.85268200530821,11609.72
11507.0,3021654.89,1119242.78,-9291.01,-9436.57,-9596.13,-9669.77,-9799.56,-9844.09,-9967.2,11610.820000000002,88.87201647706468,11610.820000000002
11508.0,3021654.92,1119242.57,-9291.99,-9436.44,-9596.0,-9669.64,-9799.44,-9843.96,-9967.07,11611.93,93.94097215957548,11611.93
11509.0,3021654.94,1119242.36,-9292.96,-9436.32,-9595.88,-9669.52,-9799.31,-9843.84,-9966.95,11613.03,88.31002356443847,11613.03
11510.0,3021654.97,1119242.16,-9293.94,-9436.19,-9595.75,-9669.39,-9799.19,-9843.71,-9966.82,11614.13,93.45611552907444,11614.13
11511.0,3021655.0,1119241.95,-9294.92,-9436.07,-9595.63,-9669.27,-9799.06,-9843.59,-9966.7,11615.240000000002,93.31286243369917,11615.240000000002
11512.0,3021655.03,1119241.74,-9295.9,-9435.93,-9595.49,-9669.13,-9798.92,-9843.45,-9966.56,11616.35,96.54156681408104,11616.35
11513.0,3021655.05,1119241.52,-9296.87,-9435.8,-9595.36,-9668.99,-9798.79,-9843.31,-9966.43,11617.46,95.09801639145294,11617.46
11514.0,3021655.08,1119241.31,-9297.85,-9435.66,-9595.22,-9668.86,-9798.65,-9843.18,-9966.29,11618.570000000002,95.32942523782845,11618.570000000002
11515.0,3021655.11,1119241.09,-9298.82,-9435.53,-9595.08,-9668.72,-9798.52,-9843.04,-9966.16,11619.68,95.61593142857905,11619.68
11516.0,3021655.14,1119240.88,-9299.8,-9435.39,-9594.95,-9668.59,-9798.38,-9842.91,-9966.02,11620.79,,11620.79
11517.0,3021655.17,1119240.66,-9300.78,-9435.25,-9594.81,-9668.45,-9798.25,-9842.77,-9965.88,11621.91,91.07591025206938,11621.91
11518.0,3021655.2,1119240.44,-9301.75,-9435.12,-9594.68,-9668.32,-9798.11,-9842.64,-9965.75,11623.02,94.33767303907634,11623.02
11519.0,3021655.22,1119240.22,-9302.73,-9434.98,-9594.54,-9668.18,-9797.97,-9842.5,-9965.61,11624.13,95.56083408420392,11624.13
11520.0,3021655.25,1119239.99,-9303.7,-9434.85,-9594.41,-9668.04,-9797.84,-9842.36,-9965.48,11625.240000000002,99.83638800771308,11625.240000000002
11521.0,3021655.28,1119239.77,-9304.67,-9434.71,-9594.27,-9667.91,-9797.7,-9842.23,-9965.34,11626.35,106.29379676847684,11626.35
11522.0,3021655.31,1119239.54,-9305.65,-9434.57,-9594.12,-9667.76,-9797.56,-9842.08,-9965.2,11627.47,108.82827460973226,11627.47
11523.0,3021655.34,1119239.31,-9306.62,-9434.42,-9593.98,-9667.62,-9797.41,-9841.94,-9965.05,11628.59,134.7350459349125,11628.59
11524.0,3021655.37,1119239.09,-9307.59,-9434.28,-9593.83,-9667.47,-9797.27,-9841.79,-9964.91,11629.7,125.69908145739326,11629.7
11525.0,3021655.4,1119238.86,-9308.57,-9434.13,-9593.69,-9667.33,-9797.12,-9841.65,-9964.76,11630.820000000002,106.62438083472756,11630.820000000002
11526.0,3021655.44,1119238.62,-9309.54,-9433.99,-9593.54,-9667.18,-9796.98,-9841.5,-9964.62,11631.94,116.32151344474823,11631.94
11527.0,3021655.47,1119238.39,-9310.51,-9433.84,-9593.4,-9667.04,-9796.83,-9841.36,-9964.47,11633.05,115.34078071487116,11633.05
11528.0,3021655.5,1119238.16,-9311.48,-9433.7,-9593.25,-9666.89,-9796.69,-9841.21,-9964.33,11634.17,135.35213619191387,11634.17
11529.0,3021655.53,1119237.92,-9312.45,-9433.55,-9593.11,-9666.75,-9796.54,-9841.07,-9964.18,11635.29,145.67737852781087,11635.29
11530.0,3021655.56,1119237.68,-9313.42,-9433.41,-9592.96,-9666.6,-9796.4,-9840.92,-9964.04,11636.4,107.14229587185366,11636.4
11531.0,3021655.59,1119237.44,-9314.4,-9433.26,-9592.82,-9666.46,-9796.25,-9840.78,-9963.89,11637.52,96.73991725383146,11637.52
11532.0,3021655.62,1119237.2,-9315.37,-9433.11,-9592.67,-9666.31,-9796.1,-9840.63,-9963.74,11638.64,94.11728366157584,11638.64
11533.0,3021655.66,1119236.96,-9316.34,-9432.96,-9592.52,-9666.15,-9795.95,-9840.47,-9963.59,11639.76,93.69854384432496,11639.76
11534.0,3021655.69,1119236.72,-9317.31,-9432.81,-9592.36,-9666.0,-9795.8,-9840.32,-9963.44,11640.89,90.58003415269332,11640.89
11535.0,3021655.72,1119236.48,-9318.28,-9432.65,-9592.21,-9665.85,-9795.64,-9840.17,-9963.28,11642.01,97.30191016645765,11642.01
11536.0,3021655.75,1119236.24,-9319.24,-9432.5,-9592.06,-9665.7,-9795.49,-9840.02,-9963.13,11643.13,111.30765510661256,11643.13
11537.0,3021655.78,1119235.99,-9320.21,-9432.35,-9591.91,-9665.55,-9795.34,-9839.87,-9962.98,11644.25,102.7014499152192,11644.25
11538.0,3021655.81,1119235.75,-9321.18,-9432.2,-9591.76,-9665.4,-9795.19,-9839.71,-9962.83,11645.37,104.14500033784726,11645.37
11539.0,3021655.84,1119235.5,-9322.15,-9432.05,-9591.6,-9665.24,-9795.04,-9839.56,-9962.68,11646.490000000002,111.8476090814887,11646.490000000002
11540.0,3021655.88,1119235.25,-9323.12,-9431.89,-9591.45,-9665.09,-9794.89,-9839.41,-9962.52,11647.61,116.2553966314981,11647.61
11541.0,3021655.91,1119235.01,-9324.09,-9431.74,-9591.3,-9664.94,-9794.73,-9839.26,-9962.37,11648.73,104.42048705972286,11648.73
11542.0,3021655.94,1119234.76,-9325.06,-9431.58,-9591.14,-9664.78,-9794.58,-9839.1,-9962.21,11649.86,95.46165886432874,11649.86
11543.0,3021655.97,1119234.51,-9326.02,-9431.43,-9590.99,-9664.62,-9794.42,-9838.94,-9962.06,11650.98,90.58003415269332,11650.98
11544.0,3021656.0,1119234.26,-9326.99,-9431.27,-9590.83,-9664.47,-9794.26,-9838.79,-9961.9,11652.11,93.58834915557472,11652.11
11545.0,3021656.03,1119234.0,-9327.96,-9431.11,-9590.67,-9664.31,-9794.1,-9838.63,-9961.74,11653.23,101.59950302771684,11653.23
11546.0,3021656.06,1119233.75,-9328.93,-9430.95,-9590.51,-9664.15,-9793.94,-9838.47,-9961.58,11654.36,131.06556279952972,11654.36
11547.0,3021656.09,1119233.5,-9329.89,-9430.8,-9590.35,-9663.99,-9793.79,-9838.31,-9961.43,11655.48,106.01831004660129,11655.48
11548.0,3021656.13,1119233.24,-9330.86,-9430.64,-9590.2,-9663.83,-9793.63,-9838.15,-9961.27,11656.61,97.70963051483352,11656.61
11549.0,3021656.16,1119232.99,-9331.83,-9430.48,-9590.04,-9663.68,-9793.47,-9838.0,-9961.11,11657.73,111.52804448411302,11657.73
11550.0,3021656.19,1119232.73,-9332.79,-9430.32,-9589.88,-9663.52,-9793.31,-9837.84,-9960.95,11658.86,97.20273494658244,11658.86
11551.0,3021656.22,1119232.47,-9333.76,-9430.16,-9589.72,-9663.36,-9793.16,-9837.68,-9960.79,11659.98,95.14209426695304,11659.98
11552.0,3021656.25,1119232.21,-9334.72,-9430.0,-9589.56,-9663.2,-9792.99,-9837.52,-9960.63,11661.11,95.46165886432874,11661.11
11553.0,3021656.28,1119231.95,-9335.69,-9429.84,-9589.39,-9663.03,-9792.83,-9837.35,-9960.47,11662.240000000002,98.98788890433624,11662.240000000002
11554.0,3021656.31,1119231.69,-9336.65,-9429.67,-9589.23,-9662.87,-9792.66,-9837.19,-9960.3,11663.37,91.94644829319624,11663.37
11555.0,3021656.34,1119231.43,-9337.62,-9429.51,-9589.07,-9662.71,-9792.5,-9837.03,-9960.14,11664.490000000002,95.7261261173293,11664.490000000002
11556.0,3021656.37,1119231.17,-9338.58,-9429.35,-9588.9,-9662.54,-9792.34,-9836.86,-9959.98,11665.62,106.84477021222804,11665.62
11557.0,3021656.4,1119230.91,-9339.55,-9429.18,-9588.74,-9662.38,-9792.17,-9836.7,-9959.81,11666.75,109.10376133160784,11666.75
11558.0,3021656.43,1119230.64,-9340.51,-9429.02,-9588.58,-9662.21,-9792.01,-9836.53,-9959.65,11667.88,104.36538971534772,11667.88
11559.0,3021656.46,1119230.38,-9341.47,-9428.85,-9588.41,-9662.05,-9791.85,-9836.37,-9959.48,11669.01,96.21098274783031,11669.01
11560.0,3021656.5,1119230.11,-9342.44,-9428.69,-9588.25,-9661.89,-9791.68,-9836.21,-9959.32,11670.13,97.94103936120904,11670.13
11561.0,3021656.53,1119229.84,-9343.4,-9428.53,-9588.08,-9661.72,-9791.52,-9836.04,-9959.16,11671.26,106.75661446122784,11671.26
11562.0,3021656.56,1119229.57,-9344.36,-9428.36,-9587.92,-9661.55,-9791.35,-9835.87,-9958.99,11672.39,122.3932407948862,11672.39
11563.0,3021656.59,1119229.3,-9345.33,-9428.19,-9587.75,-9661.38,-9791.18,-9835.7,-9958.82,11673.52,99.92454375871326,11673.52
11564.0,3021656.62,1119229.03,-9346.29,-9428.02,-9587.58,-9661.21,-9791.01,-9835.53,-9958.65,11674.66,97.53331901283316,11674.66
11565.0,3021656.65,1119228.76,-9347.25,-9427.85,-9587.41,-9661.04,-9790.84,-9835.36,-9958.48,11675.79,93.246745620449,11675.79
11566.0,3021656.68,1119228.49,-9348.21,-9427.68,-9587.24,-9660.88,-9790.67,-9835.2,-9958.31,11676.92,96.46443053195588,11676.92
11567.0,3021656.71,1119228.22,-9349.17,-9427.51,-9587.07,-9660.71,-9790.5,-9835.03,-9958.14,11678.05,97.25783229095757,11678.05
11568.0,3021656.74,1119227.94,-9350.13,-9427.34,-9586.9,-9660.54,-9790.33,-9834.86,-9957.97,11679.18,96.87215088033172,11679.18
11569.0,3021656.77,1119227.67,-9351.1,-9427.17,-9586.73,-9660.37,-9790.16,-9834.69,-9957.8,11680.31,95.2082110802032,11680.31
11570.0,3021656.8,1119227.39,-9352.06,-9427.0,-9586.56,-9660.2,-9789.99,-9834.52,-9957.63,11681.44,93.8528164085753,11681.44
11571.0,3021656.83,1119227.11,-9353.02,-9426.83,-9586.39,-9660.03,-9789.82,-9834.35,-9957.46,11682.570000000002,85.83064306755817,11682.570000000002
11572.0,3021656.86,1119226.84,-9353.98,-9426.65,-9586.21,-9659.85,-9789.65,-9834.17,-9957.28,11683.71,88.37614037768861,11683.71
11573.0,3021656.89,1119226.56,-9354.94,-9426.48,-9586.04,-9659.68,-9789.47,-9834.0,-9957.11,11684.84,91.67096157132065,11684.84
11574.0,3021656.92,1119226.28,-9355.9,-9426.3,-9585.86,-9659.5,-9789.29,-9833.82,-9956.93,11685.98,93.92995269070047,11685.98
11575.0,3021656.95,1119226.0,-9356.85,-9426.13,-9585.69,-9659.32,-9789.12,-9833.64,-9956.76,11687.11,94.63519869870196,11687.11
11576.0,3021656.98,1119225.72,-9357.81,-9425.95,-9585.51,-9659.15,-9788.94,-9833.47,-9956.58,11688.25,88.89405541481472,11688.25
11577.0,3021657.01,1119225.43,-9358.77,-9425.78,-9585.34,-9658.97,-9788.77,-9833.29,-9956.41,11689.38,94.44786772782658,11689.38
11578.0,3021657.04,1119225.15,-9359.73,-9425.6,-9585.16,-9658.8,-9788.59,-9833.12,-9956.23,11690.52,93.31286243369917,11690.52
11579.0,3021657.07,1119224.86,-9360.69,-9425.43,-9584.98,-9658.62,-9788.42,-9832.94,-9956.06,11691.65,91.1861049408196,11691.65
11580.0,3021657.1,1119224.58,-9361.65,-9425.25,-9584.81,-9658.45,-9788.24,-9832.77,-9955.88,11692.78,99.69313491233775,11692.78
11581.0,3021657.13,1119224.29,-9362.6,-9425.07,-9584.63,-9658.27,-9788.07,-9832.59,-9955.71,11693.92,100.90527648859036,11693.92
11582.0,3021657.16,1119224.0,-9363.56,-9424.89,-9584.45,-9658.09,-9787.88,-9832.41,-9955.52,11695.06,107.34064631160408,11695.06
11583.0,3021657.19,1119223.72,-9364.52,-9424.71,-9584.27,-9657.91,-9787.7,-9832.23,-9955.34,11696.19,131.37410792803036,11696.19
11584.0,3021657.22,1119223.43,-9365.48,-9424.53,-9584.09,-9657.73,-9787.52,-9832.05,-9955.16,11697.33,111.45090820198786,11697.33
11585.0,3021657.25,1119223.14,-9366.43,-9424.35,-9583.91,-9657.55,-9787.34,-9831.87,-9954.98,11698.47,84.9050076820562,11698.47
11586.0,3021657.28,1119222.84,-9367.39,-9424.17,-9583.73,-9657.36,-9787.16,-9831.68,-9954.8,11699.61,86.29346076030916,11699.61
11587.0,3021657.31,1119222.55,-9368.34,-9423.99,-9583.54,-9657.18,-9786.98,-9831.5,-9954.62,11700.740000000002,89.01526957243998,11700.740000000002
11588.0,3021657.34,1119222.26,-9369.3,-9423.8,-9583.36,-9657.0,-9786.8,-9831.32,-9954.44,11701.88,86.64608376430992,11701.88
11589.0,3021657.37,1119221.96,-9370.25,-9423.62,-9583.18,-9656.82,-9786.61,-9831.14,-9954.25,11703.02,85.0923386529316,11703.02
11590.0,3021657.4,1119221.67,-9371.21,-9423.44,-9583.0,-9656.64,-9786.43,-9830.96,-9954.07,11704.15,86.69016163981001,11704.15
11591.0,3021657.43,1119221.37,-9372.16,-9423.26,-9582.82,-9656.46,-9786.25,-9830.78,-9953.89,11705.29,86.56894748218475,11705.29
11592.0,3021657.46,1119221.08,-9373.12,-9423.07,-9582.63,-9656.27,-9786.06,-9830.59,-9953.7,11706.43,83.35126257067789,11706.43
11593.0,3021657.49,1119220.78,-9374.07,-9422.89,-9582.44,-9656.08,-9785.88,-9830.4,-9953.52,11707.570000000002,95.70408717957926,11707.570000000002
11594.0,3021657.51,1119220.48,-9375.03,-9422.7,-9582.26,-9655.9,-9785.69,-9830.22,-9953.33,11708.71,91.79217572894588,11708.71
11595.0,3021657.54,1119220.18,-9375.98,-9422.51,-9582.07,-9655.71,-9785.5,-9830.03,-9953.14,11709.85,93.3349013714492,11709.85
11596.0,3021657.57,1119219.88,-9376.93,-9422.32,-9581.88,-9655.52,-9785.32,-9829.84,-9952.96,11710.990000000002,90.67920937256852,11710.990000000002
11597.0,3021657.6,1119219.58,-9377.89,-9422.14,-9581.7,-9655.33,-9785.13,-9829.65,-9952.77,11712.13,91.59382528919548,11712.13
11598.0,3021657.63,1119219.27,-9378.84,-9421.95,-9581.51,-9655.15,-9784.94,-9829.47,-9952.58,11713.27,94.183400474826,11713.27
11599.0,3021657.66,1119218.97,-9379.79,-9421.76,-9581.32,-9654.96,-9784.75,-9829.28,-9952.39,11714.41,99.79231013221298,11714.41
11600.0,3021657.69,1119218.66,-9380.74,-9421.58,-9581.13,-9654.77,-9784.57,-9829.09,-9952.21,11715.55,85.70942890993291,11715.55
11601.0,3021657.72,1119218.36,-9381.7,-9421.39,-9580.95,-9654.59,-9784.38,-9828.91,-9952.02,11716.69,,11716.69
11602.0,3021657.75,1119218.05,-9382.65,-9421.2,-9580.75,-9654.39,-9784.19,-9828.71,-9951.83,11717.84,91.1861049408196,11717.84
11603.0,3021657.78,1119217.74,-9383.6,-9421.0,-9580.56,-9654.2,-9783.99,-9828.52,-9951.63,11718.98,94.86660754507746,11718.98
11604.0,3021657.81,1119217.44,-9384.55,-9420.81,-9580.37,-9654.01,-9783.8,-9828.33,-9951.44,11720.12,85.67637050330785,11720.12
11605.0,3021657.84,1119217.13,-9385.5,-9420.62,-9580.17,-9653.81,-9783.61,-9828.13,-9951.25,11721.27,88.51939347306391,11721.27
11606.0,3021657.86,1119216.82,-9386.45,-9420.42,-9579.98,-9653.62,-9783.41,-9827.94,-9951.05,11722.41,86.28244129143414,11722.41
11607.0,3021657.89,1119216.5,-9387.4,-9420.23,-9579.79,-9653.43,-9783.22,-9827.75,-9950.86,11723.55,90.55799521494328,11723.55
11608.0,3021657.92,1119216.19,-9388.35,-9420.04,-9579.6,-9653.23,-9783.03,-9827.55,-9950.67,11724.7,101.98518443834264,11724.7
11609.0,3021657.95,1119215.88,-9389.3,-9419.84,-9579.4,-9653.04,-9782.84,-9827.36,-9950.47,11725.84,96.34321637433062,11725.84
11610.0,3021657.98,1119215.57,-9390.25,-9419.65,-9579.21,-9652.85,-9782.64,-9827.17,-9950.28,11726.98,107.99079497523049,11726.98
11611.0,3021658.01,1119215.25,-9391.19,-9419.46,-9579.02,-9652.66,-9782.45,-9826.98,-9950.09,11728.12,107.3957436559792,11728.12
11612.0,3021658.04,1119214.93,-9392.14,-9419.26,-9578.82,-9652.46,-9782.25,-9826.78,-9949.89,11729.27,102.04028178271776,11729.27
11613.0,3021658.07,1119214.62,-9393.09,-9419.06,-9578.62,-9652.26,-9782.05,-9826.58,-9949.69,11730.42,99.6159986302126,11730.42
11614.0,3021658.09,1119214.3,-9394.04,-9418.86,-9578.42,-9652.06,-9781.85,-9826.38,-9949.49,11731.56,101.32401630584124,11731.56
11615.0,3021658.12,1119213.98,-9394.99,-9418.66,-9578.22,-9651.86,-9781.65,-9826.18,-9949.29,11732.71,104.27723396434756,11732.71
11616.0,3021658.15,1119213.66,-9395.93,-9418.46,-9578.02,-9651.66,-9781.46,-9825.98,-9949.09,11733.85,107.79244453548006,11733.85
11617.0,3021658.18,1119213.34,-9396.88,-9418.27,-9577.82,-9651.46,-9781.26,-9825.78,-9948.9,11735.0,100.35430304483918,11735.0
11618.0,3021658.21,1119213.02,-9397.83,-9418.07,-9577.62,-9651.26,-9781.06,-9825.58,-9948.7,11736.14,104.37640918422277,11736.14
11619.0,3021658.24,1119212.69,-9398.77,-9417.87,-9577.43,-9651.06,-9780.86,-9825.38,-9948.5,11737.29,98.60220749371044,11737.29
11620.0,3021658.27,1119212.37,-9399.72,-9417.67,-9577.23,-9650.87,-9780.66,-9825.19,-9948.3,11738.44,100.25512782496396,11738.44
11621.0,3021658.29,1119212.05,-9400.66,-9417.47,-9577.03,-9650.67,-9780.46,-9824.99,-9948.1,11739.58,102.44800213109365,11739.58
11622.0,3021658.32,1119211.72,-9401.61,-9417.26,-9576.82,-9650.46,-9780.26,-9824.78,-9947.89,11740.73,103.3185401722205,11740.73
11623.0,3021658.35,1119211.39,-9402.55,-9417.06,-9576.62,-9650.26,-9780.05,-9824.58,-9947.69,11741.88,95.66000930407915,11741.88
11624.0,3021658.38,1119211.07,-9403.5,-9416.85,-9576.41,-9650.05,-9779.84,-9824.37,-9947.48,11743.03,102.3378074423434,11743.03
11625.0,3021658.41,1119210.74,-9404.44,-9416.65,-9576.21,-9649.85,-9779.64,-9824.17,-9947.28,11744.18,99.56090128583747,11744.18
11626.0,3021658.44,1119210.41,-9405.39,-9416.44,-9576.0,-9649.64,-9779.43,-9823.96,-9947.07,11745.320000000002,95.14209426695304,11745.320000000002
11627.0,3021658.47,1119210.08,-9406.33,-9416.24,-9575.8,-9649.43,-9779.23,-9823.75,-9946.87,11746.47,99.37357031496208,11746.47
11628.0,3021658.5,1119209.74,-9407.27,-9416.03,-9575.59,-9649.23,-9779.02,-9823.55,-9946.66,11747.62,106.61336136585253,11747.62
11629.0,3021658.53,1119209.41,-9408.21,-9415.83,-9575.39,-9649.02,-9778.82,-9823.34,-9946.46,11748.77,100.49755614021448,11748.77
11630.0,3021658.56,1119209.07,-9409.15,-9415.62,-9575.18,-9648.82,-9778.61,-9823.14,-9946.25,11749.92,96.4313721253308,11749.92
11631.0,3021658.6,1119208.74,-9410.1,-9415.42,-9574.97,-9648.61,-9778.41,-9822.93,-9946.05,11751.070000000002,106.88884808772812,11751.070000000002
11632.0,3021658.63,1119208.4,-9411.04,-9415.2,-9574.76,-9648.4,-9778.19,-9822.72,-9945.83,11752.22,108.81725514085724,11752.22
11633.0,3021658.66,1119208.06,-9411.98,-9414.99,-9574.55,-9648.19,-9777.98,-9822.51,-9945.62,11753.37,98.69036324471062,11753.37
11634.0,3021658.7,1119207.72,-9412.92,-9414.77,-9574.33,-9647.97,-9777.77,-9822.29,-9945.4,11754.52,101.13668533496585,11754.52
11635.0,3021658.74,1119207.38,-9413.85,-9414.56,-9574.12,-9647.76,-9777.55,-9822.08,-9945.19,11755.68,,11755.68
11636.0,3021658.77,1119207.03,-9414.79,-9414.35,-9573.91,-9647.54,-9777.34,-9821.86,-9944.98,11756.83,99.329492439462,11756.83
11637.0,3021658.81,1119206.69,-9415.73,-9414.13,-9573.69,-9647.33,-9777.12,-9821.65,-9944.76,11757.98,90.8555208745689,11757.98
11638.0,3021658.85,1119206.34,-9416.67,-9413.92,-9573.48,-9647.12,-9776.91,-9821.44,-9944.55,11759.13,83.67082716805356,11759.13
11639.0,3021658.89,1119206.0,-9417.61,-9413.7,-9573.26,-9646.9,-9776.7,-9821.22,-9944.34,11760.28,84.08956698530446,11760.28
11640.0,3021658.93,1119205.65,-9418.54,-9413.49,-9573.05,-9646.69,-9776.48,-9821.01,-9944.12,11761.44,85.03724130855649,11761.44
11641.0,3021658.97,1119205.3,-9419.48,-9413.28,-9572.84,-9646.47,-9776.27,-9820.79,-9943.91,11762.59,85.10335812180662,11762.59
11642.0,3021659.01,1119204.95,-9420.41,-9413.05,-9572.61,-9646.25,-9776.05,-9820.57,-9943.68,11763.740000000002,84.26587848730483,11763.740000000002
11643.0,3021659.06,1119204.59,-9421.35,-9412.83,-9572.39,-9646.03,-9775.82,-9820.35,-9943.46,11764.9,83.90223601442906,11764.9
11644.0,3021659.1,1119204.24,-9422.28,-9412.61,-9572.17,-9645.81,-9775.6,-9820.13,-9943.24,11766.06,83.9683528276792,11766.06
11645.0,3021659.14,1119203.89,-9423.22,-9412.39,-9571.95,-9645.58,-9775.38,-9819.9,-9943.02,11767.21,88.00147843593781,11767.21
11646.0,3021659.19,1119203.53,-9424.15,-9412.16,-9571.72,-9645.36,-9775.16,-9819.68,-9942.79,11768.37,88.14473153131313,11768.37
11647.0,3021659.23,1119203.17,-9425.08,-9411.94,-9571.5,-9645.14,-9774.93,-9819.46,-9942.57,11769.52,86.88851207956044,11769.52
11648.0,3021659.28,1119202.81,-9426.01,-9411.72,-9571.28,-9644.92,-9774.71,-9819.24,-9942.35,11770.68,92.51946067469746,11770.68
11649.0,3021659.33,1119202.45,-9426.95,-9411.5,-9571.06,-9644.69,-9774.49,-9819.01,-9942.13,11771.83,95.36248364445352,11771.83
11650.0,3021659.38,1119202.09,-9427.88,-9411.27,-9570.83,-9644.47,-9774.27,-9818.79,-9941.9,11772.990000000002,95.84734027495456,11772.990000000002
11651.0,3021659.42,1119201.73,-9428.81,-9411.05,-9570.61,-9644.25,-9774.04,-9818.57,-9941.68,11774.14,99.7041543812128,11774.14
11652.0,3021659.47,1119201.36,-9429.74,-9410.82,-9570.38,-9644.02,-9773.82,-9818.34,-9941.45,11775.3,81.63222542617422,11775.3
11653.0,3021659.52,1119201.0,-9430.67,-9410.6,-9570.15,-9643.79,-9773.59,-9818.11,-9941.23,11776.46,52.33145768748668,11776.46
11654.0,3021659.58,1119200.63,-9431.6,-9410.38,-9569.94,-9643.58,-9773.38,-9817.9,-9941.01,11777.6,62.86606993200916,11777.6
11655.0,3021659.63,1119200.26,-9432.52,-9410.41,-9569.97,-9643.61,-9773.41,-9817.93,-9941.04,11778.5,69.4446928503982,11778.5
11656.0,3021659.68,1119199.89,-9433.45,-9410.45,-9570.0,-9643.64,-9773.44,-9817.96,-9941.08,11779.39,58.94313901250079,11779.39
11657.0,3021659.73,1119199.52,-9434.38,-9410.48,-9570.03,-9643.67,-9773.47,-9817.99,-9941.11,11780.29,62.91014780750926,11780.29
11658.0,3021659.79,1119199.15,-9435.31,-9410.51,-9570.07,-9643.7,-9773.5,-9818.02,-9941.14,11781.19,58.17177619124915,11781.19
11659.0,3021659.84,1119198.78,-9436.23,-9410.54,-9570.1,-9643.74,-9773.53,-9818.05,-9941.17,11782.08,57.95138681374868,11782.08
11660.0,3021659.9,1119198.4,-9437.16,-9410.57,-9570.13,-9643.77,-9773.56,-9818.09,-9941.2,11782.98,60.320572621878725,11782.98
11661.0,3021659.96,1119198.03,-9438.08,-9410.6,-9570.16,-9643.8,-9773.59,-9818.12,-9941.23,11783.87,66.56861147401706,11783.87
11662.0,3021660.01,1119197.65,-9439.01,-9410.63,-9570.19,-9643.83,-9773.62,-9818.15,-9941.26,11784.76,71.91305387840347,11784.76
11663.0,3021660.07,1119197.27,-9439.93,-9410.66,-9570.22,-9643.86,-9773.66,-9818.18,-9941.29,11785.65,,11785.65
11664.0,3021660.13,1119196.89,-9440.85,-9410.7,-9570.25,-9643.89,-9773.69,-9818.21,-9941.33,11786.54,76.73958124566377,11786.54
11665.0,3021660.19,1119196.51,-9441.78,-9410.73,-9570.29,-9643.93,-9773.72,-9818.24,-9941.36,11787.43,88.78386072606449,11787.43
11666.0,3021660.25,1119196.13,-9442.7,-9410.76,-9570.32,-9643.96,-9773.75,-9818.28,-9941.39,11788.320000000002,115.67136478112184,11788.320000000002
11667.0,3021660.31,1119195.74,-9443.62,-9410.79,-9570.35,-9643.99,-9773.78,-9818.31,-9941.42,11789.21,99.9025048209632,11789.21
11668.0,3021660.37,1119195.36,-9444.54,-9410.82,-9570.38,-9644.02,-9773.81,-9818.34,-9941.45,11790.1,71.7808202519032,11790.1
11669.0,3021660.44,1119194.97,-9445.46,-9410.86,-9570.41,-9644.05,-9773.85,-9818.37,-9941.49,11790.990000000002,73.25742908115635,11790.990000000002
11670.0,3021660.5,1119194.58,-9446.38,-9410.89,-9570.45,-9644.08,-9773.88,-9818.4,-9941.52,11791.88,63.3509265625102,11791.88
11671.0,3021660.56,1119194.19,-9447.3,-9410.92,-9570.48,-9644.12,-9773.91,-9818.44,-9941.55,11792.77,,11792.77
11672.0,3021660.63,1119193.8,-9448.22,-9410.95,-9570.51,-9644.15,-9773.94,-9818.47,-9941.58,11793.65,71.84693706515334,11793.65
11673.0,3021660.7,1119193.41,-9449.13,-9410.99,-9570.54,-9644.18,-9773.98,-9818.5,-9941.62,11794.53,75.08666091441025,11794.53
11674.0,3021660.76,1119193.02,-9450.05,-9411.02,-9570.58,-9644.22,-9774.01,-9818.54,-9941.65,11795.41,77.3566715026651,11795.41
11675.0,3021660.83,1119192.62,-9450.97,-9411.05,-9570.61,-9644.25,-9774.04,-9818.57,-9941.68,11796.3,71.71470343865305,11796.3
11676.0,3021660.9,1119192.23,-9451.88,-9411.08,-9570.64,-9644.28,-9774.08,-9818.6,-9941.71,11797.18,76.34288036616293,11797.18
11677.0,3021660.97,1119191.83,-9452.8,-9411.12,-9570.68,-9644.31,-9774.11,-9818.63,-9941.75,11798.06,77.02608743641439,11798.06
11678.0,3021661.04,1119191.43,-9453.71,-9411.15,-9570.71,-9644.35,-9774.14,-9818.67,-9941.78,11798.95,77.31259362716499,11798.95
11679.0,3021661.11,1119191.04,-9454.63,-9411.18,-9570.74,-9644.38,-9774.17,-9818.7,-9941.81,11799.83,73.51087686528187,11799.83
11680.0,3021661.18,1119190.64,-9455.54,-9411.22,-9570.77,-9644.41,-9774.21,-9818.73,-9941.85,11800.71,81.65426436392426,11800.71
11681.0,3021661.25,1119190.23,-9456.45,-9411.25,-9570.81,-9644.45,-9774.24,-9818.77,-9941.88,11801.59,78.0619175106666,11801.59
11682.0,3021661.32,1119189.83,-9457.37,-9411.28,-9570.84,-9644.48,-9774.27,-9818.8,-9941.91,11802.47,71.00945743065154,11802.47
11683.0,3021661.4,1119189.43,-9458.28,-9411.32,-9570.88,-9644.51,-9774.31,-9818.83,-9941.95,11803.34,88.80589966381453,11803.34
11684.0,3021661.47,1119189.02,-9459.19,-9411.35,-9570.91,-9644.55,-9774.34,-9818.87,-9941.98,11804.22,66.53555306739199,11804.22
11685.0,3021661.55,1119188.61,-9460.1,-9411.39,-9570.94,-9644.58,-9774.38,-9818.9,-9942.02,11805.09,60.6842150947545,11805.09
11686.0,3021661.62,1119188.2,-9461.01,-9411.42,-9570.98,-9644.62,-9774.41,-9818.94,-9942.05,11805.97,62.28203808163291,11805.97
11687.0,3021661.7,1119187.8,-9461.92,-9411.45,-9571.01,-9644.65,-9774.45,-9818.97,-9942.08,11806.84,64.83855486063838,11806.84
11688.0,3021661.78,1119187.38,-9462.83,-9411.49,-9571.05,-9644.69,-9774.48,-9819.01,-9942.12,11807.72,66.94327341576786,11807.72
11689.0,3021661.85,1119186.97,-9463.73,-9411.52,-9571.08,-9644.72,-9774.51,-9819.04,-9942.15,11808.6,78.27128741929204,11808.6
11690.0,3021661.93,1119186.56,-9464.64,-9411.56,-9571.12,-9644.75,-9774.55,-9819.07,-9942.19,11809.47,72.39791050890452,11809.47
11691.0,3021662.01,1119186.14,-9465.55,-9411.59,-9571.15,-9644.79,-9774.58,-9819.11,-9942.22,11810.35,63.51621859563555,11810.35
11692.0,3021662.09,1119185.73,-9466.45,-9411.63,-9571.18,-9644.82,-9774.62,-9819.14,-9942.26,11811.21,63.152576122759776,11811.21
11693.0,3021662.18,1119185.31,-9467.36,-9411.66,-9571.22,-9644.86,-9774.65,-9819.18,-9942.29,11812.08,59.58226820725215,11812.08
11694.0,3021662.26,1119184.89,-9468.26,-9411.7,-9571.26,-9644.89,-9774.69,-9819.21,-9942.33,11812.95,56.6510894864959,11812.95
11695.0,3021662.34,1119184.47,-9469.17,-9411.73,-9571.29,-9644.93,-9774.72,-9819.25,-9942.36,11813.820000000002,65.36748936663949,11813.820000000002
11696.0,3021662.42,1119184.05,-9470.07,-9411.77,-9571.33,-9644.96,-9774.76,-9819.28,-9942.4,11814.68,64.62918495201293,11814.68
11697.0,3021662.51,1119183.63,-9470.97,-9411.8,-9571.36,-9645.0,-9774.79,-9819.32,-9942.43,11815.55,66.68982563164232,11815.55
11698.0,3021662.59,1119183.21,-9471.88,-9411.84,-9571.4,-9645.03,-9774.83,-9819.35,-9942.47,11816.42,71.22984680815202,11816.42
11699.0,3021662.68,1119182.78,-9472.78,-9411.87,-9571.43,-9645.07,-9774.86,-9819.39,-9942.5,11817.29,77.94070335304134,11817.29
11700.0,3021662.77,1119182.36,-9473.68,-9411.91,-9571.47,-9645.11,-9774.9,-9819.43,-9942.54,11818.15,82.50276346730108,11818.15
11701.0,3021662.85,1119181.93,-9474.58,-9411.94,-9571.5,-9645.14,-9774.93,-9819.46,-9942.57,11819.02,65.5548203375149,11819.02
11702.0,3021662.94,1119181.5,-9475.48,-9411.98,-9571.54,-9645.18,-9774.97,-9819.5,-9942.61,11819.88,68.17745392977051,11819.88
11703.0,3021663.03,1119181.07,-9476.38,-9412.02,-9571.57,-9645.21,-9775.01,-9819.53,-9942.65,11820.740000000002,70.28217248489999,11820.740000000002
11704.0,3021663.12,1119180.64,-9477.27,-9412.05,-9571.61,-9645.25,-9775.04,-9819.57,-9942.68,11821.6,71.6375671565279,11821.6
11705.0,3021663.21,1119180.21,-9478.17,-9412.09,-9571.65,-9645.29,-9775.08,-9819.61,-9942.72,11822.46,68.3647849006459,11822.46
11706.0,3021663.3,1119179.77,-9479.07,-9412.13,-9571.68,-9645.32,-9775.12,-9819.64,-9942.76,11823.320000000002,68.94881675102214,11823.320000000002
11707.0,3021663.39,1119179.34,-9479.96,-9412.16,-9571.72,-9645.36,-9775.15,-9819.68,-9942.79,11824.18,62.0836876418825,11824.18
11708.0,3021663.49,1119178.9,-9480.86,-9412.2,-9571.76,-9645.4,-9775.19,-9819.72,-9942.83,11825.04,63.64845222213584,11825.04
11709.0,3021663.58,1119178.47,-9481.75,-9412.23,-9571.79,-9645.43,-9775.23,-9819.75,-9942.86,11825.9,60.13324165100333,11825.9
11710.0,3021663.68,1119178.03,-9482.65,-9412.27,-9571.83,-9645.47,-9775.26,-9819.79,-9942.9,11826.76,71.91305387840347,11826.76
11711.0,3021663.77,1119177.59,-9483.54,-9412.31,-9571.87,-9645.5,-9775.3,-9819.82,-9942.94,11827.62,67.81381145689473,11827.62
11712.0,3021663.87,1119177.15,-9484.43,-9412.34,-9571.9,-9645.54,-9775.34,-9819.86,-9942.98,11828.47,68.18847339864551,11828.47
11713.0,3021663.96,1119176.71,-9485.32,-9412.38,-9571.94,-9645.58,-9775.37,-9819.9,-9943.01,11829.320000000002,76.17758833303756,11829.320000000002
11714.0,3021664.06,1119176.26,-9486.21,-9412.42,-9571.98,-9645.62,-9775.41,-9819.94,-9943.05,11830.18,66.55759200514206,11830.18
11715.0,3021664.16,1119175.82,-9487.1,-9412.46,-9572.02,-9645.65,-9775.45,-9819.97,-9943.09,11831.03,66.85511766476768,11831.03
11716.0,3021664.26,1119175.37,-9487.99,-9412.49,-9572.05,-9645.69,-9775.49,-9820.01,-9943.12,11831.88,70.42542558027529,11831.88
11717.0,3021664.36,1119174.92,-9488.88,-9412.53,-9572.09,-9645.73,-9775.52,-9820.05,-9943.16,11832.73,78.60187148554274,11832.73
11718.0,3021664.46,1119174.48,-9489.77,-9412.57,-9572.13,-9645.77,-9775.56,-9820.09,-9943.2,11833.58,64.93773008051357,11833.58
11719.0,3021664.56,1119174.03,-9490.66,-9412.61,-9572.17,-9645.8,-9775.6,-9820.12,-9943.24,11834.43,64.94874954938861,11834.43
11720.0,3021664.66,1119173.57,-9491.55,-9412.64,-9572.2,-9645.84,-9775.64,-9820.16,-9943.27,11835.29,61.51067526038126,11835.29
11721.0,3021664.76,1119173.12,-9492.43,-9412.68,-9572.24,-9645.88,-9775.67,-9820.2,-9943.31,11836.14,62.01757082863236,11836.14
11722.0,3021664.87,1119172.67,-9493.32,-9412.72,-9572.28,-9645.92,-9775.71,-9820.24,-9943.35,11836.98,61.81922038888192,11836.98
11723.0,3021664.97,1119172.21,-9494.2,-9412.76,-9572.32,-9645.96,-9775.75,-9820.28,-9943.39,11837.820000000002,63.03136196513452,11837.820000000002
11724.0,3021665.07,1119171.75,-9495.08,-9412.8,-9572.36,-9646.0,-9775.79,-9820.32,-9943.43,11838.66,75.72579010916161,11838.66
11725.0,3021665.17,1119171.29,-9495.96,-9412.84,-9572.4,-9646.03,-9775.83,-9820.35,-9943.47,11839.5,64.97078848713865,11839.5
11726.0,3021665.28,1119170.83,-9496.84,-9412.88,-9572.43,-9646.07,-9775.87,-9820.39,-9943.51,11840.34,58.722749635000326,11840.34
11727.0,3021665.38,1119170.37,-9497.72,-9412.92,-9572.47,-9646.11,-9775.91,-9820.43,-9943.55,11841.19,68.15541499202044,11841.19
11728.0,3021665.49,1119169.9,-9498.6,-9412.95,-9572.51,-9646.15,-9775.95,-9820.47,-9943.58,11842.03,75.71477064028657,11842.03
11729.0,3021665.59,1119169.43,-9499.48,-9412.99,-9572.55,-9646.19,-9775.98,-9820.51,-9943.62,11842.87,63.26277081151001,11842.87
11730.0,3021665.7,1119168.96,-9500.36,-9413.03,-9572.59,-9646.23,-9776.02,-9820.55,-9943.66,11843.71,57.8632310627485,11843.71
11731.0,3021665.8,1119168.49,-9501.23,-9413.07,-9572.63,-9646.27,-9776.06,-9820.59,-9943.7,11844.55,69.99566629414937,11844.55
11732.0,3021665.91,1119168.02,-9502.11,-9413.11,-9572.67,-9646.31,-9776.1,-9820.63,-9943.74,11845.38,87.16399880143602,11845.38
11733.0,3021666.01,1119167.55,-9502.98,-9413.15,-9572.71,-9646.35,-9776.14,-9820.67,-9943.78,11846.21,90.35964477519283,11846.21
11734.0,3021666.12,1119167.07,-9503.86,-9413.19,-9572.75,-9646.39,-9776.18,-9820.71,-9943.82,11847.04,79.11978652266885,11847.04
11735.0,3021666.22,1119166.59,-9504.73,-9413.23,-9572.79,-9646.43,-9776.22,-9820.75,-9943.86,11847.87,71.91305387840347,11847.87
11736.0,3021666.33,1119166.11,-9505.6,-9413.27,-9572.83,-9646.47,-9776.26,-9820.79,-9943.9,11848.7,72.58524147977991,11848.7
11737.0,3021666.44,1119165.63,-9506.47,-9413.31,-9572.87,-9646.51,-9776.3,-9820.83,-9943.94,11849.53,70.02872470077445,11849.53
11738.0,3021666.54,1119165.15,-9507.34,-9413.35,-9572.91,-9646.55,-9776.34,-9820.87,-9943.98,11850.36,64.2875814168872,11850.36
11739.0,3021666.65,1119164.66,-9508.2,-9413.39,-9572.95,-9646.59,-9776.38,-9820.91,-9944.02,11851.19,56.9816735527466,11851.19
11740.0,3021666.76,1119164.17,-9509.07,-9413.43,-9572.99,-9646.63,-9776.42,-9820.95,-9944.06,11852.02,60.47484518612906,11852.02
11741.0,3021666.87,1119163.68,-9509.94,-9413.47,-9573.03,-9646.67,-9776.46,-9820.99,-9944.1,11852.85,71.692664500903,11852.85
11742.0,3021666.98,1119163.19,-9510.8,-9413.52,-9573.07,-9646.71,-9776.51,-9821.03,-9944.15,11853.67,71.84693706515334,11853.67
11743.0,3021667.08,1119162.7,-9511.67,-9413.56,-9573.12,-9646.75,-9776.55,-9821.07,-9944.19,11854.490000000002,,11854.490000000002
11744.0,3021667.19,1119162.21,-9512.53,-9413.6,-9573.16,-9646.8,-9776.59,-9821.12,-9944.23,11855.31,72.41994944665456,11855.31
11745.0,3021667.3,1119161.71,-9513.39,-9413.64,-9573.2,-9646.84,-9776.63,-9821.16,-9944.27,11856.12,79.59362368429487,11856.12
11746.0,3021667.41,1119161.21,-9514.25,-9413.68,-9573.24,-9646.88,-9776.67,-9821.2,-9944.31,11856.94,100.51959507796452,11856.94
11747.0,3021667.52,1119160.71,-9515.11,-9413.72,-9573.28,-9646.92,-9776.72,-9821.24,-9944.35,11857.76,81.58814755067412,11857.76
11748.0,3021667.63,1119160.21,-9515.97,-9413.77,-9573.32,-9646.96,-9776.76,-9821.28,-9944.4,11858.58,74.80015472365963,11858.58
11749.0,3021667.74,1119159.71,-9516.82,-9413.81,-9573.37,-9647.01,-9776.8,-9821.33,-9944.44,11859.4,74.41447331303381,11859.4
11750.0,3021667.85,1119159.21,-9517.68,-9413.85,-9573.41,-9647.05,-9776.84,-9821.37,-9944.48,11860.21,80.00134403267073,11860.21
11751.0,3021667.96,1119158.7,-9518.54,-9413.89,-9573.45,-9647.09,-9776.88,-9821.41,-9944.52,11861.03,75.14175825878536,11861.03
11752.0,3021668.07,1119158.19,-9519.39,-9413.94,-9573.49,-9647.13,-9776.93,-9821.45,-9944.57,11861.84,72.82766979503043,11861.84
11753.0,3021668.19,1119157.68,-9520.24,-9413.98,-9573.54,-9647.18,-9776.97,-9821.5,-9944.61,11862.64,73.62107155403211,11862.64
11754.0,3021668.3,1119157.17,-9521.09,-9414.02,-9573.58,-9647.22,-9777.01,-9821.54,-9944.65,11863.45,71.79183972077821,11863.45
11755.0,3021668.41,1119156.66,-9521.95,-9414.06,-9573.62,-9647.26,-9777.06,-9821.58,-9944.7,11864.26,73.96267508915786,11864.26
11756.0,3021668.52,1119156.14,-9522.8,-9414.11,-9573.67,-9647.31,-9777.1,-9821.63,-9944.74,11865.06,82.19421833880041,11865.06
11757.0,3021668.63,1119155.62,-9523.64,-9414.15,-9573.71,-9647.35,-9777.14,-9821.67,-9944.78,11865.87,94.23849781920111,11865.87
11758.0,3021668.75,1119155.11,-9524.49,-9414.19,-9573.75,-9647.39,-9777.19,-9821.71,-9944.82,11866.67,101.94110656284256,11866.67
11759.0,3021668.86,1119154.59,-9525.34,-9414.24,-9573.8,-9647.44,-9777.23,-9821.75,-9944.87,11867.48,83.08679531767733,11867.48
11760.0,3021668.97,1119154.06,-9526.18,-9414.28,-9573.84,-9647.48,-9777.27,-9821.8,-9944.91,11868.29,68.98187515764721,11868.29
11761.0,3021669.09,1119153.54,-9527.03,-9414.32,-9573.88,-9647.52,-9777.32,-9821.84,-9944.95,11869.09,65.62093715076504,11869.09
11762.0,3021669.2,1119153.01,-9527.87,-9414.37,-9573.93,-9647.57,-9777.36,-9821.89,-9945.0,11869.88,63.97903628838655,11869.88
11763.0,3021669.32,1119152.49,-9528.71,-9414.41,-9573.97,-9647.61,-9777.4,-9821.93,-9945.04,11870.68,67.81381145689473,11870.68
11764.0,3021669.43,1119151.96,-9529.55,-9414.46,-9574.02,-9647.66,-9777.45,-9821.98,-9945.09,11871.47,69.99566629414937,11871.47
11765.0,3021669.55,1119151.43,-9530.39,-9414.5,-9574.06,-9647.7,-9777.49,-9822.02,-9945.13,11872.26,70.62377602002573,11872.26
11766.0,3021669.66,1119150.89,-9531.23,-9414.55,-9574.11,-9647.75,-9777.54,-9822.06,-9945.18,11873.06,76.43103611716312,11873.06
11767.0,3021669.78,1119150.36,-9532.07,-9414.59,-9574.15,-9647.79,-9777.58,-9822.11,-9945.22,11873.85,79.8470714684204,11873.85
11768.0,3021669.89,1119149.82,-9532.91,-9414.64,-9574.2,-9647.83,-9777.63,-9822.15,-9945.27,11874.64,69.26838134839782,11874.64
11769.0,3021670.01,1119149.29,-9533.74,-9414.68,-9574.24,-9647.88,-9777.67,-9822.2,-9945.31,11875.44,67.21876013764346,11875.44
11770.0,3021670.12,1119148.75,-9534.57,-9414.73,-9574.29,-9647.92,-9777.72,-9822.24,-9945.36,11876.23,71.82489812740327,11876.23
11771.0,3021670.24,1119148.21,-9535.41,-9414.77,-9574.33,-9647.97,-9777.76,-9822.29,-9945.4,11877.02,68.00114242777012,11877.02
11772.0,3021670.36,1119147.66,-9536.24,-9414.82,-9574.38,-9648.01,-9777.81,-9822.33,-9945.45,11877.8,69.1581866596476,11877.8
11773.0,3021670.47,1119147.12,-9537.07,-9414.86,-9574.42,-9648.06,-9777.85,-9822.38,-9945.49,11878.59,79.52750687104472,11878.59
11774.0,3021670.59,1119146.57,-9537.9,-9414.91,-9574.47,-9648.11,-9777.9,-9822.43,-9945.54,11879.37,81.3897971109237,11879.37
11775.0,3021670.71,1119146.03,-9538.73,-9414.96,-9574.51,-9648.15,-9777.95,-9822.47,-9945.59,11880.15,74.66792109715935,11880.15
11776.0,3021670.83,1119145.48,-9539.56,-9415.0,-9574.56,-9648.2,-9777.99,-9822.52,-9945.63,11880.93,72.97092289040573,11880.93
11777.0,3021670.94,1119144.93,-9540.38,-9415.05,-9574.61,-9648.25,-9778.04,-9822.57,-9945.68,11881.71,69.58794594577351,11881.71
11778.0,3021671.06,1119144.37,-9541.21,-9415.09,-9574.65,-9648.29,-9778.09,-9822.61,-9945.72,11882.490000000002,76.48613346153823,11882.490000000002
11779.0,3021671.18,1119143.82,-9542.03,-9415.14,-9574.7,-9648.34,-9778.13,-9822.66,-9945.77,11883.27,87.57171914981188,11883.27
11780.0,3021671.3,1119143.26,-9542.85,-9415.19,-9574.74,-9648.38,-9778.18,-9822.7,-9945.82,11884.05,83.4504377905531,11884.05
11781.0,3021671.42,1119142.7,-9543.67,-9415.23,-9574.79,-9648.43,-9778.22,-9822.75,-9945.86,11884.83,81.7644590526745,11884.83
11782.0,3021671.54,1119142.14,-9544.49,-9415.28,-9574.84,-9648.48,-9778.27,-9822.8,-9945.91,11885.6,84.97112449530634,11885.6
11783.0,3021671.66,1119141.58,-9545.31,-9415.33,-9574.89,-9648.52,-9778.32,-9822.84,-9945.96,11886.36,89.66541823606636,11886.36
11784.0,3021671.78,1119141.02,-9546.13,-9415.38,-9574.93,-9648.57,-9778.37,-9822.89,-9946.01,11887.13,89.78663239369162,11887.13
11785.0,3021671.9,1119140.46,-9546.95,-9415.42,-9574.98,-9648.62,-9778.41,-9822.94,-9946.05,11887.9,85.52209793905752,11887.9
11786.0,3021672.02,1119139.89,-9547.76,-9415.47,-9575.03,-9648.67,-9778.46,-9822.99,-9946.1,11888.67,78.1610927305418,11888.67
11787.0,3021672.14,1119139.32,-9548.58,-9415.52,-9575.08,-9648.71,-9778.51,-9823.03,-9946.15,11889.43,82.2382962143005,11889.43
11788.0,3021672.26,1119138.75,-9549.39,-9415.57,-9575.12,-9648.76,-9778.56,-9823.08,-9946.2,11890.2,86.91055101731048,11890.2
11789.0,3021672.38,1119138.18,-9550.2,-9415.61,-9575.17,-9648.81,-9778.6,-9823.13,-9946.24,11890.97,87.13094039481096,11890.97
11790.0,3021672.51,1119137.61,-9551.01,-9415.66,-9575.22,-9648.86,-9778.65,-9823.18,-9946.29,11891.73,86.78933685968522,11891.73
11791.0,3021672.63,1119137.03,-9551.82,-9415.71,-9575.27,-9648.9,-9778.7,-9823.22,-9946.34,11892.5,80.50823960092181,11892.5
11792.0,3021672.75,1119136.46,-9552.63,-9415.76,-9575.32,-9648.95,-9778.75,-9823.27,-9946.39,11893.25,82.2382962143005,11893.25
11793.0,3021672.87,1119135.88,-9553.44,-9415.81,-9575.36,-9649.0,-9778.8,-9823.32,-9946.44,11894.01,82.54684134280116,11894.01
11794.0,3021672.99,1119135.3,-9554.24,-9415.85,-9575.41,-9649.05,-9778.85,-9823.37,-9946.48,11894.76,,11894.76
11795.0,3021673.12,1119134.72,-9555.05,-9415.9,-9575.46,-9649.1,-9778.89,-9823.42,-9946.53,11895.52,90.95469609444412,11895.52
11796.0,3021673.24,1119134.14,-9555.85,-9415.95,-9575.51,-9649.15,-9778.94,-9823.47,-9946.58,11896.27,82.0950431189252,11896.27
11797.0,3021673.36,1119133.55,-9556.65,-9416.0,-9575.56,-9649.2,-9778.99,-9823.52,-9946.63,11897.02,87.80312799618738,11897.02
11798.0,3021673.49,1119132.96,-9557.45,-9416.05,-9575.61,-9649.25,-9779.04,-9823.57,-9946.68,11897.78,82.80028912692671,11897.78
11799.0,3021673.61,1119132.38,-9558.25,-9416.1,-9575.66,-9649.3,-9779.09,-9823.62,-9946.73,11898.53,81.7644590526745,11898.53
11800.0,3021673.74,1119131.79,-9559.05,-9416.15,-9575.71,-9649.34,-9779.14,-9823.66,-9946.78,11899.28,76.26574408403775,11899.28
11801.0,3021673.86,1119131.2,-9559.85,-9416.2,-9575.76,-9649.39,-9779.19,-9823.71,-9946.83,11900.04,82.51378293617609,11900.04
11802.0,3021673.99,1119130.6,-9560.64,-9416.25,-9575.81,-9649.44,-9779.24,-9823.76,-9946.88,11900.78,81.55508914404905,11900.78
11803.0,3021674.11,1119130.01,-9561.44,-9416.3,-9575.86,-9649.49,-9779.29,-9823.81,-9946.93,11901.52,87.65987490081207,11901.52
11804.0,3021674.24,1119129.41,-9562.23,-9416.35,-9575.91,-9649.54,-9779.34,-9823.86,-9946.98,11902.26,82.24931568317554,11902.26
11805.0,3021674.36,1119128.82,-9563.02,-9416.4,-9575.96,-9649.59,-9779.39,-9823.91,-9947.03,11903.0,79.8911493439205,11903.0
11806.0,3021674.49,1119128.22,-9563.81,-9416.45,-9576.01,-9649.65,-9779.44,-9823.96,-9947.08,11903.740000000002,,11903.740000000002
11807.0,3021674.61,1119127.62,-9564.6,-9416.5,-9576.06,-9649.7,-9779.49,-9824.02,-9947.13,11904.48,93.96301109732552,11904.48
11808.0,3021674.74,1119127.01,-9565.39,-9416.55,-9576.11,-9649.75,-9779.54,-9824.07,-9947.18,11905.22,89.77561292481658,11905.22
11809.0,3021674.87,1119126.41,-9566.18,-9416.6,-9576.16,-9649.8,-9779.59,-9824.12,-9947.23,11905.96,82.49174399842605,11905.96
11810.0,3021674.99,1119125.8,-9566.96,-9416.65,-9576.21,-9649.85,-9779.64,-9824.17,-9947.28,11906.7,78.31536529479213,11906.7
11811.0,3021675.12,1119125.2,-9567.75,-9416.7,-9576.26,-9649.9,-9779.69,-9824.22,-9947.33,11907.44,75.78088745353672,11907.44
11812.0,3021675.25,1119124.59,-9568.53,-9416.75,-9576.31,-9649.95,-9779.74,-9824.27,-9947.38,11908.16,75.27399188528565,11908.16
11813.0,3021675.38,1119123.98,-9569.31,-9416.8,-9576.36,-9650.0,-9779.79,-9824.32,-9947.43,11908.89,79.36221483791937,11908.89
11814.0,3021675.5,1119123.37,-9570.09,-9416.85,-9576.41,-9650.05,-9779.84,-9824.37,-9947.48,11909.62,81.02615463804793,11909.62
11815.0,3021675.63,1119122.75,-9570.87,-9416.91,-9576.46,-9650.1,-9779.9,-9824.42,-9947.54,11910.34,81.83057586592464,11910.34
11816.0,3021675.76,1119122.14,-9571.65,-9416.96,-9576.52,-9650.15,-9779.95,-9824.47,-9947.59,11911.070000000002,77.42278831591524,11911.070000000002
11817.0,3021675.89,1119121.52,-9572.43,-9417.01,-9576.57,-9650.21,-9780.0,-9824.53,-9947.64,11911.8,83.15291213092745,11911.8
11818.0,3021676.01,1119120.91,-9573.2,-9417.06,-9576.62,-9650.26,-9780.05,-9824.58,-9947.69,11912.52,86.13918819605884,11912.52
11819.0,3021676.14,1119120.29,-9573.98,-9417.11,-9576.67,-9650.31,-9780.1,-9824.63,-9947.74,11913.25,82.39256877855084,11913.25
11820.0,3021676.27,1119119.67,-9574.76,-9417.16,-9576.72,-9650.36,-9780.15,-9824.68,-9947.79,11913.98,82.86640594017685,11913.98
11821.0,3021676.39,1119119.05,-9575.53,-9417.21,-9576.77,-9650.41,-9780.21,-9824.73,-9947.84,11914.7,80.32090863004642,11914.7
11822.0,3021676.52,1119118.43,-9576.3,-9417.27,-9576.82,-9650.46,-9780.26,-9824.78,-9947.9,11915.42,97.98511723670912,11915.42
11823.0,3021676.65,1119117.8,-9577.08,-9417.32,-9576.88,-9650.52,-9780.31,-9824.84,-9947.95,11916.14,90.2935279619427,11916.14
11824.0,3021676.77,1119117.18,-9577.85,-9417.37,-9576.93,-9650.57,-9780.36,-9824.89,-9948.0,11916.85,74.59078481503418,11916.85
11825.0,3021676.9,1119116.56,-9578.62,-9417.42,-9576.98,-9650.62,-9780.41,-9824.94,-9948.05,11917.570000000002,74.43651225078385,11917.570000000002
11826.0,3021677.02,1119115.93,-9579.39,-9417.48,-9577.03,-9650.67,-9780.47,-9824.99,-9948.11,11918.29,,11918.29
11827.0,3021677.15,1119115.3,-9580.16,-9417.53,-9577.09,-9650.73,-9780.52,-9825.05,-9948.16,11919.01,62.67873896113376,11919.01
11828.0,3021677.27,1119114.68,-9580.93,-9417.58,-9577.14,-9650.78,-9780.57,-9825.1,-9948.21,11919.72,58.8990611370007,11919.72
11829.0,3021677.4,1119114.05,-9581.69,-9417.63,-9577.19,-9650.83,-9780.62,-9825.15,-9948.26,11920.44,52.40859396961185,11920.44
11830.0,3021677.52,1119113.42,-9582.46,-9417.69,-9577.24,-9650.88,-9780.68,-9825.2,-9948.32,11921.16,54.20476739624068,11921.16
11831.0,3021677.64,1119112.79,-9583.22,-9417.74,-9577.3,-9650.94,-9780.73,-9825.25,-9948.37,11921.88,59.67042395825235,11921.88
11832.0,3021677.77,1119112.15,-9583.99,-9417.79,-9577.35,-9650.99,-9780.78,-9825.31,-9948.42,11922.58,57.5877443408729,11922.58
11833.0,3021677.89,1119111.52,-9584.75,-9417.84,-9577.4,-9651.04,-9780.84,-9825.36,-9948.47,11923.29,54.46923464924124,11923.29
11834.0,3021678.01,1119110.89,-9585.52,-9417.9,-9577.46,-9651.09,-9780.89,-9825.41,-9948.53,11924.0,66.10579378126607,11924.0
11835.0,3021678.14,1119110.25,-9586.28,-9417.95,-9577.51,-9651.15,-9780.94,-9825.47,-9948.58,11924.71,79.58260421541983,11924.71
11836.0,3021678.26,1119109.61,-9587.04,-9418.0,-9577.56,-9651.2,-9781.0,-9825.52,-9948.63,11925.41,66.68982563164232,11925.41
11837.0,3021678.38,1119108.98,-9587.8,-9418.06,-9577.62,-9651.25,-9781.05,-9825.57,-9948.69,11926.12,63.03136196513452,11926.12
11838.0,3021678.5,1119108.34,-9588.56,-9418.11,-9577.67,-9651.31,-9781.1,-9825.63,-9948.74,11926.83,61.97349295313225,11926.83
11839.0,3021678.63,1119107.7,-9589.32,-9418.16,-9577.72,-9651.36,-9781.16,-9825.68,-9948.79,11927.54,64.87161326726346,11927.54
11840.0,3021678.75,1119107.06,-9590.08,-9418.22,-9577.78,-9651.41,-9781.21,-9825.73,-9948.85,11928.240000000002,77.3676909715401,11928.240000000002
11841.0,3021678.87,1119106.41,-9590.83,-9418.27,-9577.83,-9651.47,-9781.26,-9825.79,-9948.9,11928.95,67.56036367276918,11928.95
11842.0,3021678.99,1119105.77,-9591.59,-9418.32,-9577.88,-9651.52,-9781.32,-9825.84,-9948.95,11929.65,61.01479916100522,11929.65
11843.0,3021679.11,1119105.13,-9592.34,-9418.38,-9577.94,-9651.58,-9781.37,-9825.9,-9949.01,11930.35,60.69523456362953,11930.35
11844.0,3021679.23,1119104.48,-9593.1,-9418.43,-9577.99,-9651.63,-9781.42,-9825.95,-9949.06,11931.05,63.03136196513452,11931.05
11845.0,3021679.35,1119103.83,-9593.85,-9418.49,-9578.05,-9651.68,-9781.48,-9826.0,-9949.12,11931.740000000002,65.06996370701387,11931.740000000002
11846.0,3021679.47,1119103.19,-9594.6,-9418.54,-9578.1,-9651.74,-9781.53,-9826.06,-9949.17,11932.44,60.13324165100333,11932.44
11847.0,3021679.59,1119102.54,-9595.36,-9418.6,-9578.15,-9651.79,-9781.59,-9826.11,-9949.23,11933.14,62.14980445513264,11933.14
11848.0,3021679.71,1119101.89,-9596.11,-9418.65,-9578.21,-9651.85,-9781.64,-9826.17,-9949.28,11933.84,60.463825717254046,11933.84
11849.0,3021679.83,1119101.24,-9596.86,-9418.7,-9578.26,-9651.9,-9781.69,-9826.22,-9949.33,11934.53,63.7696663797611,11934.53
11850.0,3021679.95,1119100.59,-9597.61,-9418.76,-9578.32,-9651.95,-9781.75,-9826.27,-9949.39,11935.23,61.31232482063085,11935.23
11851.0,3021680.07,1119099.93,-9598.35,-9418.81,-9578.37,-9652.01,-9781.8,-9826.33,-9949.44,11935.93,58.06158150249891,11935.93
11852.0,3021680.19,1119099.28,-9599.1,-9418.87,-9578.43,-9652.06,-9781.86,-9826.38,-9949.5,11936.62,62.21592126838277,11936.62
11853.0,3021680.31,1119098.62,-9599.85,-9418.92,-9578.48,-9652.12,-9781.91,-9826.44,-9949.55,11937.31,63.5382575333856,11937.31
11854.0,3021680.42,1119097.97,-9600.59,-9418.98,-9578.54,-9652.17,-9781.97,-9826.49,-9949.61,11937.990000000002,66.71186456939238,11937.990000000002
11855.0,3021680.54,1119097.31,-9601.34,-9419.03,-9578.59,-9652.23,-9782.02,-9826.55,-9949.66,11938.68,66.9542928846429,11938.68
11856.0,3021680.66,1119096.65,-9602.08,-9419.09,-9578.64,-9652.28,-9782.08,-9826.6,-9949.72,11939.37,63.99005575726156,11939.37
11857.0,3021680.78,1119095.99,-9602.82,-9419.14,-9578.7,-9652.34,-9782.13,-9826.66,-9949.77,11940.06,54.05049483199035,11940.06
11858.0,3021680.89,1119095.33,-9603.56,-9419.2,-9578.75,-9652.39,-9782.19,-9826.71,-9949.83,11940.75,49.67576568860601,11940.75
11859.0,3021681.01,1119094.67,-9604.31,-9419.25,-9578.81,-9652.45,-9782.24,-9826.77,-9949.88,11941.43,50.90994620260865,11941.43
11860.0,3021681.13,1119094.01,-9605.05,-9419.31,-9578.86,-9652.5,-9782.3,-9826.82,-9949.94,11942.12,52.000873621235975,11942.12
11861.0,3021681.24,1119093.34,-9605.78,-9419.36,-9578.92,-9652.56,-9782.35,-9826.88,-9949.99,11942.81,55.747493038743976,11942.81
11862.0,3021681.36,1119092.68,-9606.52,-9419.42,-9578.98,-9652.61,-9782.41,-9826.93,-9950.05,11943.490000000002,61.852278795507,11943.490000000002
11863.0,3021681.48,1119092.01,-9607.26,-9419.47,-9579.03,-9652.67,-9782.46,-9826.99,-9950.1,11944.17,65.598898213015,11944.17
11864.0,3021681.59,1119091.35,-9608.0,-9419.53,-9579.09,-9652.73,-9782.52,-9827.05,-9950.16,11944.85,56.75026470637111,11944.85
11865.0,3021681.71,1119090.68,-9608.73,-9419.58,-9579.14,-9652.78,-9782.58,-9827.1,-9950.21,11945.52,54.20476739624068,11945.52
11866.0,3021681.82,1119090.01,-9609.47,-9419.64,-9579.2,-9652.84,-9782.63,-9827.16,-9950.27,11946.2,53.30117094848876,11946.2
11867.0,3021681.94,1119089.34,-9610.2,-9419.7,-9579.25,-9652.89,-9782.69,-9827.21,-9950.33,11946.88,59.89081333575281,11946.88
11868.0,3021682.05,1119088.67,-9610.93,-9419.75,-9579.31,-9652.95,-9782.74,-9827.27,-9950.38,11947.56,62.73383630550887,11947.56
11869.0,3021682.16,1119088.0,-9611.66,-9419.81,-9579.37,-9653.0,-9782.8,-9827.32,-9950.44,11948.240000000002,55.5271036612435,11948.240000000002
11870.0,3021682.28,1119087.32,-9612.39,-9419.86,-9579.42,-9653.06,-9782.85,-9827.38,-9950.49,11948.91,57.89628946937356,11948.91
11871.0,3021682.39,1119086.65,-9613.12,-9419.92,-9579.48,-9653.12,-9782.91,-9827.44,-9950.55,11949.59,56.926576208371486,11949.59
11872.0,3021682.51,1119085.97,-9613.85,-9419.98,-9579.53,-9653.17,-9782.97,-9827.49,-9950.61,11950.26,61.87431773325705,11950.26
11873.0,3021682.62,1119085.3,-9614.58,-9420.03,-9579.59,-9653.23,-9783.02,-9827.55,-9950.66,11950.93,54.33700102274096,11950.93
11874.0,3021682.73,1119084.62,-9615.31,-9420.09,-9579.65,-9653.29,-9783.08,-9827.61,-9950.72,11951.6,48.70605242760395,11951.6
11875.0,3021682.84,1119083.94,-9616.03,-9420.15,-9579.7,-9653.34,-9783.14,-9827.66,-9950.78,11952.26,45.53244539159717,11952.26
11876.0,3021682.96,1119083.26,-9616.76,-9420.2,-9579.76,-9653.4,-9783.19,-9827.72,-9950.83,11952.93,55.02020809299241,11952.93
11877.0,3021683.07,1119082.58,-9617.48,-9420.26,-9579.82,-9653.46,-9783.25,-9827.78,-9950.89,11953.6,88.6516270995642,11953.6
11878.0,3021683.18,1119081.9,-9618.21,-9420.32,-9579.87,-9653.51,-9783.31,-9827.83,-9950.95,11954.27,95.82530133720452,11954.27
11879.0,3021683.29,1119081.22,-9618.93,-9420.37,-9579.93,-9653.57,-9783.36,-9827.89,-9951.0,11954.94,79.19692280479403,11954.94
11880.0,3021683.4,1119080.53,-9619.65,-9420.43,-9579.99,-9653.63,-9783.42,-9827.95,-9951.06,11955.6,76.23268567741269,11955.6
11881.0,3021683.51,1119079.85,-9620.37,-9420.49,-9580.04,-9653.68,-9783.48,-9828.0,-9951.12,11956.27,63.49417965788551,11956.27
11882.0,3021683.62,1119079.16,-9621.09,-9420.54,-9580.1,-9653.74,-9783.53,-9828.06,-9951.17,11956.93,54.84389659099204,11956.93
11883.0,3021683.74,1119078.48,-9621.81,-9420.6,-9580.16,-9653.8,-9783.59,-9828.12,-9951.23,11957.59,58.039542564748864,11957.59
11884.0,3021683.85,1119077.79,-9622.52,-9420.66,-9580.22,-9653.86,-9783.65,-9828.18,-9951.29,11958.240000000002,59.075372639001074,11958.240000000002
11885.0,3021683.96,1119077.1,-9623.24,-9420.72,-9580.27,-9653.91,-9783.71,-9828.23,-9951.35,11958.9,49.521493124355686,11958.9
11886.0,3021684.06,1119076.41,-9623.96,-9420.77,-9580.33,-9653.97,-9783.76,-9828.29,-9951.4,11959.56,52.69510016036245,11959.56
11887.0,3021684.17,1119075.72,-9624.67,-9420.83,-9580.39,-9654.03,-9783.82,-9828.35,-9951.46,11960.22,47.87959226197719,11960.22
11888.0,3021684.28,1119075.03,-9625.39,-9420.89,-9580.45,-9654.09,-9783.88,-9828.4,-9951.52,11960.88,50.54630372973288,11960.88
11889.0,3021684.39,1119074.34,-9626.1,-9420.95,-9580.5,-9654.14,-9783.94,-9828.46,-9951.58,11961.53,51.53805592848499,11961.53
11890.0,3021684.5,1119073.64,-9626.81,-9421.0,-9580.56,-9654.2,-9783.99,-9828.52,-9951.63,11962.19,64.04515310163669,11962.19
11891.0,3021684.61,1119072.95,-9627.52,-9421.06,-9580.62,-9654.26,-9784.05,-9828.58,-9951.69,11962.85,70.40338664252525,11962.85
11892.0,3021684.72,1119072.25,-9628.23,-9421.12,-9580.68,-9654.32,-9784.11,-9828.64,-9951.75,11963.5,61.55475313588136,11963.5
11893.0,3021684.83,1119071.55,-9628.94,-9421.18,-9580.74,-9654.37,-9784.17,-9828.69,-9951.81,11964.14,58.62357441512511,11964.14
11894.0,3021684.93,1119070.86,-9629.65,-9421.24,-9580.79,-9654.43,-9784.23,-9828.75,-9951.87,11964.79,58.932119543625774,11964.79
11895.0,3021685.04,1119070.16,-9630.36,-9421.29,-9580.85,-9654.49,-9784.28,-9828.81,-9951.92,11965.44,,11965.44
11896.0,3021685.15,1119069.46,-9631.06,-9421.35,-9580.91,-9654.55,-9784.34,-9828.87,-9951.98,11966.09,52.72815856698752,11966.09
11897.0,3021685.25,1119068.76,-9631.77,-9421.41,-9580.97,-9654.61,-9784.4,-9828.93,-9952.04,11966.73,53.1358789153634,11966.73
11898.0,3021685.36,1119068.05,-9632.47,-9421.47,-9581.03,-9654.67,-9784.46,-9828.99,-9952.1,11967.38,56.48579745337055,11967.38
11899.0,3021685.47,1119067.35,-9633.17,-9421.53,-9581.08,-9654.72,-9784.52,-9829.04,-9952.16,11968.03,,11968.03
11900.0,3021685.57,1119066.65,-9633.88,-9421.58,-9581.14,-9654.78,-9784.58,-9829.1,-9952.22,11968.67,85.3237474993071,11968.67
11901.0,3021685.68,1119065.94,-9634.58,-9421.64,-9581.2,-9654.84,-9784.63,-9829.16,-9952.27,11969.320000000002,110.38201972111057,11969.320000000002
11902.0,3021685.78,1119065.24,-9635.28,-9421.7,-9581.26,-9654.9,-9784.69,-9829.22,-9952.33,11969.96,155.84834829945757,11969.96
11903.0,3021685.89,1119064.53,-9635.98,-9421.76,-9581.32,-9654.96,-9784.75,-9829.28,-9952.39,11970.6,123.47314874463852,11970.6
11904.0,3021685.99,1119063.82,-9636.67,-9421.82,-9581.38,-9655.02,-9784.81,-9829.34,-9952.45,11971.23,76.7065228390387,11971.23
11905.0,3021686.1,1119063.11,-9637.37,-9421.88,-9581.44,-9655.08,-9784.87,-9829.4,-9952.51,11971.87,69.09206984639745,11971.87
11906.0,3021686.2,1119062.4,-9638.07,-9421.94,-9581.5,-9655.14,-9784.93,-9829.46,-9952.57,11972.51,69.9515884186493,11972.51
11907.0,3021686.31,1119061.69,-9638.76,-9422.0,-9581.56,-9655.19,-9784.99,-9829.51,-9952.63,11973.14,63.37296550026025,11973.14
11908.0,3021686.41,1119060.98,-9639.46,-9422.06,-9581.61,-9655.25,-9785.05,-9829.57,-9952.69,11973.78,74.26020074878348,11973.78
11909.0,3021686.51,1119060.27,-9640.15,-9422.12,-9581.67,-9655.31,-9785.11,-9829.63,-9952.75,11974.42,86.75627845306015,11974.42
11910.0,3021686.62,1119059.55,-9640.84,-9422.17,-9581.73,-9655.37,-9785.17,-9829.69,-9952.8,11975.05,106.09544632872642,11975.05
11911.0,3021686.72,1119058.84,-9641.53,-9422.23,-9581.79,-9655.43,-9785.22,-9829.75,-9952.86,11975.69,102.45902159996866,11975.69
11912.0,3021686.82,1119058.12,-9642.22,-9422.29,-9581.85,-9655.49,-9785.28,-9829.81,-9952.92,11976.31,74.3593759686587,11976.31
11913.0,3021686.92,1119057.4,-9642.91,-9422.35,-9581.91,-9655.55,-9785.34,-9829.87,-9952.98,11976.94,64.7503991096382,11976.94
11914.0,3021687.02,1119056.68,-9643.6,-9422.41,-9581.97,-9655.61,-9785.4,-9829.93,-9953.04,11977.56,65.05894423813885,11977.56
11915.0,3021687.12,1119055.96,-9644.29,-9422.47,-9582.03,-9655.67,-9785.46,-9829.99,-9953.1,11978.19,61.31232482063085,11978.19
11916.0,3021687.22,1119055.24,-9644.97,-9422.53,-9582.09,-9655.73,-9785.52,-9830.05,-9953.16,11978.81,59.70348236487741,11978.81
11917.0,3021687.31,1119054.52,-9645.66,-9422.59,-9582.15,-9655.79,-9785.58,-9830.11,-9953.22,11979.44,57.202062930247074,11979.44
11918.0,3021687.41,1119053.79,-9646.34,-9422.65,-9582.21,-9655.85,-9785.64,-9830.17,-9953.28,11980.06,58.86600273037563,11980.06
11919.0,3021687.51,1119053.07,-9647.02,-9422.71,-9582.27,-9655.91,-9785.7,-9830.23,-9953.34,11980.69,58.40318503762464,11980.69
11920.0,3021687.6,1119052.34,-9647.7,-9422.77,-9582.33,-9655.97,-9785.76,-9830.29,-9953.4,11981.31,59.09741157675112,11981.31
11921.0,3021687.7,1119051.61,-9648.38,-9422.83,-9582.39,-9656.03,-9785.82,-9830.35,-9953.46,11981.94,54.810838184366965,11981.94
11922.0,3021687.79,1119050.88,-9649.06,-9422.89,-9582.45,-9656.09,-9785.89,-9830.41,-9953.52,11982.55,55.94584347849439,11982.55
11923.0,3021687.88,1119050.15,-9649.73,-9422.95,-9582.51,-9656.15,-9785.95,-9830.47,-9953.59,11983.16,59.41697617412681,11983.16
11924.0,3021687.97,1119049.42,-9650.41,-9423.02,-9582.57,-9656.21,-9786.01,-9830.53,-9953.65,11983.77,55.31773375261806,11983.77
11925.0,3021688.07,1119048.69,-9651.08,-9423.08,-9582.63,-9656.27,-9786.07,-9830.59,-9953.71,11984.38,56.41968064012041,11984.38
11926.0,3021688.16,1119047.95,-9651.76,-9423.14,-9582.7,-9656.33,-9786.13,-9830.65,-9953.77,11984.990000000002,55.31773375261806,11984.990000000002
11927.0,3021688.25,1119047.22,-9652.43,-9423.2,-9582.76,-9656.4,-9786.19,-9830.72,-9953.83,11985.61,54.57942933799148,11985.61
11928.0,3021688.33,1119046.48,-9653.1,-9423.26,-9582.82,-9656.46,-9786.25,-9830.78,-9953.89,11986.22,76.83875646553899,11986.22
11929.0,3021688.42,1119045.75,-9653.77,-9423.32,-9582.88,-9656.52,-9786.31,-9830.84,-9953.95,11986.83,92.60761642569764,11986.83
11930.0,3021688.51,1119045.01,-9654.44,-9423.38,-9582.94,-9656.58,-9786.37,-9830.9,-9954.01,11987.44,65.18015839576411,11987.44
11931.0,3021688.6,1119044.27,-9655.11,-9423.44,-9583.0,-9656.64,-9786.43,-9830.96,-9954.07,11988.05,50.425089572107616,11988.05
11932.0,3021688.68,1119043.53,-9655.77,-9423.5,-9583.06,-9656.7,-9786.49,-9831.02,-9954.13,11988.65,53.81908598561486,11988.65
11933.0,3021688.77,1119042.78,-9656.44,-9423.57,-9583.12,-9656.76,-9786.56,-9831.08,-9954.2,11989.25,64.35369823013734,11989.25
11934.0,3021688.85,1119042.04,-9657.1,-9423.63,-9583.19,-9656.82,-9786.62,-9831.14,-9954.26,11989.85,87.24113508356119,11989.85
11935.0,3021688.94,1119041.3,-9657.76,-9423.69,-9583.25,-9656.89,-9786.68,-9831.21,-9954.32,11990.45,102.9879561059698,11990.45
11936.0,3021689.02,1119040.55,-9658.42,-9423.75,-9583.31,-9656.95,-9786.74,-9831.27,-9954.38,11991.05,78.59085201666771,11991.05
11937.0,3021689.1,1119039.8,-9659.08,-9423.81,-9583.37,-9657.01,-9786.8,-9831.33,-9954.44,11991.64,47.69226129110178,11991.64
11938.0,3021689.18,1119039.05,-9659.74,-9423.87,-9583.43,-9657.07,-9786.87,-9831.39,-9954.5,11992.240000000002,44.981471947846,11992.240000000002
11939.0,3021689.26,1119038.31,-9660.4,-9423.94,-9583.49,-9657.13,-9786.93,-9831.45,-9954.57,11992.84,46.83274271884995,11992.84
11940.0,3021689.34,1119037.56,-9661.06,-9424.0,-9583.56,-9657.19,-9786.99,-9831.51,-9954.63,11993.44,,11993.44
11941.0,3021689.42,1119036.8,-9661.71,-9424.06,-9583.62,-9657.26,-9787.05,-9831.58,-9954.69,11994.04,52.65102228486237,11994.04
11942.0,3021689.5,1119036.05,-9662.36,-9424.12,-9583.68,-9657.32,-9787.11,-9831.64,-9954.75,11994.62,49.444356842230526,11994.62
11943.0,3021689.58,1119035.3,-9663.02,-9424.18,-9583.74,-9657.38,-9787.18,-9831.7,-9954.81,11995.21,52.07800990336115,11995.21
11944.0,3021689.66,1119034.54,-9663.67,-9424.25,-9583.81,-9657.44,-9787.24,-9831.76,-9954.88,11995.8,55.934824009619376,11995.8
11945.0,3021689.73,1119033.79,-9664.32,-9424.31,-9583.87,-9657.51,-9787.3,-9831.83,-9954.94,11996.38,43.91258346696871,11996.38
11946.0,3021689.81,1119033.03,-9664.97,-9424.37,-9583.93,-9657.57,-9787.36,-9831.89,-9955.0,11996.97,42.31476048009031,11996.97
11947.0,3021689.88,1119032.27,-9665.61,-9424.43,-9583.99,-9657.63,-9787.43,-9831.95,-9955.07,11997.55,53.4664629816141,11997.55
11948.0,3021689.96,1119031.51,-9666.26,-9424.5,-9584.06,-9657.69,-9787.49,-9832.01,-9955.13,11998.14,,11998.14
11949.0,3021690.03,1119030.75,-9666.9,-9424.56,-9584.12,-9657.76,-9787.55,-9832.08,-9955.19,11998.72,39.19625078845865,11998.72
11950.0,3021690.1,1119029.99,-9667.55,-9424.62,-9584.18,-9657.82,-9787.61,-9832.14,-9955.25,11999.31,37.33396054857967,11999.31
11951.0,3021690.17,1119029.22,-9668.19,-9424.69,-9584.24,-9657.88,-9787.68,-9832.2,-9955.32,11999.89,43.119181707967016,11999.89
11952.0,3021690.24,1119028.46,-9668.83,-9424.75,-9584.31,-9657.95,-9787.74,-9832.27,-9955.38,12000.47,,12000.47
11953.0,3021690.31,1119027.7,-9669.47,-9424.81,-9584.37,-9658.01,-9787.8,-9832.33,-9955.44,12001.04,36.0336632213269,12001.04
11954.0,3021690.38,1119026.93,-9670.11,-9424.88,-9584.43,-9658.07,-9787.87,-9832.39,-9955.51,12001.61,37.41109683070484,12001.61
11955.0,3021690.45,1119026.16,-9670.75,-9424.94,-9584.5,-9658.14,-9787.93,-9832.46,-9955.57,12002.18,51.94577627686086,12002.18
11956.0,3021690.52,1119025.39,-9671.38,-9425.0,-9584.56,-9658.2,-9787.99,-9832.52,-9955.63,12002.75,60.80542925237976,12002.75
11957.0,3021690.59,1119024.62,-9672.02,-9425.07,-9584.62,-9658.26,-9788.06,-9832.58,-9955.7,12003.33,60.05610536887817,12003.33
11958.0,3021690.65,1119023.85,-9672.65,-9425.13,-9584.69,-9658.33,-9788.12,-9832.65,-9955.76,12003.9,57.67590009187309,12003.9
11959.0,3021690.72,1119023.08,-9673.28,-9425.19,-9584.75,-9658.39,-9788.18,-9832.71,-9955.82,12004.47,40.05576936071048,12004.47
11960.0,3021690.78,1119022.31,-9673.92,-9425.26,-9584.81,-9658.45,-9788.25,-9832.77,-9955.89,12005.04,36.58463666507808,12005.04
11961.0,3021690.85,1119021.53,-9674.54,-9425.32,-9584.88,-9658.52,-9788.31,-9832.84,-9955.95,12005.61,34.369723421198344,12005.61
11962.0,3021690.91,1119020.76,-9675.17,-9425.38,-9584.94,-9658.58,-9788.38,-9832.9,-9956.01,12006.17,38.02818708770616,12006.17
11963.0,3021690.97,1119019.98,-9675.8,-9425.45,-9585.01,-9658.65,-9788.44,-9832.97,-9956.08,12006.73,37.64250567708033,12006.73
11964.0,3021691.03,1119019.2,-9676.43,-9425.51,-9585.07,-9658.71,-9788.5,-9833.03,-9956.14,12007.29,40.38635342696119,12007.29
11965.0,3021691.09,1119018.42,-9677.05,-9425.58,-9585.14,-9658.77,-9788.57,-9833.09,-9956.21,12007.85,50.29285594560733,12007.85
11966.0,3021691.15,1119017.64,-9677.67,-9425.64,-9585.2,-9658.84,-9788.63,-9833.16,-9956.27,12008.4,42.67840295296609,12008.4
11967.0,3021691.21,1119016.86,-9678.3,-9425.71,-9585.26,-9658.9,-9788.7,-9833.22,-9956.34,12008.96,33.49918538007149,12008.96
11968.0,3021691.27,1119016.08,-9678.92,-9425.77,-9585.33,-9658.97,-9788.76,-9833.29,-9956.4,12009.52,31.36140841831693,12009.52
11969.0,3021691.33,1119015.3,-9679.54,-9425.83,-9585.39,-9659.03,-9788.83,-9833.35,-9956.46,12010.08,31.152038509691483,12010.08
11970.0,3021691.39,1119014.52,-9680.15,-9425.9,-9585.46,-9659.1,-9788.89,-9833.42,-9956.53,12010.64,34.40278182782342,12010.64
11971.0,3021691.44,1119013.73,-9680.77,-9425.96,-9585.52,-9659.16,-9788.95,-9833.48,-9956.59,12011.2,41.81888438071425,12011.2
11972.0,3021691.5,1119012.94,-9681.39,-9426.03,-9585.59,-9659.22,-9789.02,-9833.54,-9956.66,12011.740000000002,39.58193219908448,12011.740000000002
11973.0,3021691.55,1119012.16,-9682.0,-9426.09,-9585.65,-9659.29,-9789.08,-9833.61,-9956.72,12012.29,43.438746305342704,12012.29
11974.0,3021691.61,1119011.37,-9682.61,-9426.16,-9585.72,-9659.35,-9789.15,-9833.67,-9956.79,12012.83,43.52690205634289,12012.83
11975.0,3021691.66,1119010.58,-9683.22,-9426.22,-9585.78,-9659.42,-9789.21,-9833.74,-9956.85,12013.37,42.09437110258984,12013.37
11976.0,3021691.71,1119009.79,-9683.84,-9426.29,-9585.85,-9659.49,-9789.28,-9833.8,-9956.92,12013.92,39.51581538583433,12013.92
11977.0,3021691.76,1119009.0,-9684.44,-9426.35,-9585.91,-9659.55,-9789.34,-9833.87,-9956.98,12014.46,39.35052335270898,12014.46
11978.0,3021691.81,1119008.2,-9685.05,-9426.42,-9585.98,-9659.62,-9789.41,-9833.94,-9957.05,12015.01,38.25959593408165,12015.01
11979.0,3021691.86,1119007.41,-9685.66,-9426.48,-9586.04,-9659.68,-9789.47,-9834.0,-9957.11,12015.55,36.58463666507808,12015.55
11980.0,3021691.91,1119006.62,-9686.26,-9426.55,-9586.11,-9659.75,-9789.54,-9834.07,-9957.18,12016.1,38.78853044008278,12016.1
11981.0,3021691.96,1119005.82,-9686.87,-9426.61,-9586.17,-9659.81,-9789.6,-9834.13,-9957.24,12016.64,36.58463666507808,12016.64
11982.0,3021692.01,1119005.02,-9687.47,-9426.68,-9586.24,-9659.88,-9789.67,-9834.2,-9957.31,12017.17,41.66461181646392,12017.17
11983.0,3021692.06,1119004.23,-9688.07,-9426.75,-9586.3,-9659.94,-9789.74,-9834.26,-9957.38,12017.7,41.94009853833951,12017.7
11984.0,3021692.1,1119003.43,-9688.67,-9426.81,-9586.37,-9660.01,-9789.8,-9834.33,-9957.44,12018.23,37.14662957770428,12018.23
11985.0,3021692.15,1119002.63,-9689.27,-9426.88,-9586.44,-9660.07,-9789.87,-9834.39,-9957.51,12018.76,36.18793578557723,12018.76
11986.0,3021692.19,1119001.83,-9689.86,-9426.94,-9586.5,-9660.14,-9789.93,-9834.46,-9957.57,12019.29,35.460650839825675,12019.29
11987.0,3021692.24,1119001.02,-9690.46,-9427.01,-9586.57,-9660.21,-9790.0,-9834.53,-9957.64,12019.820000000002,38.78853044008278,12019.820000000002
11988.0,3021692.28,1119000.22,-9691.05,-9427.07,-9586.63,-9660.27,-9790.07,-9834.59,-9957.7,12020.35,41.58747553433875,12020.35
11989.0,3021692.32,1118999.42,-9691.65,-9427.14,-9586.7,-9660.34,-9790.13,-9834.66,-9957.77,12020.88,39.94557467196025,12020.88
11990.0,3021692.36,1118998.61,-9692.24,-9427.21,-9586.76,-9660.4,-9790.2,-9834.72,-9957.84,12021.42,40.254119800460906,12021.42
11991.0,3021692.4,1118997.8,-9692.83,-9427.27,-9586.83,-9660.47,-9790.26,-9834.79,-9957.9,12021.95,39.43867910370917,12021.95
11992.0,3021692.44,1118997.0,-9693.42,-9427.34,-9586.9,-9660.54,-9790.33,-9834.86,-9957.97,12022.46,,12022.46
11993.0,3021692.48,1118996.19,-9694.01,-9427.41,-9586.96,-9660.6,-9790.4,-9834.92,-9958.04,12022.98,46.40298343272403,12022.98
11994.0,3021692.52,1118995.38,-9694.59,-9427.47,-9587.03,-9660.67,-9790.46,-9834.99,-9958.1,12023.490000000002,38.78853044008278,12023.490000000002
11995.0,3021692.56,1118994.57,-9695.18,-9427.54,-9587.1,-9660.74,-9790.53,-9835.06,-9958.17,12024.01,39.79130210770992,12024.01
11996.0,3021692.6,1118993.76,-9695.76,-9427.6,-9587.16,-9660.8,-9790.6,-9835.12,-9958.24,12024.53,35.81327384382643,12024.53
11997.0,3021692.63,1118992.95,-9696.34,-9427.67,-9587.23,-9660.87,-9790.66,-9835.19,-9958.3,12025.04,35.7030791550762,12025.04
11998.0,3021692.67,1118992.13,-9696.92,-9427.74,-9587.3,-9660.94,-9790.73,-9835.26,-9958.37,12025.56,34.98681367819967,12025.56
11999.0,3021692.7,1118991.32,-9697.5,-9427.8,-9587.36,-9661.0,-9790.8,-9835.32,-9958.44,12026.08,38.424887967207006,12026.08
12000.0,3021692.74,1118990.5,-9698.08,-9427.87,-9587.43,-9661.07,-9790.86,-9835.39,-9958.5,12026.59,39.53785432358438,12026.59
12001.0,3021692.77,1118989.69,-9698.66,-9427.94,-9587.5,-9661.14,-9790.93,-9835.45,-9958.57,12027.11,35.01987208482473,12027.11
12002.0,3021692.8,1118988.87,-9699.23,-9428.01,-9587.56,-9661.2,-9791.0,-9835.52,-9958.64,12027.61,34.71132695632408,12027.61
12003.0,3021692.83,1118988.05,-9699.81,-9428.07,-9587.63,-9661.27,-9791.06,-9835.59,-9958.7,12028.11,39.5488737924594,12028.11
12004.0,3021692.87,1118987.23,-9700.38,-9428.14,-9587.7,-9661.34,-9791.13,-9835.66,-9958.77,12028.62,46.17157458634853,12028.62
12005.0,3021692.9,1118986.41,-9700.95,-9428.21,-9587.77,-9661.4,-9791.2,-9835.72,-9958.84,12029.12,43.95666134246881,12029.12
12006.0,3021692.93,1118985.59,-9701.52,-9428.27,-9587.83,-9661.47,-9791.27,-9835.79,-9958.91,12029.62,46.97599581422525,12029.62
12007.0,3021692.96,1118984.77,-9702.09,-9428.34,-9587.9,-9661.54,-9791.33,-9835.86,-9958.97,12030.12,63.80272478638617,12030.12
12008.0,3021693.0,1118983.95,-9702.66,-9428.41,-9587.97,-9661.61,-9791.4,-9835.93,-9959.04,12030.63,99.26337562621184,12030.63
12009.0,3021693.03,1118983.12,-9703.23,-9428.48,-9588.04,-9661.67,-9791.47,-9835.99,-9959.11,12031.13,103.06509238809495,12031.13
12010.0,3021693.06,1118982.3,-9703.79,-9428.54,-9588.1,-9661.74,-9791.54,-9836.06,-9959.17,12031.63,,12031.63
12011.0,3021693.1,1118981.48,-9704.36,-9428.61,-9588.17,-9661.81,-9791.6,-9836.13,-9959.24,12032.13,40.49654811571143,12032.13
12012.0,3021693.13,1118980.65,-9704.92,-9428.68,-9588.24,-9661.88,-9791.67,-9836.2,-9959.31,12032.62,33.697535819821915,12032.62
12013.0,3021693.17,1118979.82,-9705.48,-9428.75,-9588.31,-9661.94,-9791.74,-9836.26,-9959.38,12033.11,,12033.11
12014.0,3021693.21,1118979.0,-9706.04,-9428.82,-9588.37,-9662.01,-9791.81,-9836.33,-9959.45,12033.6,34.667249080823986,12033.6
12015.0,3021693.24,1118978.17,-9706.6,-9428.88,-9588.44,-9662.08,-9791.87,-9836.4,-9959.51,12034.09,37.49925258170503,12034.09
12016.0,3021693.28,1118977.34,-9707.16,-9428.95,-9588.51,-9662.15,-9791.94,-9836.47,-9959.58,12034.58,37.05847382670408,12034.58
12017.0,3021693.32,1118976.51,-9707.72,-9429.02,-9588.58,-9662.22,-9792.01,-9836.54,-9959.65,12035.070000000002,44.25418700209444,12035.070000000002
12018.0,3021693.36,1118975.68,-9708.28,-9429.09,-9588.65,-9662.28,-9792.08,-9836.6,-9959.72,12035.56,47.29556041160094,12035.56
12019.0,3021693.4,1118974.85,-9708.83,-9429.16,-9588.71,-9662.35,-9792.15,-9836.67,-9959.79,12036.06,40.55164546008654,12036.06
12020.0,3021693.44,1118974.02,-9709.39,-9429.22,-9588.78,-9662.42,-9792.21,-9836.74,-9959.85,12036.55,35.85735171932652,12036.55
12021.0,3021693.48,1118973.19,-9709.94,-9429.29,-9588.85,-9662.49,-9792.28,-9836.81,-9959.92,12037.04,36.09978003457704,12037.04
12022.0,3021693.52,1118972.36,-9710.49,-9429.36,-9588.92,-9662.56,-9792.35,-9836.88,-9959.99,12037.51,42.182526853590026,12037.51
12023.0,3021693.56,1118971.52,-9711.04,-9429.43,-9588.99,-9662.63,-9792.42,-9836.95,-9960.06,12037.990000000002,,12037.990000000002
12024.0,3021693.6,1118970.69,-9711.59,-9429.5,-9589.06,-9662.69,-9792.49,-9837.01,-9960.13,12038.47,44.29826487759454,12038.47
12025.0,3021693.64,1118969.85,-9712.14,-9429.57,-9589.12,-9662.76,-9792.56,-9837.08,-9960.2,12038.95,43.174279052342136,12038.95
12026.0,3021693.68,1118969.02,-9712.69,-9429.63,-9589.19,-9662.83,-9792.63,-9837.15,-9960.27,12039.43,40.26513926933593,12039.43
12027.0,3021693.73,1118968.18,-9713.23,-9429.7,-9589.26,-9662.9,-9792.69,-9837.22,-9960.33,12039.9,49.31212321573024,12039.9
12028.0,3021693.77,1118967.34,-9713.78,-9429.77,-9589.33,-9662.97,-9792.76,-9837.29,-9960.4,12040.38,44.210109126594354,12040.38
12029.0,3021693.81,1118966.5,-9714.32,-9429.84,-9589.4,-9663.04,-9792.83,-9837.36,-9960.47,12040.86,35.00885261594971,12040.86
12030.0,3021693.86,1118965.66,-9714.86,-9429.91,-9589.47,-9663.11,-9792.9,-9837.43,-9960.54,12041.34,33.99506147944755,12041.34
12031.0,3021693.9,1118964.83,-9715.4,-9429.98,-9589.54,-9663.18,-9792.97,-9837.5,-9960.61,12041.81,36.56259772732803,12041.81
12032.0,3021693.95,1118963.98,-9715.94,-9430.05,-9589.61,-9663.24,-9793.04,-9837.56,-9960.68,12042.28,42.59024720196589,12042.28
12033.0,3021693.99,1118963.14,-9716.48,-9430.12,-9589.68,-9663.31,-9793.11,-9837.63,-9960.75,12042.75,42.62330560859096,12042.75
12034.0,3021694.04,1118962.3,-9717.02,-9430.19,-9589.74,-9663.38,-9793.18,-9837.7,-9960.82,12043.21,36.06672162795198,12043.21
12035.0,3021694.09,1118961.46,-9717.56,-9430.26,-9589.81,-9663.45,-9793.25,-9837.77,-9960.89,12043.68,38.78853044008278,12043.68
12036.0,3021694.13,1118960.62,-9718.09,-9430.32,-9589.88,-9663.52,-9793.32,-9837.84,-9960.96,12044.14,37.82983664795573,12044.14
12037.0,3021694.18,1118959.77,-9718.63,-9430.39,-9589.95,-9663.59,-9793.39,-9837.91,-9961.02,12044.61,37.46619417507996,12044.61
12038.0,3021694.23,1118958.93,-9719.16,-9430.46,-9590.02,-9663.66,-9793.45,-9837.98,-9961.09,12045.070000000002,,12045.070000000002
12039.0,3021694.28,1118958.08,-9719.69,-9430.53,-9590.09,-9663.73,-9793.52,-9838.05,-9961.16,12045.54,32.17684911506867,12045.54
12040.0,3021694.33,1118957.24,-9720.22,-9430.6,-9590.16,-9663.8,-9793.59,-9838.12,-9961.23,12046.0,33.98404201057252,12046.0
12041.0,3021694.38,1118956.39,-9720.75,-9430.67,-9590.23,-9663.87,-9793.66,-9838.19,-9961.3,12046.47,35.328417213325395,12046.47
12042.0,3021694.43,1118955.54,-9721.28,-9430.74,-9590.3,-9663.94,-9793.73,-9838.26,-9961.37,12046.92,46.89885953210009,12046.92
12043.0,3021694.48,1118954.69,-9721.81,-9430.81,-9590.37,-9664.01,-9793.8,-9838.33,-9961.44,12047.37,45.67569848697248,12047.37
12044.0,3021694.53,1118953.84,-9722.33,-9430.88,-9590.44,-9664.08,-9793.87,-9838.4,-9961.51,12047.83,37.80779771020569,12047.83
12045.0,3021694.58,1118952.99,-9722.86,-9430.95,-9590.51,-9664.15,-9793.94,-9838.47,-9961.58,12048.28,35.4716703087007,12048.28
12046.0,3021694.64,1118952.14,-9723.38,-9431.02,-9590.58,-9664.22,-9794.01,-9838.54,-9961.65,12048.73,43.20733745896721,12048.73
12047.0,3021694.69,1118951.29,-9723.9,-9431.09,-9590.65,-9664.29,-9794.08,-9838.61,-9961.72,12049.19,42.854714454966455,12049.19
12048.0,3021694.74,1118950.44,-9724.42,-9431.16,-9590.72,-9664.36,-9794.15,-9838.68,-9961.79,12049.64,35.78021543720136,12049.64
12049.0,3021694.8,1118949.59,-9724.94,-9431.23,-9590.79,-9664.43,-9794.22,-9838.75,-9961.86,12050.09,38.424887967207006,12050.09
12050.0,3021694.85,1118948.73,-9725.46,-9431.3,-9590.86,-9664.5,-9794.29,-9838.82,-9961.93,12050.54,43.00898701921679,12050.54
12051.0,3021694.9,1118947.88,-9725.98,-9431.37,-9590.93,-9664.57,-9794.36,-9838.89,-9962.0,12051.0,50.86586832710855,12051.0
12052.0,3021694.96,1118947.03,-9726.5,-9431.44,-9591.0,-9664.64,-9794.43,-9838.96,-9962.07,12051.44,,12051.44
12053.0,3021695.02,1118946.17,-9727.01,-9431.51,-9591.07,-9664.71,-9794.5,-9839.03,-9962.14,12051.88,44.02277815571895,12051.88
12054.0,3021695.07,1118945.31,-9727.52,-9431.58,-9591.14,-9664.78,-9794.57,-9839.1,-9962.21,12052.320000000002,39.5929516679595,12052.320000000002
12055.0,3021695.13,1118944.46,-9728.04,-9431.65,-9591.21,-9664.85,-9794.64,-9839.17,-9962.28,12052.76,40.73897643096194,12052.76
12056.0,3021695.19,1118943.6,-9728.55,-9431.72,-9591.28,-9664.92,-9794.72,-9839.24,-9962.35,12053.2,40.43043130246128,12053.2
12057.0,3021695.24,1118942.74,-9729.06,-9431.79,-9591.35,-9664.99,-9794.79,-9839.31,-9962.42,12053.64,56.72822576862107,12053.64
12058.0,3021695.3,1118941.88,-9729.57,-9431.87,-9591.42,-9665.06,-9794.86,-9839.38,-9962.5,12054.08,58.62357441512511,12054.08
12059.0,3021695.36,1118941.02,-9730.08,-9431.94,-9591.49,-9665.13,-9794.93,-9839.45,-9962.57,12054.52,53.11383997761335,12054.52
12060.0,3021695.42,1118940.16,-9730.58,-9432.01,-9591.56,-9665.2,-9795.0,-9839.52,-9962.64,12054.96,48.75013030310404,12054.96
12061.0,3021695.48,1118939.3,-9731.09,-9432.08,-9591.64,-9665.27,-9795.07,-9839.59,-9962.71,12055.4,45.554484329347225,12055.4
12062.0,3021695.54,1118938.44,-9731.59,-9432.15,-9591.71,-9665.35,-9795.14,-9839.67,-9962.78,12055.83,38.766491502332734,12055.83
12063.0,3021695.6,1118937.58,-9732.09,-9432.22,-9591.78,-9665.42,-9795.21,-9839.74,-9962.85,12056.25,32.76088096544492,12056.25
12064.0,3021695.66,1118936.72,-9732.6,-9432.29,-9591.85,-9665.49,-9795.28,-9839.81,-9962.92,12056.68,29.972955340063965,12056.68
12065.0,3021695.72,1118935.85,-9733.1,-9432.36,-9591.92,-9665.56,-9795.35,-9839.88,-9962.99,12057.11,33.0804455628206,12057.11
12066.0,3021695.79,1118934.99,-9733.6,-9432.43,-9591.99,-9665.63,-9795.42,-9839.95,-9963.06,12057.54,38.21551805858156,12057.54
12067.0,3021695.85,1118934.12,-9734.09,-9432.5,-9592.06,-9665.7,-9795.5,-9840.02,-9963.13,12057.96,45.17982238759642,12057.96
12068.0,3021695.91,1118933.26,-9734.59,-9432.58,-9592.13,-9665.77,-9795.57,-9840.09,-9963.21,12058.39,47.5600276646015,12058.39
12069.0,3021695.98,1118932.39,-9735.09,-9432.65,-9592.2,-9665.84,-9795.64,-9840.16,-9963.28,12058.820000000002,46.31482768172384,12058.820000000002
12070.0,3021696.04,1118931.52,-9735.58,-9432.72,-9592.28,-9665.91,-9795.71,-9840.23,-9963.35,12059.25,46.03934095984825,12059.25
12071.0,3021696.1,1118930.66,-9736.07,-9432.79,-9592.35,-9665.99,-9795.78,-9840.31,-9963.42,12059.67,42.96490914371669,12059.67
12072.0,3021696.17,1118929.79,-9736.57,-9432.86,-9592.42,-9666.06,-9795.85,-9840.38,-9963.49,12060.09,38.435907436082026,12060.09
12073.0,3021696.24,1118928.92,-9737.06,-9432.93,-9592.49,-9666.13,-9795.92,-9840.45,-9963.56,12060.5,40.92630740183734,12060.5
12074.0,3021696.3,1118928.05,-9737.55,-9433.0,-9592.56,-9666.2,-9796.0,-9840.52,-9963.63,12060.92,37.322941079704655,12060.92
12075.0,3021696.37,1118927.18,-9738.03,-9433.08,-9592.63,-9666.27,-9796.07,-9840.59,-9963.71,12061.33,34.38074289007337,12061.33
12076.0,3021696.44,1118926.31,-9738.52,-9433.15,-9592.71,-9666.34,-9796.14,-9840.66,-9963.78,12061.75,,12061.75
12077.0,3021696.5,1118925.44,-9739.01,-9433.22,-9592.78,-9666.42,-9796.21,-9840.74,-9963.85,12062.16,,12062.16
12078.0,3021696.57,1118924.57,-9739.49,-9433.29,-9592.85,-9666.49,-9796.28,-9840.81,-9963.92,12062.570000000002,35.72511809282624,12062.570000000002
12079.0,3021696.64,1118923.69,-9739.97,-9433.36,-9592.92,-9666.56,-9796.35,-9840.88,-9963.99,12062.990000000002,37.06949329557912,12062.990000000002
12080.0,3021696.71,1118922.82,-9740.46,-9433.43,-9592.99,-9666.63,-9796.43,-9840.95,-9964.07,12063.4,42.41393569996551,12063.4
12081.0,3021696.78,1118921.95,-9740.94,-9433.51,-9593.07,-9666.7,-9796.5,-9841.02,-9964.14,12063.820000000002,42.89879233046655,12063.820000000002
12082.0,3021696.85,1118921.07,-9741.42,-9433.58,-9593.14,-9666.78,-9796.57,-9841.1,-9964.21,12064.22,37.55434992608014,12064.22
12083.0,3021696.92,1118920.2,-9741.89,-9433.65,-9593.21,-9666.85,-9796.64,-9841.17,-9964.28,12064.62,36.58463666507808,12064.62
12084.0,3021696.99,1118919.32,-9742.37,-9433.72,-9593.28,-9666.92,-9796.71,-9841.24,-9964.35,12065.02,,12065.02
12085.0,3021697.06,1118918.44,-9742.85,-9433.8,-9593.35,-9666.99,-9796.79,-9841.31,-9964.43,12065.42,38.78853044008278,12065.42
12086.0,3021697.13,1118917.57,-9743.32,-9433.87,-9593.43,-9667.07,-9796.86,-9841.39,-9964.5,12065.83,38.424887967207006,12065.83
12087.0,3021697.21,1118916.69,-9743.8,-9433.94,-9593.5,-9667.14,-9796.93,-9841.46,-9964.57,12066.23,35.78021543720136,12066.23
12088.0,3021697.28,1118915.81,-9744.27,-9434.01,-9593.57,-9667.21,-9797.0,-9841.53,-9964.64,12066.63,34.38074289007337,12066.63
12089.0,3021697.35,1118914.93,-9744.74,-9434.09,-9593.64,-9667.28,-9797.08,-9841.6,-9964.72,12067.03,37.70862249033048,12067.03
12090.0,3021697.43,1118914.05,-9745.21,-9434.16,-9593.72,-9667.35,-9797.15,-9841.67,-9964.79,12067.43,39.62601007458457,12067.43
12091.0,3021697.5,1118913.17,-9745.68,-9434.23,-9593.79,-9667.43,-9797.22,-9841.75,-9964.86,12067.83,36.13283844120211,12067.83
12092.0,3021697.58,1118912.29,-9746.14,-9434.3,-9593.86,-9667.5,-9797.29,-9841.82,-9964.93,12068.22,40.33125608258607,12068.22
12093.0,3021697.65,1118911.41,-9746.61,-9434.38,-9593.93,-9667.57,-9797.37,-9841.89,-9965.01,12068.61,35.912449063701644,12068.61
12094.0,3021697.73,1118910.52,-9747.07,-9434.45,-9594.01,-9667.65,-9797.44,-9841.97,-9965.08,12069.0,36.58463666507808,12069.0
12095.0,3021697.81,1118909.64,-9747.54,-9434.52,-9594.08,-9667.72,-9797.51,-9842.04,-9965.15,12069.39,42.09437110258984,12069.39
12096.0,3021697.88,1118908.76,-9748.0,-9434.59,-9594.15,-9667.79,-9797.59,-9842.11,-9965.22,12069.78,37.3890578929548,12069.78
12097.0,3021697.96,1118907.87,-9748.46,-9434.67,-9594.23,-9667.86,-9797.66,-9842.18,-9965.3,12070.17,36.66177294720324,12070.17
12098.0,3021698.04,1118906.99,-9748.92,-9434.74,-9594.3,-9667.94,-9797.73,-9842.26,-9965.37,12070.55,34.38074289007337,12070.55
12099.0,3021698.12,1118906.1,-9749.38,-9434.81,-9594.37,-9668.01,-9797.8,-9842.33,-9965.44,12070.94,38.68935522020757,12070.94
12100.0,3021698.2,1118905.22,-9749.84,-9434.89,-9594.44,-9668.08,-9797.88,-9842.4,-9965.52,12071.33,40.000672016335365,12071.33
12101.0,3021698.27,1118904.33,-9750.29,-9434.96,-9594.52,-9668.16,-9797.95,-9842.48,-9965.59,12071.72,40.69489855546185,12071.72
12102.0,3021698.35,1118903.44,-9750.75,-9435.03,-9594.59,-9668.23,-9798.02,-9842.55,-9965.66,12072.1,44.000739217968906,12072.1
12103.0,3021698.43,1118902.56,-9751.2,-9435.11,-9594.66,-9668.3,-9798.1,-9842.62,-9965.74,12072.47,42.09437110258984,12072.47
12104.0,3021698.51,1118901.67,-9751.65,-9435.18,-9594.74,-9668.38,-9798.17,-9842.7,-9965.81,12072.85,37.41109683070484,12072.85
12105.0,3021698.6,1118900.78,-9752.1,-9435.25,-9594.81,-9668.45,-9798.24,-9842.77,-9965.88,12073.23,35.64798181070107,12073.23
12106.0,3021698.68,1118899.89,-9752.55,-9435.33,-9594.88,-9668.52,-9798.32,-9842.84,-9965.96,12073.6,30.92062966331599,12073.6
12107.0,3021698.76,1118899.0,-9753.0,-9435.4,-9594.96,-9668.6,-9798.39,-9842.92,-9966.03,12073.98,38.30367380958175,12073.98
12108.0,3021698.84,1118898.11,-9753.45,-9435.47,-9595.03,-9668.67,-9798.46,-9842.99,-9966.1,12074.36,42.24864366684017,12074.36
12109.0,3021698.93,1118897.22,-9753.9,-9435.55,-9595.1,-9668.74,-9798.54,-9843.06,-9966.18,12074.73,33.950983603947456,12074.73
12110.0,3021699.01,1118896.33,-9754.35,-9435.62,-9595.18,-9668.82,-9798.61,-9843.14,-9966.25,12075.11,32.17684911506867,12075.11
12111.0,3021699.09,1118895.44,-9754.79,-9435.69,-9595.25,-9668.89,-9798.68,-9843.21,-9966.32,12075.48,29.27872880093749,12075.48
12112.0,3021699.18,1118894.55,-9755.23,-9435.77,-9595.33,-9668.96,-9798.76,-9843.28,-9966.4,12075.85,34.38074289007337,12075.85
12113.0,3021699.26,1118893.65,-9755.68,-9435.84,-9595.4,-9669.04,-9798.83,-9843.36,-9966.47,12076.21,32.17684911506867,12076.21
12114.0,3021699.35,1118892.76,-9756.12,-9435.91,-9595.47,-9669.11,-9798.91,-9843.43,-9966.55,12076.58,36.58463666507808,12076.58
12115.0,3021699.43,1118891.87,-9756.56,-9435.99,-9595.55,-9669.19,-9798.98,-9843.51,-9966.62,12076.94,38.0061481499561,12076.94
12116.0,3021699.52,1118890.97,-9757.0,-9436.06,-9595.62,-9669.26,-9799.05,-9843.58,-9966.69,12077.31,41.433202970088416,12077.31
12117.0,3021699.6,1118890.08,-9757.43,-9436.14,-9595.69,-9669.33,-9799.13,-9843.65,-9966.77,12077.67,42.09437110258984,12077.67
12118.0,3021699.69,1118889.18,-9757.87,-9436.21,-9595.77,-9669.41,-9799.2,-9843.73,-9966.84,12078.04,39.32848441495893,12078.04
12119.0,3021699.78,1118888.29,-9758.31,-9436.28,-9595.84,-9669.48,-9799.28,-9843.8,-9966.91,12078.4,40.94834633958739,12078.4
12120.0,3021699.87,1118887.39,-9758.74,-9436.36,-9595.92,-9669.56,-9799.35,-9843.88,-9966.99,12078.77,,12078.77
12121.0,3021699.95,1118886.49,-9759.17,-9436.43,-9595.99,-9669.63,-9799.42,-9843.95,-9967.06,12079.13,32.17684911506867,12079.13
12122.0,3021700.04,1118885.59,-9759.61,-9436.51,-9596.06,-9669.7,-9799.5,-9844.02,-9967.14,12079.48,34.535015454323705,12079.48
12123.0,3021700.13,1118884.7,-9760.04,-9436.58,-9596.14,-9669.78,-9799.57,-9844.1,-9967.21,12079.84,46.84376218772497,12079.84
12124.0,3021700.22,1118883.8,-9760.47,-9436.66,-9596.21,-9669.85,-9799.65,-9844.17,-9967.29,12080.19,62.61262214788361,12080.19
12125.0,3021700.31,1118882.9,-9760.9,-9436.73,-9596.29,-9669.93,-9799.72,-9844.25,-9967.36,12080.54,55.31773375261806,12080.54
12126.0,3021700.4,1118882.0,-9761.32,-9436.8,-9596.36,-9670.0,-9799.79,-9844.32,-9967.43,12080.89,68.77250524902176,12080.89
12127.0,3021700.49,1118881.1,-9761.75,-9436.88,-9596.44,-9670.08,-9799.87,-9844.4,-9967.51,12081.25,129.00492211990033,12081.25
12128.0,3021700.58,1118880.2,-9762.17,-9436.95,-9596.51,-9670.15,-9799.94,-9844.47,-9967.58,12081.6,137.85355562654422,12081.6
12129.0,3021700.68,1118879.3,-9762.6,-9437.03,-9596.59,-9670.22,-9800.02,-9844.54,-9967.66,12081.95,133.55596276528502,12081.95
12130.0,3021700.77,1118878.4,-9763.02,-9437.1,-9596.66,-9670.3,-9800.09,-9844.62,-9967.73,12082.3,98.19448714533456,12082.3
12131.0,3021700.86,1118877.5,-9763.44,-9437.18,-9596.73,-9670.37,-9800.17,-9844.69,-9967.81,12082.66,83.82509973230388,12082.66
12132.0,3021700.95,1118876.59,-9763.86,-9437.25,-9596.81,-9670.45,-9800.24,-9844.77,-9967.88,12083.0,60.034066431128124,12083.0
12133.0,3021701.05,1118875.69,-9764.28,-9437.33,-9596.88,-9670.52,-9800.32,-9844.84,-9967.96,12083.34,,12083.34
12134.0,3021701.14,1118874.79,-9764.7,-9437.4,-9596.96,-9670.6,-9800.39,-9844.92,-9968.03,12083.68,42.09437110258984,12083.68
12135.0,3021701.24,1118873.88,-9765.12,-9437.47,-9597.03,-9670.67,-9800.47,-9844.99,-9968.11,12084.02,46.13851617972347,12084.02
12136.0,3021701.33,1118872.98,-9765.53,-9437.55,-9597.11,-9670.75,-9800.54,-9845.07,-9968.18,12084.36,49.664746219730986,12084.36
12137.0,3021701.43,1118872.07,-9765.95,-9437.62,-9597.18,-9670.82,-9800.62,-9845.14,-9968.25,12084.7,44.29826487759454,12084.7
12138.0,3021701.52,1118871.17,-9766.36,-9437.7,-9597.26,-9670.9,-9800.69,-9845.22,-9968.33,12085.04,43.96768081134383,12085.04
12139.0,3021701.62,1118870.26,-9766.77,-9437.77,-9597.33,-9670.97,-9800.77,-9845.29,-9968.4,12085.38,42.09437110258984,12085.38
12140.0,3021701.72,1118869.36,-9767.19,-9437.85,-9597.41,-9671.05,-9800.84,-9845.37,-9968.48,12085.72,40.8601905885872,12085.72
12141.0,3021701.81,1118868.45,-9767.6,-9437.92,-9597.48,-9671.12,-9800.91,-9845.44,-9968.55,12086.06,,12086.06
12142.0,3021701.91,1118867.54,-9768.01,-9438.0,-9597.56,-9671.2,-9800.99,-9845.52,-9968.63,12086.39,46.50215865259924,12086.39
12143.0,3021702.01,1118866.63,-9768.41,-9438.07,-9597.63,-9671.27,-9801.07,-9845.59,-9968.7,12086.72,53.05874263323824,12086.72
12144.0,3021702.11,1118865.72,-9768.82,-9438.15,-9597.71,-9671.35,-9801.14,-9845.67,-9968.78,12087.05,,12087.05
12145.0,3021702.21,1118864.82,-9769.22,-9438.22,-9597.78,-9671.42,-9801.22,-9845.74,-9968.85,12087.37,70.24911407827491,12087.37
12146.0,3021702.3,1118863.91,-9769.63,-9438.3,-9597.86,-9671.5,-9801.29,-9845.82,-9968.93,12087.7,62.87708940088419,12087.7
12147.0,3021702.4,1118863.0,-9770.03,-9438.37,-9597.93,-9671.57,-9801.37,-9845.89,-9969.01,12088.03,,12088.03
12148.0,3021702.5,1118862.09,-9770.43,-9438.45,-9598.01,-9671.65,-9801.44,-9845.97,-9969.08,12088.36,52.97058688223804,12088.36
12149.0,3021702.61,1118861.18,-9770.83,-9438.53,-9598.08,-9671.72,-9801.52,-9846.04,-9969.16,12088.69,55.17448065724274,12088.69
12150.0,3021702.71,1118860.26,-9771.23,-9438.6,-9598.16,-9671.8,-9801.59,-9846.12,-9969.23,12089.02,53.57665767036435,12089.02
12151.0,3021702.81,1118859.35,-9771.63,-9438.68,-9598.23,-9671.87,-9801.67,-9846.19,-9969.31,12089.34,51.692328492735314,12089.34
12152.0,3021702.91,1118858.44,-9772.03,-9438.75,-9598.31,-9671.95,-9801.74,-9846.27,-9969.38,12089.67,50.90994620260865,12089.67
12153.0,3021703.01,1118857.53,-9772.43,-9438.83,-9598.39,-9672.02,-9801.82,-9846.34,-9969.46,12089.990000000002,46.50215865259924,12089.990000000002
12154.0,3021703.11,1118856.62,-9772.82,-9438.91,-9598.47,-9672.11,-9801.9,-9846.43,-9969.54,12090.3,47.37269669372609,12090.3
12155.0,3021703.22,1118855.7,-9773.21,-9439.07,-9598.63,-9672.27,-9802.06,-9846.59,-9969.7,12090.53,45.68671795584751,12090.53
12156.0,3021703.32,1118854.79,-9773.61,-9439.23,-9598.79,-9672.43,-9802.22,-9846.75,-9969.86,12090.77,43.15224011459209,12090.77
12157.0,3021703.43,1118853.87,-9774.0,-9439.39,-9598.95,-9672.59,-9802.38,-9846.91,-9970.02,12091.0,47.90163119972723,12091.0
12158.0,3021703.53,1118852.96,-9774.39,-9439.55,-9599.11,-9672.75,-9802.54,-9847.06,-9970.18,12091.23,50.86586832710855,12091.23
12159.0,3021703.64,1118852.04,-9774.78,-9439.71,-9599.27,-9672.9,-9802.7,-9847.22,-9970.34,12091.46,49.3892594978554,12091.46
12160.0,3021703.74,1118851.13,-9775.16,-9439.87,-9599.43,-9673.06,-9802.86,-9847.38,-9970.5,12091.69,53.11383997761335,12091.69
12161.0,3021703.85,1118850.21,-9775.55,-9440.03,-9599.58,-9673.22,-9803.02,-9847.54,-9970.66,12091.91,56.11113551161975,12091.91
12162.0,3021703.95,1118849.3,-9775.94,-9440.19,-9599.74,-9673.38,-9803.18,-9847.7,-9970.82,12092.13,56.79434258187121,12092.13
12163.0,3021704.06,1118848.38,-9776.32,-9440.35,-9599.9,-9673.54,-9803.34,-9847.86,-9970.98,12092.35,53.11383997761335,12092.35
12164.0,3021704.17,1118847.46,-9776.7,-9440.51,-9600.06,-9673.7,-9803.5,-9848.02,-9971.14,12092.570000000002,46.5792949347244,12092.570000000002
12165.0,3021704.27,1118846.54,-9777.09,-9440.67,-9600.22,-9673.86,-9803.66,-9848.18,-9971.3,12092.79,46.17157458634853,12092.79
12166.0,3021704.38,1118845.62,-9777.47,-9440.83,-9600.38,-9674.02,-9803.82,-9848.34,-9971.46,12093.01,41.58747553433875,12093.01
12167.0,3021704.49,1118844.71,-9777.85,-9440.99,-9600.54,-9674.18,-9803.98,-9848.5,-9971.62,12093.23,38.78853044008278,12093.23
12168.0,3021704.6,1118843.79,-9778.22,-9441.15,-9600.7,-9674.34,-9804.14,-9848.66,-9971.78,12093.45,46.50215865259924,12093.45
12169.0,3021704.71,1118842.87,-9778.6,-9441.31,-9600.86,-9674.5,-9804.3,-9848.82,-9971.94,12093.67,55.17448065724274,12093.67
12170.0,3021704.82,1118841.95,-9778.98,-9441.47,-9601.02,-9674.66,-9804.46,-9848.98,-9972.1,12093.89,69.6320238212736,12093.89
12171.0,3021704.93,1118841.03,-9779.35,-9441.63,-9601.18,-9674.82,-9804.62,-9849.14,-9972.26,12094.11,70.41440611140028,12094.11
12172.0,3021705.04,1118840.11,-9779.73,-9441.79,-9601.35,-9674.98,-9804.78,-9849.3,-9972.42,12094.320000000002,67.35099376414374,12094.320000000002
12173.0,3021705.15,1118839.18,-9780.1,-9441.95,-9601.51,-9675.14,-9804.94,-9849.46,-9972.58,12094.53,66.64574775614224,12094.53
12174.0,3021705.26,1118838.26,-9780.47,-9442.11,-9601.67,-9675.31,-9805.1,-9849.63,-9972.74,12094.740000000002,63.03136196513452,12094.740000000002
12175.0,3021705.37,1118837.34,-9780.84,-9442.27,-9601.83,-9675.47,-9805.26,-9849.79,-9972.9,12094.94,57.67590009187309,12094.94
12176.0,3021705.49,1118836.42,-9781.21,-9442.43,-9601.99,-9675.63,-9805.42,-9849.95,-9973.06,12095.15,,12095.15
12177.0,3021705.6,1118835.49,-9781.58,-9442.59,-9602.15,-9675.79,-9805.58,-9850.11,-9973.22,12095.36,87.86924480943753,12095.36
12178.0,3021705.71,1118834.57,-9781.94,-9442.75,-9602.31,-9675.95,-9805.74,-9850.27,-9973.38,12095.570000000002,97.34598804195775,12095.570000000002
12179.0,3021705.83,1118833.65,-9782.31,-9442.91,-9602.47,-9676.11,-9805.9,-9850.43,-9973.54,12095.77,92.48640226807238,12095.77
12180.0,3021705.94,1118832.72,-9782.67,-9443.07,-9602.63,-9676.27,-9806.06,-9850.59,-9973.7,12095.98,84.43117052043019,12095.98
12181.0,3021706.06,1118831.8,-9783.03,-9443.23,-9602.79,-9676.43,-9806.23,-9850.75,-9973.86,12096.19,,12096.19
12182.0,3021706.17,1118830.87,-9783.4,-9443.4,-9602.95,-9676.59,-9806.39,-9850.91,-9974.03,12096.38,61.378441633881,12096.38
12183.0,3021706.29,1118829.95,-9783.76,-9443.56,-9603.12,-9676.75,-9806.55,-9851.07,-9974.19,12096.58,58.62357441512511,12096.58
12184.0,3021706.4,1118829.02,-9784.12,-9443.72,-9603.28,-9676.92,-9806.71,-9851.24,-9974.35,12096.77,53.99539748761524,12096.77
12185.0,3021706.52,1118828.09,-9784.47,-9443.88,-9603.44,-9677.08,-9806.87,-9851.4,-9974.51,12096.97,58.62357441512511,12096.97
12186.0,3021706.64,1118827.17,-9784.83,-9444.04,-9603.6,-9677.24,-9807.03,-9851.56,-9974.67,12097.16,54.24884527174078,12097.16
12187.0,3021706.75,1118826.24,-9785.19,-9444.2,-9603.76,-9677.4,-9807.19,-9851.72,-9974.83,12097.36,55.31773375261806,12097.36
12188.0,3021706.87,1118825.31,-9785.54,-9444.37,-9603.92,-9677.56,-9807.36,-9851.88,-9975.0,12097.55,57.38939390112248,12097.55
12189.0,3021706.99,1118824.38,-9785.89,-9444.53,-9604.09,-9677.72,-9807.52,-9852.04,-9975.16,12097.75,56.23234966924501,12097.75
12190.0,3021707.11,1118823.46,-9786.25,-9444.69,-9604.25,-9677.89,-9807.68,-9852.21,-9975.32,12097.94,59.36187882975169,12097.94
12191.0,3021707.23,1118822.53,-9786.6,-9444.85,-9604.41,-9678.05,-9807.84,-9852.37,-9975.48,12098.14,60.3536310285038,12098.14
12192.0,3021707.34,1118821.6,-9786.95,-9445.01,-9604.57,-9678.21,-9808.0,-9852.53,-9975.64,12098.320000000002,59.26270360987648,12098.320000000002
12193.0,3021707.46,1118820.67,-9787.3,-9445.17,-9604.73,-9678.37,-9808.17,-9852.69,-9975.81,12098.5,60.00100802450305,12098.5
12194.0,3021707.58,1118819.74,-9787.64,-9445.34,-9604.9,-9678.53,-9808.33,-9852.85,-9975.97,12098.68,57.80813371837336,12098.68
12195.0,3021707.7,1118818.81,-9787.99,-9445.5,-9605.06,-9678.7,-9808.49,-9853.02,-9976.13,12098.86,54.93205234199223,12098.86
12196.0,3021707.82,1118817.88,-9788.33,-9445.66,-9605.22,-9678.86,-9808.65,-9853.18,-9976.29,12099.05,55.31773375261806,12099.05
12197.0,3021707.94,1118816.94,-9788.68,-9445.82,-9605.38,-9679.02,-9808.82,-9853.34,-9976.45,12099.23,53.48850191936416,12099.23
12198.0,3021708.05,1118816.01,-9789.02,-9445.99,-9605.54,-9679.18,-9808.98,-9853.5,-9976.62,12099.41,56.551914266620685,12099.41
12199.0,3021708.17,1118815.08,-9789.36,-9446.15,-9605.71,-9679.35,-9809.14,-9853.67,-9976.78,12099.59,55.053266499617486,12099.59
12200.0,3021708.28,1118814.15,-9789.7,-9446.31,-9605.87,-9679.51,-9809.3,-9853.83,-9976.94,12099.77,62.4142717081332,12099.77
12201.0,3021708.4,1118813.21,-9790.04,-9446.47,-9606.03,-9679.67,-9809.46,-9853.99,-9977.1,12099.96,68.87168046889698,12099.96
12202.0,3021708.51,1118812.28,-9790.38,-9446.64,-9606.2,-9679.83,-9809.63,-9854.15,-9977.27,12100.13,73.9847140269079,12100.13
12203.0,3021708.63,1118811.34,-9790.72,-9446.8,-9606.36,-9680.0,-9809.79,-9854.32,-9977.43,12100.3,75.57151754491127,12100.3
12204.0,3021708.74,1118810.41,-9791.05,-9446.96,-9606.52,-9680.16,-9809.95,-9854.48,-9977.59,12100.47,77.59909981791562,12100.47
12205.0,3021708.85,1118809.47,-9791.39,-9447.13,-9606.68,-9680.32,-9810.12,-9854.64,-9977.76,12100.64,72.13344325590394,12100.64
12206.0,3021708.96,1118808.54,-9791.72,-9447.29,-9606.85,-9680.49,-9810.28,-9854.81,-9977.92,12100.81,68.57415480927135,12100.81
12207.0,3021709.07,1118807.6,-9792.05,-9447.45,-9607.01,-9680.65,-9810.44,-9854.97,-9978.08,12100.98,65.70909290176523,12100.98
12208.0,3021709.19,1118806.66,-9792.38,-9447.62,-9607.17,-9680.81,-9810.61,-9855.13,-9978.25,12101.14,61.16907172525555,12101.14
12209.0,3021709.3,1118805.73,-9792.71,-9447.78,-9607.34,-9680.98,-9810.77,-9855.3,-9978.41,12101.31,51.152374517859165,12101.31
12210.0,3021709.4,1118804.79,-9793.04,-9447.94,-9607.5,-9681.14,-9810.93,-9855.46,-9978.57,12101.48,49.77494090848123,12101.48
12211.0,3021709.51,1118803.85,-9793.37,-9448.1,-9607.66,-9681.3,-9811.1,-9855.62,-9978.73,12101.65,50.54630372973288,12101.65
12212.0,3021709.62,1118802.91,-9793.7,-9448.27,-9607.83,-9681.47,-9811.26,-9855.79,-9978.9,12101.81,64.01209469501161,12101.81
12213.0,3021709.73,1118801.97,-9794.02,-9448.43,-9607.99,-9681.63,-9811.42,-9855.95,-9979.06,12101.97,67.52730526614411,12101.97
12214.0,3021709.84,1118801.03,-9794.35,-9448.6,-9608.15,-9681.79,-9811.59,-9856.11,-9979.23,12102.13,75.1637971965354,12102.13
12215.0,3021709.94,1118800.09,-9794.67,-9448.76,-9608.32,-9681.96,-9811.75,-9856.28,-9979.39,12102.28,78.61289095441778,12102.28
12216.0,3021710.05,1118799.15,-9794.99,-9448.92,-9608.48,-9682.12,-9811.91,-9856.44,-9979.55,12102.44,76.47511399266321,12102.44
12217.0,3021710.16,1118798.21,-9795.31,-9449.09,-9608.65,-9682.28,-9812.08,-9856.6,-9979.72,12102.6,73.21335120565624,12102.6
12218.0,3021710.26,1118797.27,-9795.63,-9449.25,-9608.81,-9682.45,-9812.24,-9856.77,-9979.88,12102.76,72.78359191953032,12102.76
12219.0,3021710.37,1118796.33,-9795.95,-9449.41,-9608.97,-9682.61,-9812.41,-9856.93,-9980.05,12102.91,70.37032823590017,12102.91
12220.0,3021710.47,1118795.38,-9796.27,-9449.58,-9609.14,-9682.78,-9812.57,-9857.1,-9980.21,12103.070000000002,70.86620433527624,12103.070000000002
12221.0,3021710.57,1118794.44,-9796.58,-9449.74,-9609.3,-9682.94,-9812.73,-9857.26,-9980.37,12103.23,74.48059012628396,12103.23
12222.0,3021710.68,1118793.5,-9796.9,-9449.91,-9609.47,-9683.1,-9812.9,-9857.42,-9980.54,12103.38,68.32070702514581,12103.38
12223.0,3021710.78,1118792.55,-9797.21,-9450.07,-9609.63,-9683.27,-9813.06,-9857.59,-9980.7,12103.52,65.9735601547658,12103.52
12224.0,3021710.88,1118791.61,-9797.53,-9450.24,-9609.79,-9683.43,-9813.23,-9857.75,-9980.87,12103.67,60.82746819012981,12103.67
12225.0,3021710.98,1118790.66,-9797.84,-9450.4,-9609.96,-9683.6,-9813.39,-9857.92,-9981.03,12103.81,61.04785756763029,12103.81
12226.0,3021711.08,1118789.72,-9798.15,-9450.56,-9610.12,-9683.76,-9813.56,-9858.08,-9981.19,12103.96,56.35356382687026,12103.96
12227.0,3021711.18,1118788.77,-9798.46,-9450.73,-9610.29,-9683.93,-9813.72,-9858.25,-9981.36,12104.1,58.62357441512511,12104.1
12228.0,3021711.28,1118787.83,-9798.76,-9450.89,-9610.45,-9684.09,-9813.88,-9858.41,-9981.52,12104.25,,12104.25
12229.0,3021711.38,1118786.88,-9799.07,-9451.06,-9610.62,-9684.25,-9814.05,-9858.57,-9981.69,12104.39,68.99289462652224,12104.39
12230.0,3021711.48,1118785.93,-9799.38,-9451.22,-9610.78,-9684.42,-9814.21,-9858.74,-9981.85,12104.54,77.3676909715401,12104.54
12231.0,3021711.57,1118784.98,-9799.68,-9451.39,-9610.95,-9684.58,-9814.38,-9858.9,-9982.02,12104.68,99.54988181696244,12104.68
12232.0,3021711.67,1118784.04,-9799.98,-9451.55,-9611.11,-9684.75,-9814.54,-9859.07,-9982.18,12104.820000000002,97.53331901283316,12104.820000000002
12233.0,3021711.77,1118783.09,-9800.29,-9451.72,-9611.27,-9684.91,-9814.71,-9859.23,-9982.35,12104.96,86.4036554490594,12104.96
12234.0,3021711.86,1118782.14,-9800.59,-9451.88,-9611.44,-9685.08,-9814.87,-9859.4,-9982.51,12105.09,63.71456903538597,12105.09
12235.0,3021711.96,1118781.19,-9800.89,-9452.05,-9611.6,-9685.24,-9815.04,-9859.56,-9982.68,12105.23,,12105.23
12236.0,3021712.05,1118780.24,-9801.19,-9452.21,-9611.77,-9685.41,-9815.2,-9859.73,-9982.84,12105.36,53.99539748761524,12105.36
12237.0,3021712.15,1118779.29,-9801.48,-9452.38,-9611.93,-9685.57,-9815.37,-9859.89,-9983.01,12105.490000000002,50.90994620260865,12105.490000000002
12238.0,3021712.24,1118778.34,-9801.78,-9452.54,-9612.1,-9685.74,-9815.53,-9860.06,-9983.17,12105.63,48.06692323285259,12105.63
12239.0,3021712.33,1118777.39,-9802.07,-9452.71,-9612.27,-9685.9,-9815.7,-9860.22,-9983.34,12105.75,47.25148253610084,12105.75
12240.0,3021712.43,1118776.44,-9802.37,-9452.87,-9612.43,-9686.07,-9815.86,-9860.39,-9983.5,12105.88,46.54623652809933,12105.88
12241.0,3021712.52,1118775.48,-9802.66,-9452.86,-9612.41,-9686.05,-9815.85,-9860.37,-9983.49,12106.19,44.29826487759454,12106.19
12242.0,3021712.61,1118774.53,-9802.95,-9452.79,-9612.34,-9685.98,-9815.78,-9860.3,-9983.42,12106.55,,12106.55
12243.0,3021712.7,1118773.58,-9803.24,-9452.72,-9612.28,-9685.91,-9815.71,-9860.23,-9983.35,12106.9,42.4029162310905,12106.9
12244.0,3021712.79,1118772.63,-9803.53,-9452.65,-9612.21,-9685.85,-9815.64,-9860.17,-9983.28,12107.26,42.09437110258984,12107.26
12245.0,3021712.88,1118771.67,-9803.82,-9452.58,-9612.14,-9685.78,-9815.57,-9860.1,-9983.21,12107.61,44.617829474970215,12107.61
12246.0,3021712.97,1118770.72,-9804.11,-9452.51,-9612.07,-9685.71,-9815.5,-9860.03,-9983.14,12107.97,46.50215865259924,12107.97
12247.0,3021713.06,1118769.77,-9804.39,-9452.44,-9612.0,-9685.64,-9815.43,-9859.96,-9983.07,12108.320000000002,,12108.320000000002
12248.0,3021713.15,1118768.81,-9804.68,-9452.37,-9611.93,-9685.57,-9815.36,-9859.89,-9983.0,12108.68,48.35342942360319,12108.68
12249.0,3021713.23,1118767.86,-9804.96,-9452.3,-9611.86,-9685.5,-9815.3,-9859.82,-9982.94,12109.03,46.98701528310028,12109.03
12250.0,3021713.32,1118766.9,-9805.24,-9452.24,-9611.79,-9685.43,-9815.23,-9859.75,-9982.87,12109.39,50.138583381357,12109.39
12251.0,3021713.41,1118765.94,-9805.52,-9452.17,-9611.73,-9685.36,-9815.16,-9859.68,-9982.8,12109.740000000002,46.50215865259924,12109.740000000002
12252.0,3021713.49,1118764.99,-9805.8,-9452.1,-9611.66,-9685.3,-9815.09,-9859.62,-9982.73,12110.09,,12110.09
12253.0,3021713.58,1118764.03,-9806.08,-9452.03,-9611.59,-9685.23,-9815.02,-9859.55,-9982.66,12110.43,45.58754273597229,12110.43
12254.0,3021713.66,1118763.07,-9806.36,-9451.96,-9611.52,-9685.16,-9814.95,-9859.48,-9982.59,12110.77,42.909811799341576,12110.77
12255.0,3021713.74,1118762.12,-9806.63,-9451.89,-9611.45,-9685.09,-9814.88,-9859.41,-9982.52,12111.12,45.05860822997116,12111.12
12256.0,3021713.83,1118761.16,-9806.91,-9451.82,-9611.38,-9685.02,-9814.81,-9859.34,-9982.45,12111.46,46.63439227909952,12111.46
12257.0,3021713.91,1118760.2,-9807.18,-9451.75,-9611.31,-9684.95,-9814.74,-9859.27,-9982.38,12111.8,53.11383997761335,12111.8
12258.0,3021713.99,1118759.24,-9807.45,-9451.68,-9611.24,-9684.88,-9814.68,-9859.2,-9982.31,12112.15,50.9760630158588,12112.15
12259.0,3021714.07,1118758.28,-9807.73,-9451.61,-9611.17,-9684.81,-9814.61,-9859.13,-9982.25,12112.490000000002,54.61248774461655,12112.490000000002
12260.0,3021714.15,1118757.32,-9808.0,-9451.55,-9611.1,-9684.74,-9814.54,-9859.06,-9982.18,12112.83,59.912852273502864,12112.83
12261.0,3021714.23,1118756.36,-9808.27,-9451.48,-9611.04,-9684.67,-9814.47,-9858.99,-9982.11,12113.18,,12113.18
12262.0,3021714.31,1118755.4,-9808.53,-9451.41,-9610.97,-9684.6,-9814.4,-9858.92,-9982.04,12113.51,61.32334428950588,12113.51
12263.0,3021714.39,1118754.44,-9808.8,-9451.34,-9610.9,-9684.54,-9814.33,-9858.86,-9981.97,12113.84,55.31773375261806,12113.84
12264.0,3021714.47,1118753.48,-9809.07,-9451.27,-9610.83,-9684.47,-9814.26,-9858.79,-9981.9,12114.17,63.3950044380103,12114.17
12265.0,3021714.55,1118752.52,-9809.33,-9451.2,-9610.76,-9684.4,-9814.19,-9858.72,-9981.83,12114.5,63.03136196513452,12114.5
12266.0,3021714.63,1118751.56,-9809.59,-9451.13,-9610.69,-9684.33,-9814.12,-9858.65,-9981.76,12114.84,62.436310645883246,12114.84
12267.0,3021714.7,1118750.6,-9809.85,-9451.06,-9610.62,-9684.26,-9814.05,-9858.58,-9981.69,12115.17,58.43624344424971,12115.17
12268.0,3021714.78,1118749.63,-9810.11,-9450.99,-9610.55,-9684.19,-9813.98,-9858.51,-9981.62,12115.5,65.23525574013922,12115.5
12269.0,3021714.86,1118748.67,-9810.37,-9450.92,-9610.48,-9684.12,-9813.91,-9858.44,-9981.55,12115.83,,12115.83
12270.0,3021714.93,1118747.71,-9810.63,-9450.85,-9610.41,-9684.05,-9813.84,-9858.37,-9981.48,12116.16,71.60450874990282,12116.16
12271.0,3021715.01,1118746.75,-9810.89,-9450.78,-9610.34,-9683.98,-9813.78,-9858.3,-9981.41,12116.490000000002,80.57435641417196,12116.490000000002
12272.0,3021715.08,1118745.78,-9811.15,-9450.71,-9610.27,-9683.91,-9813.71,-9858.23,-9981.34,12116.81,98.06225351883428,12116.81
12273.0,3021715.15,1118744.82,-9811.4,-9450.64,-9610.2,-9683.84,-9813.64,-9858.16,-9981.28,12117.13,120.97172931000816,12117.13
12274.0,3021715.23,1118743.85,-9811.65,-9450.58,-9610.13,-9683.77,-9813.57,-9858.09,-9981.21,12117.45,130.67988138890388,12117.45
12275.0,3021715.3,1118742.89,-9811.91,-9450.51,-9610.06,-9683.7,-9813.5,-9858.02,-9981.14,12117.77,,12117.77
12276.0,3021715.37,1118741.92,-9812.16,-9450.44,-9609.99,-9683.63,-9813.43,-9857.95,-9981.07,12118.09,146.2393714404371,12118.09
12277.0,3021715.44,1118740.96,-9812.41,-9450.37,-9609.93,-9683.56,-9813.36,-9857.88,-9981.0,12118.41,135.90310963566503,12118.41
12278.0,3021715.51,1118739.99,-9812.66,-9450.3,-9609.86,-9683.49,-9813.29,-9857.81,-9980.93,12118.73,122.45935760813636,12118.73
12279.0,3021715.58,1118739.02,-9812.9,-9450.23,-9609.79,-9683.42,-9813.22,-9857.74,-9980.86,12119.05,94.20543941257606,12119.05
12280.0,3021715.65,1118738.06,-9813.15,-9450.16,-9609.72,-9683.36,-9813.15,-9857.68,-9980.79,12119.37,75.40622551178592,12119.37
12281.0,3021715.72,1118737.09,-9813.4,-9450.09,-9609.65,-9683.29,-9813.08,-9857.61,-9980.72,12119.69,69.89649107427417,12119.69
12282.0,3021715.79,1118736.12,-9813.64,-9450.02,-9609.58,-9683.22,-9813.01,-9857.54,-9980.65,12120.01,65.64297608851508,12120.01
12283.0,3021715.85,1118735.16,-9813.88,-9450.03,-9609.59,-9683.23,-9813.02,-9857.55,-9980.66,12120.240000000002,65.9294822792657,12120.240000000002
12284.0,3021715.92,1118734.19,-9814.12,-9450.07,-9609.62,-9683.26,-9813.06,-9857.58,-9980.7,12120.45,63.03136196513452,12120.45
12285.0,3021715.99,1118733.22,-9814.36,-9450.1,-9609.66,-9683.3,-9813.09,-9857.62,-9980.73,12120.65,64.56306813876279,12120.65
12286.0,3021716.05,1118732.25,-9814.6,-9450.14,-9609.7,-9683.34,-9813.13,-9857.66,-9980.77,12120.85,61.521694729256296,12120.85
12287.0,3021716.12,1118731.28,-9814.84,-9450.18,-9609.74,-9683.37,-9813.17,-9857.69,-9980.81,12121.05,59.6924628960024,12121.05
12288.0,3021716.18,1118730.31,-9815.08,-9450.21,-9609.77,-9683.41,-9813.2,-9857.73,-9980.84,12121.25,62.46936905250831,12121.25
12289.0,3021716.25,1118729.34,-9815.31,-9450.25,-9609.81,-9683.45,-9813.24,-9857.77,-9980.88,12121.45,,12121.45
12290.0,3021716.31,1118728.37,-9815.55,-9450.29,-9609.85,-9683.48,-9813.28,-9857.8,-9980.92,12121.65,70.91028221077633,12121.65
12291.0,3021716.38,1118727.4,-9815.78,-9450.32,-9609.88,-9683.52,-9813.32,-9857.84,-9980.95,12121.84,71.84693706515334,12121.84
12292.0,3021716.44,1118726.43,-9816.01,-9450.36,-9609.92,-9683.56,-9813.35,-9857.88,-9980.99,12122.02,66.29312475214148,12122.02
12293.0,3021716.5,1118725.46,-9816.23,-9450.4,-9609.96,-9683.6,-9813.39,-9857.92,-9981.03,12122.21,63.03136196513452,12122.21
12294.0,3021716.57,1118724.49,-9816.46,-9450.44,-9609.99,-9683.63,-9813.43,-9857.95,-9981.07,12122.39,60.86052659675489,12122.39
12295.0,3021716.63,1118723.51,-9816.68,-9450.47,-9610.03,-9683.67,-9813.46,-9857.99,-9981.1,12122.58,58.06158150249891,12122.58
12296.0,3021716.69,1118722.54,-9816.91,-9450.51,-9610.07,-9683.71,-9813.5,-9858.03,-9981.14,12122.76,52.9926258199881,12122.76
12297.0,3021716.75,1118721.57,-9817.13,-9450.55,-9610.11,-9683.74,-9813.54,-9858.06,-9981.18,12122.95,48.70605242760395,12122.95
12298.0,3021716.81,1118720.59,-9817.35,-9450.58,-9610.14,-9683.78,-9813.57,-9858.1,-9981.21,12123.13,50.56834266748292,12123.13
12299.0,3021716.88,1118719.62,-9817.57,-9450.62,-9610.18,-9683.82,-9813.61,-9858.14,-9981.25,12123.320000000002,52.08902937223616,12123.320000000002
12300.0,3021716.94,1118718.64,-9817.78,-9450.66,-9610.22,-9683.85,-9813.65,-9858.17,-9981.29,12123.5,,12123.5
12301.0,3021717.0,1118717.67,-9818.0,-9450.69,-9610.25,-9683.89,-9813.69,-9858.21,-9981.33,12123.69,,12123.69
12302.0,3021717.06,1118716.69,-9818.21,-9450.73,-9610.29,-9683.93,-9813.72,-9858.25,-9981.36,12123.86,,12123.86
12303.0,3021717.12,1118715.72,-9818.42,-9450.77,-9610.33,-9683.97,-9813.76,-9858.29,-9981.4,12124.02,55.8576877274942,12124.02
12304.0,3021717.18,1118714.74,-9818.63,-9450.81,-9610.36,-9684.0,-9813.8,-9858.32,-9981.44,12124.19,60.82746819012981,12124.19
12305.0,3021717.24,1118713.77,-9818.83,-9450.84,-9610.4,-9684.04,-9813.83,-9858.36,-9981.47,12124.36,57.33429655674736,12124.36
12306.0,3021717.3,1118712.79,-9819.04,-9450.88,-9610.44,-9684.08,-9813.87,-9858.4,-9981.51,12124.53,56.41968064012041,12124.53
12307.0,3021717.36,1118711.81,-9819.24,-9450.92,-9610.48,-9684.12,-9813.91,-9858.43,-9981.55,12124.69,60.82746819012981,12124.69
12308.0,3021717.42,1118710.83,-9819.45,-9450.96,-9610.51,-9684.15,-9813.95,-9858.47,-9981.59,12124.86,55.31773375261806,12124.86
12309.0,3021717.47,1118709.86,-9819.65,-9450.99,-9610.55,-9684.19,-9813.98,-9858.51,-9981.62,12125.03,51.86863999473569,12125.03
12310.0,3021717.53,1118708.88,-9819.84,-9451.03,-9610.59,-9684.23,-9814.02,-9858.55,-9981.66,12125.2,52.25432140536152,12125.2
12311.0,3021717.59,1118707.9,-9820.04,-9451.07,-9610.63,-9684.26,-9814.06,-9858.58,-9981.7,12125.36,54.19374792736565,12125.36
12312.0,3021717.65,1118706.92,-9820.24,-9451.1,-9610.66,-9684.3,-9814.1,-9858.62,-9981.73,12125.51,54.24884527174078,12125.51
12313.0,3021717.71,1118705.94,-9820.43,-9451.14,-9610.7,-9684.34,-9814.13,-9858.66,-9981.77,12125.66,54.99816915524237,12125.66
12314.0,3021717.76,1118704.96,-9820.62,-9451.18,-9610.74,-9684.38,-9814.17,-9858.7,-9981.81,12125.81,56.48579745337055,12125.81
12315.0,3021717.82,1118703.98,-9820.81,-9451.22,-9610.77,-9684.41,-9814.21,-9858.73,-9981.85,12125.96,61.84125932663199,12125.96
12316.0,3021717.88,1118703.0,-9821.0,-9451.25,-9610.81,-9684.45,-9814.24,-9858.77,-9981.88,12126.11,60.82746819012981,12126.11
12317.0,3021717.93,1118702.02,-9821.19,-9451.29,-9610.85,-9684.49,-9814.28,-9858.81,-9981.92,12126.26,59.31780095425159,12126.26
12318.0,3021717.99,1118701.04,-9821.37,-9451.33,-9610.89,-9684.53,-9814.32,-9858.84,-9981.96,12126.41,54.50229305586631,12126.41
12319.0,3021718.04,1118700.06,-9821.55,-9451.37,-9610.92,-9684.56,-9814.36,-9858.88,-9982.0,12126.56,56.29846648249515,12126.56
12320.0,3021718.1,1118699.08,-9821.73,-9451.4,-9610.96,-9684.6,-9814.39,-9858.92,-9982.03,12126.71,58.99823635687592,12126.71
12321.0,3021718.15,1118698.09,-9821.91,-9451.44,-9611.0,-9684.64,-9814.43,-9858.96,-9982.07,12126.86,58.62357441512511,12126.86
12322.0,3021718.21,1118697.11,-9822.09,-9451.48,-9611.04,-9684.67,-9814.47,-9858.99,-9982.11,12126.990000000002,,12126.990000000002
12323.0,3021718.26,1118696.13,-9822.27,-9451.51,-9611.07,-9684.71,-9814.51,-9859.03,-9982.15,12127.13,58.91008060587571,12127.13
12324.0,3021718.32,1118695.14,-9822.44,-9451.55,-9611.11,-9684.75,-9814.54,-9859.07,-9982.18,12127.26,57.01473195937167,12127.26
12325.0,3021718.37,1118694.16,-9822.61,-9451.59,-9611.15,-9684.79,-9814.58,-9859.11,-9982.22,12127.39,57.66488062299806,12127.39
12326.0,3021718.42,1118693.18,-9822.79,-9451.63,-9611.19,-9684.82,-9814.62,-9859.14,-9982.26,12127.52,59.383917767501735,12127.52
12327.0,3021718.48,1118692.19,-9822.95,-9451.66,-9611.22,-9684.86,-9814.66,-9859.18,-9982.29,12127.66,57.411432838872514,12127.66
12328.0,3021718.53,1118691.21,-9823.12,-9451.7,-9611.26,-9684.9,-9814.69,-9859.22,-9982.33,12127.79,59.0863921078761,12127.79
12329.0,3021718.58,1118690.22,-9823.29,-9451.74,-9611.3,-9684.94,-9814.73,-9859.26,-9982.37,12127.92,56.44171957787045,12127.92
12330.0,3021718.63,1118689.24,-9823.45,-9451.78,-9611.34,-9684.97,-9814.77,-9859.29,-9982.41,12128.05,59.30678148537656,12128.05
12331.0,3021718.68,1118688.25,-9823.61,-9451.81,-9611.37,-9685.01,-9814.81,-9859.33,-9982.44,12128.19,59.53819033175206,12128.19
12332.0,3021718.74,1118687.27,-9823.77,-9451.85,-9611.41,-9685.05,-9814.84,-9859.37,-9982.48,12128.3,58.62357441512511,12128.3
12333.0,3021718.79,1118686.28,-9823.93,-9451.89,-9611.45,-9685.09,-9814.88,-9859.41,-9982.52,12128.42,,12128.42
12334.0,3021718.84,1118685.29,-9824.09,-9451.93,-9611.49,-9685.12,-9814.92,-9859.44,-9982.56,12128.53,,12128.53
12335.0,3021718.89,1118684.31,-9824.24,-9451.96,-9611.52,-9685.16,-9814.96,-9859.48,-9982.59,12128.65,65.23525574013922,12128.65
12336.0,3021718.94,1118683.32,-9824.4,-9452.0,-9611.56,-9685.2,-9814.99,-9859.52,-9982.63,12128.76,50.90994620260865,12128.76
12337.0,3021718.99,1118682.33,-9824.55,-9452.04,-9611.6,-9685.24,-9815.03,-9859.56,-9982.67,12128.88,55.31773375261806,12128.88
12338.0,3021719.04,1118681.35,-9824.7,-9452.08,-9611.64,-9685.27,-9815.07,-9859.59,-9982.71,12128.990000000002,56.4637585156205,12128.990000000002
12339.0,3021719.09,1118680.36,-9824.85,-9452.11,-9611.67,-9685.31,-9815.11,-9859.63,-9982.74,12129.11,59.075372639001074,12129.11
12340.0,3021719.14,1118679.37,-9824.99,-9452.15,-9611.71,-9685.35,-9815.14,-9859.67,-9982.78,12129.22,60.82746819012981,12129.22
12341.0,3021719.19,1118678.38,-9825.14,-9452.19,-9611.75,-9685.39,-9815.18,-9859.71,-9982.82,12129.34,59.15250892112624,12129.34
12342.0,3021719.24,1118677.39,-9825.28,-9452.23,-9611.79,-9685.42,-9815.22,-9859.74,-9982.86,12129.43,53.874183329989975,12129.43
12343.0,3021719.28,1118676.41,-9825.42,-9452.26,-9611.82,-9685.46,-9815.26,-9859.78,-9982.9,12129.53,52.25432140536152,12129.53
12344.0,3021719.33,1118675.42,-9825.56,-9452.3,-9611.86,-9685.5,-9815.29,-9859.82,-9982.93,12129.63,58.62357441512511,12129.63
12345.0,3021719.38,1118674.43,-9825.7,-9452.34,-9611.9,-9685.54,-9815.33,-9859.86,-9982.97,12129.73,,12129.73
12346.0,3021719.43,1118673.44,-9825.83,-9452.38,-9611.94,-9685.57,-9815.37,-9859.89,-9983.01,12129.820000000002,,12129.820000000002
12347.0,3021719.47,1118672.45,-9825.97,-9452.42,-9611.97,-9685.61,-9815.41,-9859.93,-9983.05,12129.92,,12129.92
12348.0,3021719.52,1118671.46,-9826.1,-9452.45,-9612.01,-9685.65,-9815.44,-9859.97,-9983.08,12130.02,59.648385020502296,12130.02
12349.0,3021719.57,1118670.47,-9826.23,-9452.49,-9612.05,-9685.69,-9815.48,-9860.01,-9983.12,12130.11,59.54920980062709,12130.11
12350.0,3021719.61,1118669.48,-9826.36,-9452.53,-9612.09,-9685.73,-9815.52,-9860.05,-9983.16,12130.21,55.31773375261806,12130.21
12351.0,3021719.66,1118668.49,-9826.49,-9452.57,-9612.12,-9685.76,-9815.56,-9860.08,-9983.2,12130.31,57.411432838872514,12130.31
12352.0,3021719.7,1118667.49,-9826.61,-9452.6,-9612.16,-9685.8,-9815.59,-9860.12,-9983.23,12130.39,60.66217615700446,12130.39
12353.0,3021719.75,1118666.5,-9826.74,-9452.64,-9612.2,-9685.84,-9815.63,-9860.16,-9983.27,12130.47,64.54102920101273,12130.47
12354.0,3021719.79,1118665.51,-9826.86,-9452.68,-9612.24,-9685.88,-9815.67,-9860.2,-9983.31,12130.55,67.43914951514392,12130.55
12355.0,3021719.84,1118664.52,-9826.98,-9452.72,-9612.28,-9685.91,-9815.71,-9860.23,-9983.35,12130.63,,12130.63
12356.0,3021719.88,1118663.53,-9827.1,-9452.75,-9612.31,-9685.95,-9815.75,-9860.27,-9983.38,12130.71,,12130.71
12357.0,3021719.93,1118662.54,-9827.21,-9452.79,-9612.35,-9685.99,-9815.78,-9860.31,-9983.42,12130.79,70.89926274190131,12130.79
12358.0,3021719.97,1118661.54,-9827.33,-9452.83,-9612.39,-9686.03,-9815.82,-9860.35,-9983.46,12130.87,76.93793168541418,12130.87
12359.0,3021720.01,1118660.55,-9827.44,-9452.87,-9612.43,-9686.06,-9815.86,-9860.38,-9983.5,12130.95,75.15277772766039,12130.95
12360.0,3021720.06,1118659.56,-9827.55,-9452.91,-9612.46,-9686.1,-9815.9,-9860.42,-9983.54,12131.03,71.84693706515334,12131.03
12361.0,3021720.1,1118658.56,-9827.66,-9452.94,-9612.5,-9686.14,-9815.93,-9860.46,-9983.57,12131.11,71.51635299890263,12131.11
12362.0,3021720.14,1118657.57,-9827.77,-9452.98,-9612.54,-9686.18,-9815.97,-9860.5,-9983.61,12131.17,69.64304329014863,12131.17
12363.0,3021720.18,1118656.58,-9827.88,-9453.02,-9612.58,-9686.22,-9816.01,-9860.54,-9983.65,12131.23,,12131.23
12364.0,3021720.23,1118655.58,-9827.98,-9453.06,-9612.62,-9686.25,-9816.05,-9860.57,-9983.69,12131.29,,12131.29
12365.0,3021720.27,1118654.59,-9828.08,-9453.09,-9612.65,-9686.29,-9816.09,-9860.61,-9983.72,12131.35,,12131.35
12366.0,3021720.31,1118653.6,-9828.18,-9453.13,-9612.69,-9686.33,-9816.12,-9860.65,-9983.76,12131.42,,12131.42
12367.0,3021720.35,1118652.6,-9828.28,-9453.17,-9612.73,-9686.37,-9816.16,-9860.69,-9983.8,12131.48,67.43914951514392,12131.48
12368.0,3021720.39,1118651.61,-9828.38,-9453.21,-9612.77,-9686.4,-9816.2,-9860.72,-9983.84,12131.54,69.64304329014863,12131.54
12369.0,3021720.43,1118650.61,-9828.47,-9453.25,-9612.8,-9686.44,-9816.24,-9860.76,-9983.88,12131.6,63.03136196513452,12131.6
12370.0,3021720.47,1118649.62,-9828.57,-9453.28,-9612.84,-9686.48,-9816.27,-9860.8,-9983.91,12131.66,71.84693706515334,12131.66
12371.0,3021720.51,1118648.62,-9828.66,-9453.32,-9612.88,-9686.52,-9816.31,-9860.84,-9983.95,12131.73,70.01770523189943,12131.73
12372.0,3021720.55,1118647.63,-9828.75,-9453.36,-9612.92,-9686.56,-9816.35,-9860.88,-9983.99,12131.77,62.31509648825799,12131.77
12373.0,3021720.59,1118646.63,-9828.84,-9453.4,-9612.96,-9686.59,-9816.39,-9860.91,-9984.03,12131.820000000002,58.62357441512511,12131.820000000002
12374.0,3021720.63,1118645.64,-9828.93,-9453.43,-9612.99,-9686.63,-9816.43,-9860.95,-9984.07,12131.86,63.03136196513452,12131.86
12375.0,3021720.66,1118644.64,-9829.01,-9453.47,-9613.03,-9686.67,-9816.46,-9860.99,-9984.1,12131.9,59.2737230787515,12131.9
12376.0,3021720.7,1118643.65,-9829.09,-9453.51,-9613.07,-9686.71,-9816.5,-9861.03,-9984.14,12131.95,58.62357441512511,12131.95
12377.0,3021720.74,1118642.65,-9829.17,-9453.55,-9613.11,-9686.75,-9816.54,-9861.07,-9984.18,12131.990000000002,,12131.990000000002
12378.0,3021720.78,1118641.65,-9829.25,-9453.59,-9613.14,-9686.78,-9816.58,-9861.1,-9984.22,12132.04,63.03136196513452,12132.04
12379.0,3021720.81,1118640.66,-9829.33,-9453.62,-9613.18,-9686.82,-9816.62,-9861.14,-9984.25,12132.08,55.31773375261806,12132.08
12380.0,3021720.85,1118639.66,-9829.41,-9453.66,-9613.22,-9686.86,-9816.65,-9861.18,-9984.29,12132.13,63.61539381551077,12132.13
12381.0,3021720.89,1118638.66,-9829.48,-9453.7,-9613.26,-9686.9,-9816.69,-9861.22,-9984.33,12132.17,65.23525574013922,12132.17
12382.0,3021720.92,1118637.67,-9829.55,-9453.74,-9613.3,-9686.93,-9816.73,-9861.25,-9984.37,12132.2,58.62357441512511,12132.2
12383.0,3021720.96,1118636.67,-9829.63,-9453.78,-9613.33,-9686.97,-9816.77,-9861.29,-9984.41,12132.240000000002,55.31773375261806,12132.240000000002
12384.0,3021721.0,1118635.67,-9829.7,-9453.81,-9613.37,-9687.01,-9816.8,-9861.33,-9984.44,12132.27,,12132.27
12385.0,3021721.03,1118634.68,-9829.77,-9453.85,-9613.41,-9687.05,-9816.84,-9861.37,-9984.48,12132.3,,12132.3
12386.0,3021721.07,1118633.68,-9829.84,-9453.89,-9613.45,-9687.09,-9816.88,-9861.41,-9984.52,12132.34,,12132.34
12387.0,3021721.11,1118632.68,-9829.91,-9453.93,-9613.49,-9687.12,-9816.92,-9861.44,-9984.56,12132.37,54.9651107486173,12132.37
12388.0,3021721.14,1118631.69,-9829.98,-9453.97,-9613.52,-9687.16,-9816.96,-9861.48,-9984.6,12132.4,55.72545410099392,12132.4
12389.0,3021721.18,1118630.69,-9830.05,-9454.0,-9613.56,-9687.2,-9816.99,-9861.52,-9984.63,12132.44,62.8881088697592,12132.44
12390.0,3021721.22,1118629.69,-9830.12,-9454.04,-9613.6,-9687.24,-9817.03,-9861.56,-9984.67,12132.47,58.62357441512511,12132.47
12391.0,3021721.25,1118628.7,-9830.19,-9454.08,-9613.64,-9687.28,-9817.07,-9861.6,-9984.71,12132.5,,12132.5
12392.0,3021721.29,1118627.7,-9830.26,-9454.12,-9613.68,-9687.31,-9817.11,-9861.63,-9984.75,12132.54,56.87147886399637,12132.54
12393.0,3021721.33,1118626.7,-9830.33,-9454.15,-9613.71,-9687.35,-9817.15,-9861.67,-9984.78,12132.570000000002,56.8384204573713,12132.570000000002
12394.0,3021721.37,1118625.71,-9830.4,-9454.19,-9613.75,-9687.39,-9817.18,-9861.71,-9984.82,12132.6,56.26540807587008,12132.6
12395.0,3021721.4,1118624.71,-9830.47,-9454.23,-9613.79,-9687.43,-9817.22,-9861.75,-9984.86,12132.63,58.62357441512511,12132.63
12396.0,3021721.44,1118623.71,-9830.54,-9454.27,-9613.83,-9687.47,-9817.26,-9861.79,-9984.9,12132.66,61.29028588288081,12132.66
12397.0,3021721.48,1118622.72,-9830.61,-9454.31,-9613.86,-9687.5,-9817.3,-9861.82,-9984.94,12132.69,55.32875322149307,12132.69
12398.0,3021721.52,1118621.72,-9830.68,-9454.34,-9613.9,-9687.54,-9817.34,-9861.86,-9984.97,12132.73,59.29576201650155,12132.73
12399.0,3021721.56,1118620.72,-9830.75,-9454.38,-9613.94,-9687.58,-9817.37,-9861.9,-9985.01,12132.76,59.978969086753,12132.76
12400.0,3021721.59,1118619.72,-9830.82,-9454.42,-9613.98,-9687.62,-9817.41,-9861.94,-9985.05,12132.79,57.8632310627485,12132.79
12401.0,3021721.63,1118618.73,-9830.89,-9454.46,-9614.02,-9687.65,-9817.45,-9861.97,-9985.09,12132.820000000002,57.411432838872514,12132.820000000002
12402.0,3021721.67,1118617.73,-9830.96,-9454.5,-9614.05,-9687.69,-9817.49,-9862.01,-9985.13,12132.85,60.82746819012981,12132.85
12403.0,3021721.71,1118616.73,-9831.03,-9454.53,-9614.09,-9687.73,-9817.52,-9862.05,-9985.16,12132.88,57.34531602562239,12132.88
12404.0,3021721.75,1118615.74,-9831.1,-9454.57,-9614.13,-9687.77,-9817.56,-9862.09,-9985.2,12132.91,54.85491605986707,12132.91
12405.0,3021721.79,1118614.74,-9831.17,-9454.61,-9614.17,-9687.81,-9817.6,-9862.13,-9985.24,12132.94,53.96233908099016,12132.94
12406.0,3021721.83,1118613.74,-9831.23,-9454.65,-9614.21,-9687.84,-9817.64,-9862.16,-9985.28,12132.97,58.62357441512511,12132.97
12407.0,3021721.87,1118612.75,-9831.3,-9454.69,-9614.24,-9687.88,-9817.68,-9862.2,-9985.32,12133.0,53.11383997761335,12133.0
12408.0,3021721.91,1118611.75,-9831.37,-9454.72,-9614.28,-9687.92,-9817.71,-9862.24,-9985.35,12133.03,,12133.03
12409.0,3021721.95,1118610.75,-9831.44,-9454.76,-9614.32,-9687.96,-9817.75,-9862.28,-9985.39,12133.070000000002,58.62357441512511,12133.070000000002
12410.0,3021721.99,1118609.76,-9831.51,-9454.8,-9614.36,-9688.0,-9817.79,-9862.32,-9985.43,12133.1,,12133.1
12411.0,3021722.03,1118608.76,-9831.57,-9454.84,-9614.4,-9688.03,-9817.83,-9862.35,-9985.47,12133.13,56.59599214212079,12133.13
12412.0,3021722.07,1118607.76,-9831.64,-9454.87,-9614.43,-9688.07,-9817.87,-9862.39,-9985.5,12133.16,56.992693021621626,12133.16
12413.0,3021722.11,1118606.77,-9831.71,-9454.91,-9614.47,-9688.11,-9817.9,-9862.43,-9985.54,12133.18,63.03136196513452,12133.18
12414.0,3021722.15,1118605.77,-9831.78,-9454.95,-9614.51,-9688.15,-9817.94,-9862.47,-9985.58,12133.21,61.65392835575658,12133.21
12415.0,3021722.19,1118604.77,-9831.84,-9454.99,-9614.55,-9688.19,-9817.98,-9862.51,-9985.62,12133.240000000002,60.82746819012981,12133.240000000002
12416.0,3021722.23,1118603.77,-9831.91,-9455.03,-9614.58,-9688.22,-9818.02,-9862.54,-9985.66,12133.27,60.49688412387911,12133.27
12417.0,3021722.27,1118602.78,-9831.98,-9455.06,-9614.62,-9688.26,-9818.06,-9862.58,-9985.69,12133.3,58.62357441512511,12133.3
12418.0,3021722.31,1118601.78,-9832.04,-9455.1,-9614.66,-9688.3,-9818.09,-9862.62,-9985.73,12133.33,,12133.33
12419.0,3021722.35,1118600.78,-9832.11,-9455.14,-9614.7,-9688.34,-9818.13,-9862.66,-9985.77,12133.36,,12133.36
12420.0,3021722.39,1118599.79,-9832.18,-9455.18,-9614.74,-9688.37,-9818.17,-9862.69,-9985.81,12133.39,55.31773375261806,12133.39
12421.0,3021722.44,1118598.79,-9832.24,-9455.22,-9614.77,-9688.41,-9818.21,-9862.73,-9985.85,12133.42,63.49417965788551,12133.42
12422.0,3021722.48,1118597.79,-9832.31,-9455.25,-9614.81,-9688.45,-9818.24,-9862.77,-9985.88,12133.44,64.18840619701199,12133.44
12423.0,3021722.52,1118596.8,-9832.38,-9455.29,-9614.85,-9688.49,-9818.28,-9862.81,-9985.92,12133.47,63.03136196513452,12133.47
12424.0,3021722.56,1118595.8,-9832.44,-9455.33,-9614.89,-9688.53,-9818.32,-9862.85,-9985.96,12133.5,,12133.5
12425.0,3021722.6,1118594.8,-9832.51,-9455.37,-9614.93,-9688.56,-9818.36,-9862.88,-9986.0,12133.53,,12133.53
12426.0,3021722.64,1118593.81,-9832.57,-9455.41,-9614.96,-9688.6,-9818.4,-9862.92,-9986.04,12133.55,,12133.55
12427.0,3021722.69,1118592.81,-9832.64,-9455.44,-9615.0,-9688.64,-9818.43,-9862.96,-9986.07,12133.58,65.23525574013922,12133.58
12428.0,3021722.73,1118591.81,-9832.7,-9455.48,-9615.04,-9688.68,-9818.47,-9863.0,-9986.11,12133.61,58.91008060587571,12133.61
12429.0,3021722.77,1118590.81,-9832.77,-9455.52,-9615.08,-9688.72,-9818.51,-9863.04,-9986.15,12133.64,57.83017265612342,12133.64
12430.0,3021722.81,1118589.82,-9832.83,-9455.56,-9615.12,-9688.75,-9818.55,-9863.07,-9986.19,12133.67,60.82746819012981,12133.67
12431.0,3021722.86,1118588.82,-9832.9,-9455.59,-9615.15,-9688.79,-9818.59,-9863.11,-9986.23,12133.69,56.54089479774567,12133.69
12432.0,3021722.9,1118587.82,-9832.96,-9455.62,-9615.18,-9688.82,-9818.62,-9863.14,-9986.25,12133.73,54.55739040024144,12133.73
12433.0,3021722.94,1118586.83,-9833.03,-9455.65,-9615.21,-9688.85,-9818.65,-9863.17,-9986.28,12133.76,54.11661164524049,12133.76
12434.0,3021722.99,1118585.83,-9833.09,-9455.68,-9615.24,-9688.88,-9818.68,-9863.2,-9986.31,12133.8,58.62357441512511,12133.8
12435.0,3021723.03,1118584.83,-9833.16,-9455.71,-9615.27,-9688.91,-9818.7,-9863.23,-9986.34,12133.83,52.45267184511194,12133.83
12436.0,3021723.07,1118583.84,-9833.22,-9455.74,-9615.3,-9688.94,-9818.73,-9863.26,-9986.37,12133.86,50.90994620260865,12133.86
12437.0,3021723.12,1118582.84,-9833.29,-9455.77,-9615.33,-9688.97,-9818.76,-9863.29,-9986.4,12133.9,55.89074613411928,12133.9
12438.0,3021723.16,1118581.84,-9833.35,-9455.8,-9615.36,-9689.0,-9818.79,-9863.32,-9986.43,12133.93,57.15798505474699,12133.93
12439.0,3021723.2,1118580.84,-9833.41,-9455.83,-9615.39,-9689.03,-9818.82,-9863.35,-9986.46,12133.97,55.31773375261806,12133.97
12440.0,3021723.25,1118579.85,-9833.48,-9455.86,-9615.42,-9689.06,-9818.85,-9863.38,-9986.49,12134.0,,12134.0
12441.0,3021723.29,1118578.85,-9833.54,-9455.89,-9615.45,-9689.09,-9818.88,-9863.41,-9986.52,12134.04,53.609716076989415,12134.04
12442.0,3021723.34,1118577.85,-9833.6,-9455.9,-9615.46,-9689.1,-9818.89,-9863.42,-9986.53,12134.09,53.11383997761335,12134.09
12443.0,3021723.38,1118576.86,-9833.67,-9455.91,-9615.47,-9689.11,-9818.9,-9863.43,-9986.54,12134.14,,12134.14
12444.0,3021723.43,1118575.86,-9833.73,-9455.92,-9615.48,-9689.12,-9818.91,-9863.44,-9986.55,12134.19,,12134.19
12445.0,3021723.47,1118574.86,-9833.79,-9455.93,-9615.49,-9689.13,-9818.92,-9863.45,-9986.56,12134.25,55.31773375261806,12134.25
12446.0,3021723.52,1118573.87,-9833.86,-9455.94,-9615.5,-9689.14,-9818.93,-9863.46,-9986.57,12134.3,,12134.3
12447.0,3021723.56,1118572.87,-9833.92,-9455.95,-9615.51,-9689.15,-9818.94,-9863.47,-9986.58,12134.35,53.43340457498903,12134.35
12448.0,3021723.61,1118571.87,-9833.98,-9455.96,-9615.52,-9689.16,-9818.95,-9863.48,-9986.59,12134.4,51.38378336423465,12134.4
12449.0,3021723.65,1118570.87,-9834.04,-9455.97,-9615.53,-9689.17,-9818.97,-9863.49,-9986.6,12134.46,49.04765596272968,12134.46
12450.0,3021723.7,1118569.88,-9834.11,-9455.98,-9615.54,-9689.18,-9818.98,-9863.5,-9986.61,12134.51,49.70882409523109,12134.51
12451.0,3021723.74,1118568.88,-9834.17,-9455.99,-9615.55,-9689.19,-9818.99,-9863.51,-9986.62,12134.56,50.90994620260865,12134.56
12452.0,3021723.79,1118567.88,-9834.23,-9456.0,-9615.56,-9689.2,-9819.0,-9863.52,-9986.64,12134.61,55.31773375261806,12134.61
12453.0,3021723.83,1118566.89,-9834.29,-9456.01,-9615.57,-9689.21,-9819.01,-9863.53,-9986.65,12134.66,51.207471862234286,12134.66
12454.0,3021723.88,1118565.89,-9834.35,-9456.03,-9615.58,-9689.22,-9819.02,-9863.54,-9986.66,12134.72,48.70605242760395,12134.72
12455.0,3021723.93,1118564.89,-9834.42,-9456.04,-9615.59,-9689.23,-9819.03,-9863.55,-9986.67,12134.77,52.46369131398696,12134.77
12456.0,3021723.97,1118563.89,-9834.48,-9456.05,-9615.6,-9689.24,-9819.04,-9863.56,-9986.68,12134.820000000002,50.66751788735814,12134.820000000002
12457.0,3021724.02,1118562.9,-9834.54,-9456.06,-9615.61,-9689.25,-9819.05,-9863.57,-9986.69,12134.87,48.055903763977554,12134.87
12458.0,3021724.07,1118561.9,-9834.6,-9456.07,-9615.62,-9689.26,-9819.06,-9863.58,-9986.7,12134.92,51.85762052586068,12134.92
12459.0,3021724.11,1118560.9,-9834.66,-9456.08,-9615.63,-9689.27,-9819.07,-9863.59,-9986.71,12134.97,53.67583289023955,12134.97
12460.0,3021724.16,1118559.91,-9834.72,-9456.09,-9615.64,-9689.28,-9819.08,-9863.6,-9986.72,12135.02,50.90994620260865,12135.02
12461.0,3021724.21,1118558.91,-9834.78,-9456.1,-9615.66,-9689.29,-9819.09,-9863.61,-9986.73,12135.070000000002,52.794275380237664,12135.070000000002
12462.0,3021724.25,1118557.91,-9834.84,-9456.11,-9615.67,-9689.3,-9819.1,-9863.62,-9986.74,12135.12,52.2983992808616,12135.12
12463.0,3021724.3,1118556.92,-9834.9,-9456.12,-9615.68,-9689.31,-9819.11,-9863.63,-9986.75,12135.17,54.40311783599111,12135.17
12464.0,3021724.35,1118555.92,-9834.96,-9456.13,-9615.69,-9689.32,-9819.12,-9863.64,-9986.76,12135.22,54.954091279742286,12135.22
12465.0,3021724.39,1118554.92,-9835.02,-9456.14,-9615.7,-9689.33,-9819.13,-9863.65,-9986.77,12135.27,53.59869660811439,12135.27
12466.0,3021724.44,1118553.92,-9835.08,-9456.15,-9615.71,-9689.35,-9819.14,-9863.66,-9986.78,12135.320000000002,54.976130217492326,12135.320000000002
12467.0,3021724.49,1118552.93,-9835.14,-9456.16,-9615.72,-9689.36,-9819.15,-9863.68,-9986.79,12135.37,53.11383997761335,12135.37
12468.0,3021724.54,1118551.93,-9835.2,-9456.17,-9615.73,-9689.37,-9819.16,-9863.69,-9986.8,12135.42,54.84389659099204,12135.42
12469.0,3021724.59,1118550.93,-9835.26,-9456.18,-9615.74,-9689.38,-9819.17,-9863.7,-9986.81,12135.47,51.54907539736001,12135.47
12470.0,3021724.63,1118549.94,-9835.32,-9456.19,-9615.75,-9689.39,-9819.18,-9863.71,-9986.82,12135.52,57.411432838872514,12135.52
12471.0,3021724.68,1118548.94,-9835.38,-9456.2,-9615.76,-9689.4,-9819.19,-9863.72,-9986.83,12135.570000000002,52.27636034311156,12135.570000000002
12472.0,3021724.73,1118547.94,-9835.44,-9456.21,-9615.77,-9689.41,-9819.2,-9863.73,-9986.84,12135.62,51.8245621192356,12135.62
12473.0,3021724.78,1118546.95,-9835.5,-9456.22,-9615.78,-9689.42,-9819.21,-9863.74,-9986.85,12135.67,56.49681692224557,12135.67
12474.0,3021724.83,1118545.95,-9835.56,-9456.23,-9615.79,-9689.43,-9819.22,-9863.75,-9986.86,12135.72,58.62357441512511,12135.72
12475.0,3021724.88,1118544.95,-9835.62,-9456.24,-9615.8,-9689.44,-9819.23,-9863.76,-9986.87,12135.76,59.09741157675112,12135.76
12476.0,3021724.93,1118543.95,-9835.68,-9456.25,-9615.81,-9689.45,-9819.24,-9863.77,-9986.88,12135.81,60.82746819012981,12135.81
12477.0,3021724.98,1118542.96,-9835.74,-9456.26,-9615.82,-9689.46,-9819.25,-9863.78,-9986.89,12135.86,53.11383997761335,12135.86
12478.0,3021725.03,1118541.96,-9835.79,-9456.27,-9615.83,-9689.47,-9819.26,-9863.79,-9986.9,12135.91,,12135.91
12479.0,3021725.08,1118540.96,-9835.85,-9456.28,-9615.84,-9689.48,-9819.27,-9863.8,-9986.91,12135.96,64.2875814168872,12135.96
12480.0,3021725.12,1118539.97,-9835.91,-9456.29,-9615.85,-9689.49,-9819.28,-9863.81,-9986.92,12136.01,63.36194603138522,12136.01
12481.0,3021725.17,1118538.97,-9835.97,-9456.3,-9615.86,-9689.5,-9819.29,-9863.82,-9986.93,12136.06,61.73106463788174,12136.06
12482.0,3021725.22,1118537.97,-9836.03,-9456.31,-9615.87,-9689.51,-9819.3,-9863.83,-9986.94,12136.1,58.37012663099957,12136.1
12483.0,3021725.27,1118536.97,-9836.09,-9456.32,-9615.88,-9689.52,-9819.31,-9863.84,-9986.95,12136.15,57.18002399249703,12136.15
12484.0,3021725.32,1118535.98,-9836.14,-9456.33,-9615.89,-9689.53,-9819.32,-9863.85,-9986.96,12136.2,59.74756024037751,12136.2
12485.0,3021725.37,1118534.98,-9836.2,-9456.34,-9615.9,-9689.54,-9819.33,-9863.86,-9986.97,12136.25,58.62357441512511,12136.25
12486.0,3021725.42,1118533.98,-9836.26,-9456.35,-9615.91,-9689.55,-9819.34,-9863.87,-9986.98,12136.3,,12136.3
12487.0,3021725.47,1118532.99,-9836.32,-9456.36,-9615.92,-9689.56,-9819.35,-9863.88,-9986.99,12136.35,59.571248738377136,12136.35
12488.0,3021725.52,1118531.99,-9836.38,-9456.37,-9615.93,-9689.57,-9819.36,-9863.89,-9987.0,12136.4,64.46389291888758,12136.4
12489.0,3021725.57,1118530.99,-9836.44,-9456.38,-9615.94,-9689.58,-9819.37,-9863.9,-9987.01,12136.44,63.38398496913526,12136.44
12490.0,3021725.62,1118530.0,-9836.5,-9456.39,-9615.95,-9689.59,-9819.38,-9863.91,-9987.02,12136.490000000002,63.63743275326081,12136.490000000002
12491.0,3021725.67,1118529.0,-9836.56,-9456.4,-9615.96,-9689.6,-9819.39,-9863.92,-9987.03,12136.54,67.43914951514392,12136.54
12492.0,3021725.72,1118528.0,-9836.62,-9456.41,-9615.97,-9689.61,-9819.41,-9863.93,-9987.04,12136.59,59.571248738377136,12136.59
12493.0,3021725.77,1118527.0,-9836.67,-9456.42,-9615.98,-9689.62,-9819.42,-9863.94,-9987.05,12136.64,58.6676522906252,12136.64
12494.0,3021725.82,1118526.01,-9836.73,-9456.43,-9615.99,-9689.63,-9819.43,-9863.95,-9987.06,12136.69,62.52446639688343,12136.69
12495.0,3021725.87,1118525.01,-9836.79,-9456.44,-9616.0,-9689.64,-9819.44,-9863.96,-9987.07,12136.740000000002,64.78345751626327,12136.740000000002
12496.0,3021725.92,1118524.01,-9836.85,-9456.45,-9616.01,-9689.65,-9819.45,-9863.97,-9987.09,12136.79,63.56029647113564,12136.79
12497.0,3021725.97,1118523.02,-9836.91,-9456.47,-9616.02,-9689.66,-9819.46,-9863.98,-9987.1,12136.83,56.1772523248699,12136.83
12498.0,3021726.02,1118522.02,-9836.97,-9456.48,-9616.03,-9689.67,-9819.47,-9863.99,-9987.11,12136.88,60.34261155962879,12136.88
12499.0,3021726.08,1118521.02,-9837.03,-9456.49,-9616.04,-9689.68,-9819.48,-9864.0,-9987.12,12136.93,58.96517795025085,12136.93
12500.0,3021726.13,1118520.03,-9837.09,-9456.5,-9616.05,-9689.69,-9819.49,-9864.01,-9987.13,12136.98,60.82746819012981,12136.98
12501.0,3021726.18,1118519.03,-9837.15,-9456.51,-9616.06,-9689.7,-9819.5,-9864.02,-9987.14,12137.03,,12137.03
12502.0,3021726.23,1118518.03,-9837.21,-9456.52,-9616.07,-9689.71,-9819.51,-9864.03,-9987.15,12137.08,60.07814430662821,12137.08
12503.0,3021726.28,1118517.03,-9837.27,-9456.53,-9616.08,-9689.72,-9819.52,-9864.04,-9987.16,12137.13,58.62357441512511,12137.13
12504.0,3021726.33,1118516.04,-9837.32,-9456.54,-9616.1,-9689.73,-9819.53,-9864.05,-9987.17,12137.18,,12137.18
12505.0,3021726.38,1118515.04,-9837.38,-9456.55,-9616.11,-9689.74,-9819.54,-9864.06,-9987.18,12137.23,60.33159209075376,12137.23
12506.0,3021726.43,1118514.04,-9837.44,-9456.56,-9616.12,-9689.75,-9819.55,-9864.07,-9987.19,12137.28,60.82746819012981,12137.28
12507.0,3021726.48,1118513.05,-9837.5,-9456.57,-9616.13,-9689.76,-9819.56,-9864.08,-9987.2,12137.320000000002,59.1855673277513,12137.320000000002
12508.0,3021726.53,1118512.05,-9837.56,-9456.58,-9616.14,-9689.77,-9819.57,-9864.09,-9987.21,12137.37,,12137.37
12509.0,3021726.58,1118511.05,-9837.62,-9456.59,-9616.15,-9689.79,-9819.58,-9864.1,-9987.22,12137.42,53.11383997761335,12137.42
12510.0,3021726.64,1118510.06,-9837.68,-9456.6,-9616.16,-9689.8,-9819.59,-9864.12,-9987.23,12137.47,54.83287712211703,12137.47
12511.0,3021726.69,1118509.06,-9837.74,-9456.61,-9616.17,-9689.81,-9819.6,-9864.13,-9987.24,12137.52,54.41413730486613,12137.52
12512.0,3021726.74,1118508.06,-9837.8,-9456.62,-9616.18,-9689.82,-9819.61,-9864.14,-9987.25,12137.570000000002,50.90994620260865,12137.570000000002
12513.0,3021726.79,1118507.07,-9837.86,-9456.63,-9616.19,-9689.83,-9819.62,-9864.15,-9987.26,12137.62,,12137.62
12514.0,3021726.84,1118506.07,-9837.92,-9456.64,-9616.2,-9689.84,-9819.63,-9864.16,-9987.27,12137.67,59.25168414100145,12137.67
12515.0,3021726.89,1118505.07,-9837.98,-9456.65,-9616.21,-9689.85,-9819.64,-9864.17,-9987.28,12137.72,59.45003458075188,12137.72
12516.0,3021726.94,1118504.07,-9838.04,-9456.66,-9616.22,-9689.86,-9819.65,-9864.18,-9987.29,12137.77,53.11383997761335,12137.77
12517.0,3021727.0,1118503.08,-9838.1,-9456.67,-9616.23,-9689.87,-9819.66,-9864.19,-9987.3,12137.820000000002,,12137.820000000002
12518.0,3021727.05,1118502.08,-9838.16,-9456.68,-9616.24,-9689.88,-9819.67,-9864.2,-9987.31,12137.87,,12137.87
12519.0,3021727.1,1118501.08,-9838.22,-9456.69,-9616.25,-9689.89,-9819.68,-9864.21,-9987.32,12137.92,,12137.92
12520.0,3021727.15,1118500.09,-9838.28,-9456.7,-9616.26,-9689.9,-9819.69,-9864.22,-9987.33,12137.97,,12137.97
12521.0,3021727.2,1118499.09,-9838.34,-9456.71,-9616.27,-9689.91,-9819.7,-9864.23,-9987.34,12138.02,52.10004884111119,12138.02
12522.0,3021727.26,1118498.09,-9838.4,-9456.72,-9616.28,-9689.92,-9819.71,-9864.24,-9987.35,12138.070000000002,48.70605242760395,12138.070000000002
12523.0,3021727.31,1118497.1,-9838.46,-9456.73,-9616.29,-9689.93,-9819.72,-9864.25,-9987.36,12138.12,46.88784006322506,12138.12
12524.0,3021727.36,1118496.1,-9838.52,-9456.74,-9616.3,-9689.94,-9819.73,-9864.26,-9987.37,12138.17,50.90994620260865,12138.17
12525.0,3021727.41,1118495.1,-9838.58,-9456.75,-9616.31,-9689.95,-9819.74,-9864.27,-9987.38,12138.22,50.53528426085785,12138.22
12526.0,3021727.46,1118494.11,-9838.64,-9456.76,-9616.32,-9689.96,-9819.75,-9864.28,-9987.39,12138.27,48.70605242760395,12138.27
12527.0,3021727.52,1118493.11,-9838.7,-9456.77,-9616.33,-9689.97,-9819.76,-9864.29,-9987.4,12138.320000000002,50.90994620260865,12138.320000000002
12528.0,3021727.57,1118492.11,-9838.76,-9456.78,-9616.34,-9689.98,-9819.77,-9864.3,-9987.41,12138.36,47.15230731622563,12138.36
12529.0,3021727.62,1118491.12,-9838.82,-9456.79,-9616.35,-9689.99,-9819.78,-9864.31,-9987.42,12138.41,47.6041055401016,12138.41
12530.0,3021727.67,1118490.12,-9838.88,-9456.8,-9616.36,-9690.0,-9819.79,-9864.32,-9987.43,12138.46,49.49945418660564,12138.46
12531.0,3021727.73,1118489.12,-9838.94,-9456.81,-9616.37,-9690.01,-9819.8,-9864.33,-9987.44,12138.51,49.81901878398131,12138.51
12532.0,3021727.78,1118488.13,-9839.0,-9456.82,-9616.38,-9690.02,-9819.81,-9864.34,-9987.45,12138.56,48.38648783022826,12138.56
12533.0,3021727.83,1118487.13,-9839.06,-9456.83,-9616.39,-9690.03,-9819.82,-9864.35,-9987.46,12138.61,46.50215865259924,12138.61
12534.0,3021727.88,1118486.13,-9839.12,-9456.84,-9616.4,-9690.04,-9819.83,-9864.36,-9987.47,12138.66,50.21571966348216,12138.66
12535.0,3021727.94,1118485.14,-9839.18,-9456.85,-9616.41,-9690.05,-9819.85,-9864.37,-9987.48,12138.72,46.50215865259924,12138.72
12536.0,3021727.99,1118484.14,-9839.24,-9456.86,-9616.42,-9690.06,-9819.86,-9864.38,-9987.49,12138.77,53.11383997761335,12138.77
12537.0,3021728.04,1118483.14,-9839.3,-9456.87,-9616.43,-9690.07,-9819.87,-9864.39,-9987.5,12138.820000000002,43.70321355834327,12138.820000000002
12538.0,3021728.1,1118482.14,-9839.36,-9456.88,-9616.44,-9690.08,-9819.88,-9864.4,-9987.51,12138.87,47.65920288447671,12138.87
12539.0,3021728.15,1118481.15,-9839.42,-9456.89,-9616.45,-9690.09,-9819.89,-9864.41,-9987.53,12138.92,48.70605242760395,12138.92
12540.0,3021728.2,1118480.15,-9839.48,-9456.91,-9616.46,-9690.1,-9819.9,-9864.42,-9987.54,12138.97,49.543532062105726,12138.97
12541.0,3021728.26,1118479.15,-9839.54,-9456.92,-9616.47,-9690.11,-9819.91,-9864.43,-9987.55,12139.02,53.11383997761335,12139.02
12542.0,3021728.31,1118478.16,-9839.6,-9456.93,-9616.48,-9690.12,-9819.92,-9864.44,-9987.56,12139.070000000002,51.21849133110931,12139.070000000002
12543.0,3021728.36,1118477.16,-9839.66,-9456.94,-9616.49,-9690.13,-9819.93,-9864.45,-9987.57,12139.12,54.42515677374115,12139.12
12544.0,3021728.42,1118476.16,-9839.73,-9456.95,-9616.5,-9690.14,-9819.94,-9864.46,-9987.58,12139.17,53.75296917236472,12139.17
12545.0,3021728.47,1118475.17,-9839.79,-9456.96,-9616.51,-9690.15,-9819.95,-9864.47,-9987.59,12139.22,50.90994620260865,12139.22
12546.0,3021728.52,1118474.17,-9839.85,-9456.97,-9616.52,-9690.16,-9819.96,-9864.48,-9987.6,12139.27,51.40582230198471,12139.27
12547.0,3021728.58,1118473.17,-9839.91,-9456.98,-9616.54,-9690.17,-9819.97,-9864.49,-9987.61,12139.320000000002,53.11383997761335,12139.320000000002
12548.0,3021728.63,1118472.18,-9839.97,-9456.99,-9616.55,-9690.18,-9819.98,-9864.5,-9987.62,12139.37,55.31773375261806,12139.37
12549.0,3021728.68,1118471.18,-9840.03,-9457.0,-9616.56,-9690.19,-9819.99,-9864.51,-9987.63,12139.42,59.62634608275225,12139.42
12550.0,3021728.74,1118470.18,-9840.09,-9457.01,-9616.57,-9690.2,-9820.0,-9864.52,-9987.64,12139.47,60.82746819012981,12139.47
12551.0,3021728.79,1118469.19,-9840.15,-9457.02,-9616.58,-9690.21,-9820.01,-9864.53,-9987.65,12139.52,,12139.52
12552.0,3021728.84,1118468.19,-9840.21,-9457.03,-9616.59,-9690.22,-9820.02,-9864.54,-9987.66,12139.570000000002,,12139.570000000002
12553.0,3021728.9,1118467.19,-9840.27,-9457.04,-9616.6,-9690.24,-9820.03,-9864.55,-9987.67,12139.62,,12139.62
12554.0,3021728.95,1118466.2,-9840.33,-9457.05,-9616.61,-9690.25,-9820.04,-9864.57,-9987.68,12139.67,56.44171957787045,12139.67
12555.0,3021729.01,1118465.2,-9840.39,-9457.06,-9616.62,-9690.26,-9820.05,-9864.58,-9987.69,12139.72,58.1938151289992,12139.72
12556.0,3021729.06,1118464.2,-9840.46,-9457.07,-9616.63,-9690.27,-9820.06,-9864.59,-9987.7,12139.78,63.03136196513452,12139.78
12557.0,3021729.11,1118463.21,-9840.52,-9457.08,-9616.64,-9690.28,-9820.07,-9864.6,-9987.71,12139.83,58.62357441512511,12139.83
12558.0,3021729.17,1118462.21,-9840.58,-9457.09,-9616.65,-9690.29,-9820.08,-9864.61,-9987.72,12139.88,,12139.88
12559.0,3021729.22,1118461.21,-9840.64,-9457.1,-9616.66,-9690.3,-9820.09,-9864.62,-9987.73,12139.93,65.23525574013922,12139.93
12560.0,3021729.28,1118460.22,-9840.7,-9457.11,-9616.67,-9690.31,-9820.1,-9864.63,-9987.74,12139.98,64.46389291888758,12139.98
12561.0,3021729.33,1118459.22,-9840.76,-9457.12,-9616.68,-9690.32,-9820.11,-9864.64,-9987.75,12140.03,63.03136196513452,12140.03
12562.0,3021729.39,1118458.22,-9840.82,-9457.13,-9616.69,-9690.33,-9820.12,-9864.65,-9987.76,12140.08,67.43914951514392,12140.08
12563.0,3021729.44,1118457.23,-9840.88,-9457.14,-9616.7,-9690.34,-9820.13,-9864.66,-9987.77,12140.13,68.6402716225215,12140.13
12564.0,3021729.5,1118456.23,-9840.95,-9457.15,-9616.71,-9690.35,-9820.14,-9864.67,-9987.78,12140.18,69.64304329014863,12140.18
12565.0,3021729.55,1118455.23,-9841.01,-9457.16,-9616.72,-9690.36,-9820.15,-9864.68,-9987.79,12140.23,68.47497958939614,12140.23
12566.0,3021729.6,1118454.24,-9841.07,-9457.17,-9616.73,-9690.37,-9820.16,-9864.69,-9987.8,12140.29,67.43914951514392,12140.29
12567.0,3021729.66,1118453.24,-9841.13,-9457.18,-9616.74,-9690.38,-9820.17,-9864.7,-9987.81,12140.34,65.23525574013922,12140.34
12568.0,3021729.71,1118452.24,-9841.19,-9457.19,-9616.75,-9690.39,-9820.18,-9864.71,-9987.82,12140.39,,12140.39
12569.0,3021729.77,1118451.25,-9841.25,-9457.2,-9616.76,-9690.4,-9820.19,-9864.72,-9987.83,12140.44,72.40892997777952,12140.44
12570.0,3021729.82,1118450.25,-9841.31,-9457.21,-9616.77,-9690.41,-9820.2,-9864.73,-9987.84,12140.490000000002,75.15277772766039,12140.490000000002
12571.0,3021729.88,1118449.25,-9841.38,-9457.22,-9616.78,-9690.42,-9820.21,-9864.74,-9987.85,12140.54,,12140.54
12572.0,3021729.93,1118448.26,-9841.44,-9457.23,-9616.79,-9690.43,-9820.22,-9864.75,-9987.86,12140.59,69.64304329014863,12140.59
12573.0,3021729.99,1118447.26,-9841.5,-9457.24,-9616.8,-9690.44,-9820.23,-9864.76,-9987.87,12140.64,,12140.64
12574.0,3021730.04,1118446.26,-9841.56,-9457.25,-9616.81,-9690.45,-9820.24,-9864.77,-9987.88,12140.7,,12140.7
12575.0,3021730.1,1118445.27,-9841.62,-9457.26,-9616.82,-9690.46,-9820.25,-9864.78,-9987.89,12140.75,,12140.75
12576.0,3021730.16,1118444.27,-9841.68,-9457.27,-9616.83,-9690.47,-9820.26,-9864.79,-9987.9,12140.8,61.22416906963066,12140.8
12577.0,3021730.21,1118443.28,-9841.75,-9457.28,-9616.84,-9690.48,-9820.27,-9864.8,-9987.91,12140.85,58.62357441512511,12140.85
12578.0,3021730.27,1118442.28,-9841.81,-9457.29,-9616.85,-9690.49,-9820.28,-9864.81,-9987.92,12140.9,59.81367705362765,12140.9
12579.0,3021730.32,1118441.28,-9841.87,-9457.3,-9616.86,-9690.5,-9820.3,-9864.82,-9987.93,12140.95,61.15805225638052,12140.95
12580.0,3021730.38,1118440.29,-9841.93,-9457.31,-9616.87,-9690.51,-9820.31,-9864.83,-9987.94,12141.0,63.03136196513452,12141.0
12581.0,3021730.43,1118439.29,-9841.99,-9457.32,-9616.88,-9690.52,-9820.32,-9864.84,-9987.95,12141.06,60.904604472254974,12141.06
12582.0,3021730.49,1118438.29,-9842.05,-9457.33,-9616.89,-9690.53,-9820.33,-9864.85,-9987.96,12141.11,57.14696558587196,12141.11
12583.0,3021730.55,1118437.3,-9842.12,-9457.34,-9616.9,-9690.54,-9820.33,-9864.86,-9987.97,12141.16,52.8052948491127,12141.16
12584.0,3021730.6,1118436.3,-9842.18,-9457.35,-9616.91,-9690.55,-9820.34,-9864.87,-9987.98,12141.21,53.080781570988286,12141.21
12585.0,3021730.66,1118435.3,-9842.24,-9457.36,-9616.92,-9690.56,-9820.35,-9864.88,-9987.99,12141.27,55.31773375261806,12141.27
12586.0,3021730.71,1118434.31,-9842.3,-9457.37,-9616.93,-9690.57,-9820.36,-9864.89,-9988.0,12141.320000000002,56.48579745337055,12141.320000000002
12587.0,3021730.77,1118433.31,-9842.36,-9457.38,-9616.94,-9690.58,-9820.37,-9864.9,-9988.01,12141.37,60.49688412387911,12141.37
12588.0,3021730.83,1118432.31,-9842.42,-9457.39,-9616.95,-9690.59,-9820.38,-9864.91,-9988.02,12141.42,58.62357441512511,12141.42
12589.0,3021730.88,1118431.32,-9842.49,-9457.4,-9616.96,-9690.6,-9820.39,-9864.92,-9988.03,12141.47,,12141.47
12590.0,3021730.94,1118430.32,-9842.55,-9457.41,-9616.97,-9690.61,-9820.4,-9864.93,-9988.04,12141.53,57.5877443408729,12141.53
12591.0,3021731.0,1118429.32,-9842.61,-9457.42,-9616.98,-9690.62,-9820.41,-9864.94,-9988.05,12141.58,53.874183329989975,12141.58
12592.0,3021731.05,1118428.33,-9842.67,-9457.42,-9616.98,-9690.62,-9820.41,-9864.94,-9988.05,12141.64,58.62357441512511,12141.64
12593.0,3021731.11,1118427.33,-9842.73,-9457.43,-9616.98,-9690.62,-9820.42,-9864.94,-9988.06,12141.7,60.45280624837901,12141.7
12594.0,3021731.17,1118426.33,-9842.8,-9457.43,-9616.99,-9690.63,-9820.42,-9864.95,-9988.06,12141.75,58.29299034887441,12141.75
12595.0,3021731.23,1118425.34,-9842.86,-9457.43,-9616.99,-9690.63,-9820.43,-9864.95,-9988.06,12141.81,55.31773375261806,12141.81
12596.0,3021731.28,1118424.34,-9842.92,-9457.44,-9617.0,-9690.64,-9820.43,-9864.95,-9988.07,12141.87,56.72822576862107,12141.87
12597.0,3021731.34,1118423.35,-9842.98,-9457.44,-9617.0,-9690.64,-9820.43,-9864.96,-9988.07,12141.93,58.62357441512511,12141.93
12598.0,3021731.4,1118422.35,-9843.04,-9457.45,-9617.0,-9690.64,-9820.44,-9864.96,-9988.08,12141.990000000002,63.03136196513452,12141.990000000002
12599.0,3021731.46,1118421.35,-9843.11,-9457.45,-9617.01,-9690.65,-9820.44,-9864.97,-9988.08,12142.04,61.41150004050606,12142.04
12600.0,3021731.51,1118420.36,-9843.17,-9457.45,-9617.01,-9690.65,-9820.44,-9864.97,-9988.08,12142.1,58.62357441512511,12142.1
12601.0,3021731.57,1118419.36,-9843.23,-9457.46,-9617.02,-9690.65,-9820.45,-9864.97,-9988.09,12142.16,63.03136196513452,12142.16
12602.0,3021731.63,1118418.36,-9843.29,-9457.46,-9617.02,-9690.66,-9820.45,-9864.98,-9988.09,12142.22,,12142.22
12603.0,3021731.69,1118417.37,-9843.35,-9457.47,-9617.02,-9690.66,-9820.46,-9864.98,-9988.1,12142.28,,12142.28
12604.0,3021731.74,1118416.37,-9843.42,-9457.47,-9617.03,-9690.67,-9820.46,-9864.99,-9988.1,12142.33,62.00655135975733,12142.33
12605.0,3021731.8,1118415.37,-9843.48,-9457.47,-9617.03,-9690.67,-9820.46,-9864.99,-9988.1,12142.39,60.82746819012981,12142.39
12606.0,3021731.86,1118414.38,-9843.54,-9457.48,-9617.04,-9690.67,-9820.47,-9864.99,-9988.11,12142.45,63.03136196513452,12142.45
12607.0,3021731.92,1118413.38,-9843.6,-9457.48,-9617.04,-9690.68,-9820.47,-9865.0,-9988.11,12142.51,61.31232482063085,12142.51
12608.0,3021731.98,1118412.38,-9843.66,-9457.49,-9617.04,-9690.68,-9820.48,-9865.0,-9988.12,12142.570000000002,58.62357441512511,12142.570000000002
12609.0,3021732.04,1118411.39,-9843.73,-9457.49,-9617.05,-9690.69,-9820.48,-9865.01,-9988.12,12142.62,,12142.62
12610.0,3021732.09,1118410.39,-9843.79,-9457.49,-9617.05,-9690.69,-9820.48,-9865.01,-9988.12,12142.68,67.43914951514392,12142.68
12611.0,3021732.15,1118409.4,-9843.85,-9457.5,-9617.06,-9690.69,-9820.49,-9865.01,-9988.13,12142.740000000002,,12142.740000000002
12612.0,3021732.21,1118408.4,-9843.91,-9457.5,-9617.06,-9690.7,-9820.49,-9865.02,-9988.13,12142.8,,12142.8
12613.0,3021732.27,1118407.4,-9843.97,-9457.5,-9617.06,-9690.7,-9820.5,-9865.02,-9988.14,12142.86,,12142.86
12614.0,3021732.33,1118406.41,-9844.04,-9457.51,-9617.07,-9690.71,-9820.5,-9865.03,-9988.14,12142.92,67.97910349002008,12142.92
12615.0,3021732.39,1118405.41,-9844.1,-9457.51,-9617.07,-9690.71,-9820.5,-9865.03,-9988.14,12142.97,69.64304329014863,12142.97
12616.0,3021732.45,1118404.41,-9844.16,-9457.52,-9617.08,-9690.71,-9820.51,-9865.03,-9988.15,12143.03,,12143.03
12617.0,3021732.51,1118403.42,-9844.22,-9457.52,-9617.08,-9690.72,-9820.51,-9865.04,-9988.15,12143.09,71.84693706515334,12143.09
12618.0,3021732.57,1118402.42,-9844.29,-9457.52,-9617.08,-9690.72,-9820.52,-9865.04,-9988.16,12143.15,,12143.15
12619.0,3021732.63,1118401.43,-9844.35,-9457.53,-9617.09,-9690.73,-9820.52,-9865.05,-9988.16,12143.21,67.43914951514392,12143.21
12620.0,3021732.68,1118400.43,-9844.41,-9457.53,-9617.09,-9690.73,-9820.52,-9865.05,-9988.16,12143.27,77.3566715026651,12143.27
12621.0,3021732.74,1118399.43,-9844.47,-9457.54,-9617.09,-9690.73,-9820.53,-9865.05,-9988.17,12143.320000000002,73.05907864140592,12143.320000000002
12622.0,3021732.8,1118398.44,-9844.53,-9457.54,-9617.1,-9690.74,-9820.53,-9865.06,-9988.17,12143.38,67.43914951514392,12143.38
12623.0,3021732.86,1118397.44,-9844.6,-9457.54,-9617.1,-9690.74,-9820.54,-9865.06,-9988.17,12143.44,67.8909477390199,12143.44
12624.0,3021732.92,1118396.44,-9844.66,-9457.55,-9617.11,-9690.75,-9820.54,-9865.07,-9988.18,12143.5,69.64304329014863,12143.5
12625.0,3021732.98,1118395.45,-9844.72,-9457.55,-9617.11,-9690.75,-9820.54,-9865.07,-9988.18,12143.56,66.19394953226626,12143.56
12626.0,3021733.04,1118394.45,-9844.78,-9457.56,-9617.11,-9690.75,-9820.55,-9865.07,-9988.19,12143.62,66.2049690011413,12143.62
12627.0,3021733.1,1118393.46,-9844.85,-9457.56,-9617.12,-9690.76,-9820.55,-9865.08,-9988.19,12143.67,71.84693706515334,12143.67
12628.0,3021733.16,1118392.46,-9844.91,-9457.56,-9617.12,-9690.76,-9820.56,-9865.08,-9988.19,12143.73,,12143.73
12629.0,3021733.22,1118391.46,-9844.97,-9457.57,-9617.13,-9690.77,-9820.56,-9865.09,-9988.2,12143.79,,12143.79
12630.0,3021733.28,1118390.47,-9845.03,-9457.57,-9617.13,-9690.77,-9820.56,-9865.09,-9988.2,12143.85,71.52737246777764,12143.85
12631.0,3021733.34,1118389.47,-9845.1,-9457.58,-9617.13,-9690.77,-9820.57,-9865.09,-9988.21,12143.91,69.64304329014863,12143.91
12632.0,3021733.41,1118388.47,-9845.16,-9457.58,-9617.14,-9690.78,-9820.57,-9865.1,-9988.21,12143.97,74.49160959515896,12143.97
12633.0,3021733.47,1118387.48,-9845.22,-9457.58,-9617.14,-9690.78,-9820.58,-9865.1,-9988.21,12144.03,77.3566715026651,12144.03
12634.0,3021733.53,1118386.48,-9845.28,-9457.59,-9617.15,-9690.79,-9820.58,-9865.1,-9988.22,12144.08,69.64304329014863,12144.08
12635.0,3021733.59,1118385.49,-9845.35,-9457.59,-9617.15,-9690.79,-9820.58,-9865.11,-9988.22,12144.14,73.03703970365588,12144.14
12636.0,3021733.65,1118384.49,-9845.41,-9457.6,-9617.15,-9690.79,-9820.59,-9865.11,-9988.23,12144.2,75.15277772766039,12144.2
12637.0,3021733.71,1118383.49,-9845.47,-9457.6,-9617.16,-9690.8,-9820.59,-9865.12,-9988.23,12144.26,71.53839193665267,12144.26
12638.0,3021733.77,1118382.5,-9845.53,-9457.6,-9617.16,-9690.8,-9820.59,-9865.12,-9988.23,12144.320000000002,65.23525574013922,12144.320000000002
12639.0,3021733.83,1118381.5,-9845.6,-9457.61,-9617.17,-9690.8,-9820.6,-9865.12,-9988.24,12144.38,66.6788061627673,12144.38
12640.0,3021733.89,1118380.5,-9845.66,-9457.61,-9617.17,-9690.81,-9820.6,-9865.13,-9988.24,12144.44,66.49147519189191,12144.44
12641.0,3021733.95,1118379.51,-9845.72,-9457.62,-9617.17,-9690.81,-9820.61,-9865.13,-9988.25,12144.490000000002,63.03136196513452,12144.490000000002
12642.0,3021734.02,1118378.51,-9845.78,-9457.62,-9617.18,-9690.82,-9820.61,-9865.14,-9988.25,12144.55,67.11958491776824,12144.55
12643.0,3021734.08,1118377.52,-9845.85,-9457.62,-9617.18,-9690.82,-9820.61,-9865.14,-9988.25,12144.61,66.3041442210165,12144.61
12644.0,3021734.14,1118376.52,-9845.91,-9457.63,-9617.19,-9690.82,-9820.62,-9865.14,-9988.26,12144.67,67.43914951514392,12144.67
12645.0,3021734.2,1118375.52,-9845.97,-9457.63,-9617.19,-9690.83,-9820.62,-9865.15,-9988.26,12144.73,,12144.73
12646.0,3021734.26,1118374.53,-9846.03,-9457.64,-9617.19,-9690.83,-9820.63,-9865.15,-9988.27,12144.79,,12144.79
12647.0,3021734.32,1118373.53,-9846.1,-9457.64,-9617.2,-9690.84,-9820.63,-9865.16,-9988.27,12144.85,,12144.85
12648.0,3021734.39,1118372.54,-9846.16,-9457.64,-9617.2,-9690.84,-9820.63,-9865.16,-9988.27,12144.91,,12144.91
12649.0,3021734.45,1118371.54,-9846.22,-9457.65,-9617.21,-9690.84,-9820.64,-9865.16,-9988.28,12144.96,65.23525574013922,12144.96
12650.0,3021734.51,1118370.54,-9846.29,-9457.65,-9617.21,-9690.85,-9820.64,-9865.17,-9988.28,12145.02,,12145.02
12651.0,3021734.57,1118369.55,-9846.35,-9457.65,-9617.21,-9690.85,-9820.65,-9865.17,-9988.29,12145.08,77.3566715026651,12145.08
12652.0,3021734.64,1118368.55,-9846.41,-9457.66,-9617.22,-9690.86,-9820.65,-9865.18,-9988.29,12145.14,63.03136196513452,12145.14
12653.0,3021734.7,1118367.56,-9846.47,-9457.66,-9617.22,-9690.86,-9820.65,-9865.18,-9988.29,12145.2,68.6512910913965,12145.2
12654.0,3021734.76,1118366.56,-9846.54,-9457.67,-9617.23,-9690.86,-9820.66,-9865.18,-9988.3,12145.26,71.84693706515334,12145.26
12655.0,3021734.82,1118365.56,-9846.6,-9457.67,-9617.23,-9690.87,-9820.66,-9865.19,-9988.3,12145.320000000002,,12145.320000000002
12656.0,3021734.89,1118364.57,-9846.66,-9457.67,-9617.23,-9690.87,-9820.67,-9865.19,-9988.31,12145.38,67.92400614564495,12145.38
12657.0,3021734.95,1118363.57,-9846.72,-9457.68,-9617.24,-9690.88,-9820.67,-9865.2,-9988.31,12145.43,67.8027919880197,12145.43
12658.0,3021735.01,1118362.58,-9846.79,-9457.68,-9617.24,-9690.88,-9820.67,-9865.2,-9988.31,12145.490000000002,69.64304329014863,12145.490000000002
12659.0,3021735.07,1118361.58,-9846.85,-9457.69,-9617.24,-9690.88,-9820.68,-9865.2,-9988.32,12145.55,75.15277772766039,12145.55
12660.0,3021735.14,1118360.58,-9846.91,-9457.69,-9617.25,-9690.89,-9820.68,-9865.21,-9988.32,12145.61,,12145.61
12661.0,3021735.2,1118359.59,-9846.98,-9457.69,-9617.25,-9690.89,-9820.69,-9865.21,-9988.32,12145.67,72.34281316452939,12145.67
12662.0,3021735.26,1118358.59,-9847.04,-9457.7,-9617.26,-9690.9,-9820.69,-9865.22,-9988.33,12145.73,68.47497958939614,12145.73
12663.0,3021735.33,1118357.59,-9847.1,-9457.7,-9617.26,-9690.9,-9820.69,-9865.22,-9988.33,12145.79,65.23525574013922,12145.79
12664.0,3021735.39,1118356.6,-9847.16,-9457.71,-9617.26,-9690.9,-9820.7,-9865.22,-9988.34,12145.85,70.45848398690036,12145.85
12665.0,3021735.45,1118355.6,-9847.23,-9457.71,-9617.27,-9690.91,-9820.7,-9865.23,-9988.34,12145.9,71.84693706515334,12145.9
12666.0,3021735.52,1118354.61,-9847.29,-9457.71,-9617.27,-9690.91,-9820.71,-9865.23,-9988.34,12145.96,69.54386807027342,12145.96
12667.0,3021735.58,1118353.61,-9847.35,-9457.72,-9617.28,-9690.92,-9820.71,-9865.24,-9988.35,12146.02,66.48045572301687,12146.02
12668.0,3021735.65,1118352.62,-9847.42,-9457.72,-9617.28,-9690.92,-9820.71,-9865.24,-9988.35,12146.08,65.2793336156393,12146.08
12669.0,3021735.71,1118351.62,-9847.48,-9457.73,-9617.28,-9690.92,-9820.72,-9865.24,-9988.36,12146.14,,12146.14
12670.0,3021735.77,1118350.62,-9847.54,-9457.73,-9617.29,-9690.93,-9820.72,-9865.25,-9988.36,12146.2,69.64304329014863,12146.2
12671.0,3021735.84,1118349.63,-9847.6,-9457.73,-9617.29,-9690.93,-9820.73,-9865.25,-9988.36,12146.26,71.52737246777764,12146.26
12672.0,3021735.9,1118348.63,-9847.66,-9457.74,-9617.3,-9690.93,-9820.73,-9865.25,-9988.37,12146.31,69.64304329014863,12146.31
12673.0,3021735.97,1118347.63,-9847.72,-9457.74,-9617.3,-9690.94,-9820.73,-9865.26,-9988.37,12146.37,63.03136196513452,12146.37
12674.0,3021736.03,1118346.64,-9847.78,-9457.75,-9617.3,-9690.94,-9820.74,-9865.26,-9988.38,12146.42,64.84957432951339,12146.42
12675.0,3021736.09,1118345.64,-9847.84,-9457.75,-9617.31,-9690.95,-9820.74,-9865.27,-9988.38,12146.48,68.83862206227191,12146.48
12676.0,3021736.16,1118344.65,-9847.9,-9457.75,-9617.31,-9690.95,-9820.74,-9865.27,-9988.38,12146.53,67.30691588864364,12146.53
12677.0,3021736.22,1118343.65,-9847.96,-9457.76,-9617.32,-9690.95,-9820.75,-9865.27,-9988.39,12146.59,67.20774066876842,12146.59
12678.0,3021736.29,1118342.65,-9848.02,-9457.76,-9617.32,-9690.96,-9820.75,-9865.28,-9988.39,12146.64,67.83585039464478,12146.64
12679.0,3021736.35,1118341.66,-9848.08,-9457.77,-9617.32,-9690.96,-9820.76,-9865.28,-9988.4,12146.7,65.23525574013922,12146.7
12680.0,3021736.42,1118340.66,-9848.14,-9457.77,-9617.33,-9690.97,-9820.76,-9865.29,-9988.4,12146.75,,12146.75
12681.0,3021736.48,1118339.67,-9848.19,-9457.77,-9617.33,-9690.97,-9820.76,-9865.29,-9988.4,12146.81,71.84693706515334,12146.81
12682.0,3021736.54,1118338.67,-9848.25,-9457.78,-9617.34,-9690.97,-9820.77,-9865.29,-9988.41,12146.86,67.43914951514392,12146.86
12683.0,3021736.61,1118337.67,-9848.31,-9457.78,-9617.34,-9690.98,-9820.77,-9865.3,-9988.41,12146.91,,12146.91
12684.0,3021736.67,1118336.68,-9848.36,-9457.79,-9617.34,-9690.98,-9820.78,-9865.3,-9988.42,12146.96,,12146.96
12685.0,3021736.74,1118335.68,-9848.42,-9457.79,-9617.35,-9690.99,-9820.78,-9865.31,-9988.42,12147.01,,12147.01
12686.0,3021736.8,1118334.68,-9848.47,-9457.79,-9617.35,-9690.99,-9820.78,-9865.31,-9988.42,12147.06,,12147.06
12687.0,3021736.87,1118333.69,-9848.53,-9457.8,-9617.36,-9690.99,-9820.79,-9865.31,-9988.43,12147.12,65.46666458651471,12147.12
12688.0,3021736.93,1118332.69,-9848.58,-9457.8,-9617.36,-9691.0,-9820.79,-9865.32,-9988.43,12147.17,63.857822130761285,12147.17
12689.0,3021737.0,1118331.69,-9848.64,-9457.8,-9617.36,-9691.0,-9820.8,-9865.32,-9988.44,12147.22,67.43914951514392,12147.22
12690.0,3021737.06,1118330.7,-9848.69,-9457.81,-9617.37,-9691.01,-9820.8,-9865.33,-9988.44,12147.27,65.23525574013922,12147.27
12691.0,3021737.13,1118329.7,-9848.75,-9457.81,-9617.37,-9691.01,-9820.8,-9865.33,-9988.44,12147.320000000002,60.364650497378825,12147.320000000002
12692.0,3021737.19,1118328.7,-9848.8,-9457.82,-9617.38,-9691.01,-9820.81,-9865.33,-9988.45,12147.37,58.62357441512511,12147.37
12693.0,3021737.26,1118327.71,-9848.85,-9457.82,-9617.38,-9691.02,-9820.81,-9865.34,-9988.45,12147.42,60.739312439129634,12147.42
12694.0,3021737.32,1118326.71,-9848.91,-9457.82,-9617.38,-9691.02,-9820.82,-9865.34,-9988.46,12147.46,61.59883101138146,12147.46
12695.0,3021737.39,1118325.72,-9848.96,-9457.83,-9617.39,-9691.03,-9820.82,-9865.35,-9988.46,12147.51,64.82753539176335,12147.51
12696.0,3021737.45,1118324.72,-9849.01,-9457.83,-9617.39,-9691.03,-9820.82,-9865.35,-9988.46,12147.56,59.74756024037751,12147.56
12697.0,3021737.52,1118323.72,-9849.06,-9457.84,-9617.39,-9691.03,-9820.83,-9865.35,-9988.47,12147.61,58.62357441512511,12147.61
12698.0,3021737.58,1118322.73,-9849.11,-9457.84,-9617.4,-9691.04,-9820.83,-9865.36,-9988.47,12147.66,58.094639909123984,12147.66
12699.0,3021737.65,1118321.73,-9849.16,-9457.84,-9617.4,-9691.04,-9820.84,-9865.36,-9988.47,12147.7,58.29299034887441,12147.7
12700.0,3021737.71,1118320.73,-9849.21,-9457.85,-9617.41,-9691.05,-9820.84,-9865.37,-9988.48,12147.75,59.09741157675112,12147.75
12701.0,3021737.78,1118319.74,-9849.26,-9457.85,-9617.41,-9691.05,-9820.84,-9865.37,-9988.48,12147.8,59.383917767501735,12147.8
12702.0,3021737.84,1118318.74,-9849.31,-9457.86,-9617.41,-9691.05,-9820.85,-9865.37,-9988.49,12147.84,60.034066431128124,12147.84
12703.0,3021737.91,1118317.74,-9849.36,-9457.86,-9617.42,-9691.06,-9820.85,-9865.38,-9988.49,12147.89,60.05610536887817,12147.89
12704.0,3021737.97,1118316.75,-9849.41,-9457.86,-9617.42,-9691.06,-9820.86,-9865.38,-9988.49,12147.93,57.00371249049666,12147.93
12705.0,3021738.04,1118315.75,-9849.46,-9457.87,-9617.43,-9691.07,-9820.86,-9865.39,-9988.5,12147.97,59.09741157675112,12147.97
12706.0,3021738.11,1118314.75,-9849.51,-9457.87,-9617.43,-9691.07,-9820.86,-9865.39,-9988.5,12148.02,54.23782580286575,12148.02
12707.0,3021738.17,1118313.76,-9849.55,-9457.88,-9617.43,-9691.07,-9820.87,-9865.39,-9988.51,12148.06,55.31773375261806,12148.06
12708.0,3021738.24,1118312.76,-9849.6,-9457.88,-9617.44,-9691.08,-9820.87,-9865.4,-9988.51,12148.1,,12148.1
12709.0,3021738.3,1118311.76,-9849.65,-9457.88,-9617.44,-9691.08,-9820.88,-9865.4,-9988.51,12148.15,51.87965946361072,12148.15
12710.0,3021738.37,1118310.77,-9849.69,-9457.89,-9617.45,-9691.09,-9820.88,-9865.4,-9988.52,12148.19,50.90994620260865,12148.19
12711.0,3021738.44,1118309.77,-9849.74,-9457.89,-9617.45,-9691.09,-9820.88,-9865.41,-9988.52,12148.240000000002,52.948547944488,12148.240000000002
12712.0,3021738.5,1118308.77,-9849.79,-9457.9,-9617.45,-9691.09,-9820.89,-9865.41,-9988.53,12148.28,55.31773375261806,12148.28
12713.0,3021738.57,1118307.78,-9849.83,-9457.9,-9617.46,-9691.1,-9820.89,-9865.42,-9988.53,12148.320000000002,49.70882409523109,12148.320000000002
12714.0,3021738.63,1118306.78,-9849.88,-9457.9,-9617.46,-9691.1,-9820.89,-9865.42,-9988.53,12148.36,48.70605242760395,12148.36
12715.0,3021738.7,1118305.78,-9849.92,-9457.91,-9617.47,-9691.1,-9820.9,-9865.42,-9988.54,12148.4,,12148.4
12716.0,3021738.77,1118304.79,-9849.96,-9457.91,-9617.47,-9691.11,-9820.9,-9865.43,-9988.54,12148.44,48.13304004610272,12148.44
12717.0,3021738.83,1118303.79,-9850.01,-9457.92,-9617.47,-9691.11,-9820.91,-9865.43,-9988.55,12148.48,46.50215865259924,12148.48
12718.0,3021738.9,1118302.79,-9850.05,-9457.92,-9617.48,-9691.12,-9820.91,-9865.44,-9988.55,12148.52,52.08902937223616,12148.52
12719.0,3021738.96,1118301.79,-9850.09,-9457.92,-9617.48,-9691.12,-9820.91,-9865.44,-9988.55,12148.56,52.6620417537374,12148.56
12720.0,3021739.03,1118300.8,-9850.14,-9457.93,-9617.49,-9691.12,-9820.92,-9865.44,-9988.56,12148.6,50.90994620260865,12148.6
12721.0,3021739.1,1118299.8,-9850.18,-9457.93,-9617.49,-9691.13,-9820.92,-9865.45,-9988.56,12148.64,,12148.64
12722.0,3021739.16,1118298.8,-9850.22,-9457.94,-9617.49,-9691.13,-9820.93,-9865.45,-9988.57,12148.67,46.50215865259924,12148.67
12723.0,3021739.23,1118297.81,-9850.26,-9457.94,-9617.5,-9691.14,-9820.93,-9865.46,-9988.57,12148.71,46.16055511747352,12148.71
12724.0,3021739.3,1118296.81,-9850.3,-9457.94,-9617.5,-9691.14,-9820.93,-9865.46,-9988.57,12148.75,44.29826487759454,12148.75
12725.0,3021739.36,1118295.81,-9850.34,-9457.95,-9617.51,-9691.14,-9820.94,-9865.46,-9988.58,12148.78,51.273588675484426,12148.78
12726.0,3021739.43,1118294.82,-9850.39,-9457.95,-9617.51,-9691.15,-9820.94,-9865.47,-9988.58,12148.820000000002,53.11383997761335,12148.820000000002
12727.0,3021739.5,1118293.82,-9850.43,-9457.96,-9617.51,-9691.15,-9820.95,-9865.47,-9988.59,12148.85,46.50215865259924,12148.85
12728.0,3021739.56,1118292.82,-9850.46,-9457.96,-9617.52,-9691.16,-9820.95,-9865.48,-9988.59,12148.89,,12148.89
12729.0,3021739.63,1118291.82,-9850.5,-9457.96,-9617.52,-9691.16,-9820.95,-9865.48,-9988.59,12148.93,47.48289138247634,12148.93
12730.0,3021739.7,1118290.83,-9850.54,-9457.97,-9617.53,-9691.16,-9820.96,-9865.48,-9988.6,12148.96,48.70605242760395,12148.96
12731.0,3021739.76,1118289.83,-9850.58,-9457.97,-9617.53,-9691.17,-9820.96,-9865.49,-9988.6,12149.0,52.24330193648649,12149.0
12732.0,3021739.83,1118288.83,-9850.62,-9457.97,-9617.53,-9691.17,-9820.97,-9865.49,-9988.61,12149.03,53.11383997761335,12149.03
12733.0,3021739.9,1118287.84,-9850.66,-9457.98,-9617.54,-9691.18,-9820.97,-9865.5,-9988.61,12149.06,,12149.06
12734.0,3021739.96,1118286.84,-9850.69,-9457.98,-9617.54,-9691.18,-9820.97,-9865.5,-9988.61,12149.1,52.000873621235975,12149.1
12735.0,3021740.03,1118285.84,-9850.73,-9457.99,-9617.55,-9691.18,-9820.98,-9865.5,-9988.62,12149.13,50.90994620260865,12149.13
12736.0,3021740.1,1118284.85,-9850.77,-9457.99,-9617.55,-9691.19,-9820.98,-9865.51,-9988.62,12149.16,50.502225854232776,12149.16
12737.0,3021740.17,1118283.85,-9850.8,-9457.99,-9617.55,-9691.19,-9820.99,-9865.51,-9988.62,12149.19,48.70605242760395,12149.19
12738.0,3021740.23,1118282.85,-9850.84,-9458.0,-9617.56,-9691.2,-9820.99,-9865.52,-9988.63,12149.23,51.05319929798395,12149.23
12739.0,3021740.3,1118281.85,-9850.88,-9458.0,-9617.56,-9691.2,-9820.99,-9865.52,-9988.63,12149.26,53.11383997761335,12149.26
12740.0,3021740.37,1118280.86,-9850.91,-9458.01,-9617.56,-9691.2,-9821.0,-9865.52,-9988.64,12149.29,,12149.29
12741.0,3021740.43,1118279.86,-9850.95,-9458.01,-9617.57,-9691.21,-9821.0,-9865.53,-9988.64,12149.320000000002,,12149.320000000002
12742.0,3021740.5,1118278.86,-9850.98,-9458.01,-9617.57,-9691.21,-9821.01,-9865.53,-9988.64,12149.35,,12149.35
12743.0,3021740.57,1118277.87,-9851.01,-9458.02,-9617.58,-9691.22,-9821.01,-9865.54,-9988.65,12149.38,,12149.38
12744.0,3021740.64,1118276.87,-9851.05,-9458.02,-9617.58,-9691.22,-9821.01,-9865.54,-9988.65,12149.41,,12149.41
12745.0,3021740.7,1118275.87,-9851.08,-9458.03,-9617.58,-9691.22,-9821.02,-9865.54,-9988.66,12149.44,,12149.44
12746.0,3021740.77,1118274.87,-9851.11,-9458.03,-9617.59,-9691.23,-9821.02,-9865.55,-9988.66,12149.47,,12149.47
12747.0,3021740.84,1118273.88,-9851.15,-9458.03,-9617.59,-9691.23,-9821.03,-9865.55,-9988.66,12149.490000000002,56.739245237496085,12149.490000000002
12748.0,3021740.91,1118272.88,-9851.18,-9458.04,-9617.6,-9691.24,-9821.03,-9865.55,-9988.67,12149.52,57.48856912099769,12149.52
12749.0,3021740.97,1118271.88,-9851.21,-9458.04,-9617.6,-9691.24,-9821.03,-9865.56,-9988.67,12149.55,55.31773375261806,12149.55
12750.0,3021741.04,1118270.89,-9851.24,-9458.05,-9617.6,-9691.24,-9821.04,-9865.56,-9988.68,12149.58,,12149.58
12751.0,3021741.11,1118269.89,-9851.27,-9458.05,-9617.61,-9691.25,-9821.04,-9865.57,-9988.68,12149.61,53.11383997761335,12149.61
12752.0,3021741.18,1118268.89,-9851.3,-9458.05,-9617.61,-9691.25,-9821.05,-9865.57,-9988.68,12149.63,54.16068952074059,12149.63
12753.0,3021741.25,1118267.89,-9851.33,-9458.06,-9617.62,-9691.25,-9821.05,-9865.57,-9988.69,12149.66,58.62357441512511,12149.66
12754.0,3021741.31,1118266.9,-9851.36,-9458.06,-9617.62,-9691.26,-9821.05,-9865.58,-9988.69,12149.68,,12149.68
12755.0,3021741.38,1118265.9,-9851.39,-9458.07,-9617.62,-9691.26,-9821.06,-9865.58,-9988.7,12149.71,,12149.71
12756.0,3021741.45,1118264.9,-9851.42,-9458.07,-9617.63,-9691.27,-9821.06,-9865.59,-9988.7,12149.73,55.31773375261806,12149.73
12757.0,3021741.52,1118263.9,-9851.45,-9458.07,-9617.63,-9691.27,-9821.06,-9865.59,-9988.7,12149.76,,12149.76
12758.0,3021741.59,1118262.91,-9851.48,-9458.08,-9617.64,-9691.27,-9821.07,-9865.59,-9988.71,12149.78,54.48025411811626,12149.78
12759.0,3021741.65,1118261.91,-9851.5,-9458.08,-9617.64,-9691.28,-9821.07,-9865.6,-9988.71,12149.81,53.11383997761335,12149.81
12760.0,3021741.72,1118260.91,-9851.53,-9458.09,-9617.64,-9691.28,-9821.08,-9865.6,-9988.72,12149.83,57.73099743624821,12149.83
12761.0,3021741.79,1118259.92,-9851.56,-9458.09,-9617.65,-9691.29,-9821.08,-9865.61,-9988.72,12149.86,58.62357441512511,12149.86
12762.0,3021741.86,1118258.92,-9851.59,-9458.11,-9617.67,-9691.3,-9821.1,-9865.62,-9988.74,12149.87,60.82746819012981,12149.87
12763.0,3021741.93,1118257.92,-9851.61,-9458.12,-9617.68,-9691.32,-9821.12,-9865.64,-9988.76,12149.87,,12149.87
12764.0,3021742.0,1118256.92,-9851.64,-9458.14,-9617.7,-9691.34,-9821.13,-9865.66,-9988.77,12149.88,,12149.88
12765.0,3021742.07,1118255.93,-9851.67,-9458.16,-9617.72,-9691.36,-9821.15,-9865.68,-9988.79,12149.89,59.95693014900295,12149.89
12766.0,3021742.14,1118254.93,-9851.69,-9458.18,-9617.74,-9691.38,-9821.17,-9865.7,-9988.81,12149.9,55.31773375261806,12149.9
12767.0,3021742.2,1118253.93,-9851.72,-9458.2,-9617.75,-9691.39,-9821.19,-9865.71,-9988.83,12149.91,56.70618683087101,12149.91
12768.0,3021742.27,1118252.93,-9851.74,-9458.21,-9617.77,-9691.41,-9821.21,-9865.73,-9988.84,12149.92,60.82746819012981,12149.92
12769.0,3021742.34,1118251.94,-9851.77,-9458.23,-9617.79,-9691.43,-9821.22,-9865.75,-9988.86,12149.93,62.64568055450869,12149.93
12770.0,3021742.41,1118250.94,-9851.8,-9458.25,-9617.81,-9691.45,-9821.24,-9865.77,-9988.88,12149.93,63.03136196513452,12149.93
12771.0,3021742.48,1118249.94,-9851.82,-9458.27,-9617.83,-9691.46,-9821.26,-9865.78,-9988.9,12149.94,59.383917767501735,12149.94
12772.0,3021742.55,1118248.95,-9851.85,-9458.29,-9617.85,-9691.49,-9821.28,-9865.81,-9988.92,12149.94,59.26270360987648,12149.94
12773.0,3021742.62,1118247.95,-9851.87,-9458.32,-9617.88,-9691.52,-9821.31,-9865.84,-9988.95,12149.94,55.31773375261806,12149.94
12774.0,3021742.69,1118246.95,-9851.9,-9458.35,-9617.9,-9691.54,-9821.34,-9865.86,-9988.98,12149.94,59.98998855562802,12149.94
12775.0,3021742.76,1118245.95,-9851.92,-9458.37,-9617.93,-9691.57,-9821.36,-9865.89,-9989.0,12149.94,60.82746819012981,12149.94
12776.0,3021742.83,1118244.96,-9851.95,-9458.4,-9617.96,-9691.6,-9821.39,-9865.92,-9989.03,12149.94,60.49688412387911,12149.94
12777.0,3021742.9,1118243.96,-9851.97,-9458.42,-9617.98,-9691.62,-9821.42,-9865.94,-9989.06,12149.93,58.62357441512511,12149.93
12778.0,3021742.98,1118242.96,-9852.0,-9458.45,-9618.01,-9691.65,-9821.44,-9865.97,-9989.08,12149.93,,12149.93
12779.0,3021743.05,1118241.97,-9852.02,-9458.48,-9618.04,-9691.67,-9821.47,-9865.99,-9989.11,12149.93,55.31773375261806,12149.93
12780.0,3021743.12,1118240.97,-9852.05,-9458.5,-9618.06,-9691.7,-9821.49,-9866.02,-9989.13,12149.93,51.80252318148556,12149.93
12781.0,3021743.19,1118239.97,-9852.07,-9458.53,-9618.09,-9691.73,-9821.52,-9866.05,-9989.16,12149.93,48.70605242760395,12149.93
12782.0,3021743.26,1118238.97,-9852.1,-9458.56,-9618.11,-9691.75,-9821.55,-9866.07,-9989.19,12149.93,55.31773375261806,12149.93
12783.0,3021743.33,1118237.98,-9852.12,-9458.58,-9618.14,-9691.78,-9821.57,-9866.1,-9989.21,12149.93,,12149.93
12784.0,3021743.4,1118236.98,-9852.14,-9458.61,-9618.17,-9691.81,-9821.6,-9866.13,-9989.24,12149.92,60.82746819012981,12149.92
12785.0,3021743.48,1118235.98,-9852.17,-9458.64,-9618.19,-9691.83,-9821.63,-9866.15,-9989.27,12149.92,,12149.92
12786.0,3021743.55,1118234.99,-9852.19,-9458.66,-9618.22,-9691.86,-9821.65,-9866.18,-9989.29,12149.92,,12149.92
12787.0,3021743.62,1118233.99,-9852.22,-9458.69,-9618.25,-9691.88,-9821.68,-9866.2,-9989.32,12149.92,58.62357441512511,12149.92
12788.0,3021743.69,1118232.99,-9852.24,-9458.71,-9618.27,-9691.91,-9821.71,-9866.23,-9989.34,12149.91,62.0836876418825,12149.91
12789.0,3021743.77,1118231.99,-9852.26,-9458.74,-9618.3,-9691.94,-9821.73,-9866.26,-9989.37,12149.91,,12149.91
12790.0,3021743.84,1118231.0,-9852.29,-9458.77,-9618.32,-9691.96,-9821.76,-9866.28,-9989.4,12149.91,58.62357441512511,12149.91
12791.0,3021743.91,1118230.0,-9852.31,-9458.79,-9618.35,-9691.99,-9821.78,-9866.31,-9989.42,12149.91,60.49688412387911,12149.91
12792.0,3021743.98,1118229.0,-9852.33,-9458.82,-9618.38,-9692.02,-9821.81,-9866.34,-9989.45,12149.9,60.82746819012981,12149.9
12793.0,3021744.06,1118228.01,-9852.36,-9458.85,-9618.4,-9692.04,-9821.84,-9866.36,-9989.48,12149.9,59.47207351850192,12149.9
12794.0,3021744.13,1118227.01,-9852.38,-9458.87,-9618.43,-9692.07,-9821.86,-9866.39,-9989.5,12149.89,58.62357441512511,12149.89
12795.0,3021744.2,1118226.01,-9852.4,-9458.9,-9618.46,-9692.1,-9821.89,-9866.41,-9989.53,12149.89,,12149.89
12796.0,3021744.28,1118225.01,-9852.43,-9458.92,-9618.48,-9692.12,-9821.92,-9866.44,-9989.55,12149.89,,12149.89
12797.0,3021744.35,1118224.02,-9852.45,-9458.95,-9618.51,-9692.15,-9821.94,-9866.47,-9989.58,12149.88,60.82746819012981,12149.88
12798.0,3021744.43,1118223.02,-9852.47,-9458.98,-9618.54,-9692.17,-9821.97,-9866.49,-9989.61,12149.88,,12149.88
12799.0,3021744.5,1118222.02,-9852.49,-9459.0,-9618.56,-9692.2,-9821.99,-9866.52,-9989.63,12149.88,60.034066431128124,12149.88
12800.0,3021744.57,1118221.03,-9852.51,-9459.03,-9618.59,-9692.23,-9822.02,-9866.55,-9989.66,12149.87,58.62357441512511,12149.87
12801.0,3021744.65,1118220.03,-9852.54,-9459.06,-9618.61,-9692.25,-9822.05,-9866.57,-9989.69,12149.87,53.9843780187402,12149.87
12802.0,3021744.72,1118219.03,-9852.56,-9459.08,-9618.64,-9692.28,-9822.07,-9866.6,-9989.71,12149.86,54.766760308866886,12149.86
12803.0,3021744.8,1118218.04,-9852.58,-9459.11,-9618.67,-9692.31,-9822.1,-9866.63,-9989.74,12149.86,60.82746819012981,12149.86
12804.0,3021744.87,1118217.04,-9852.6,-9459.13,-9618.69,-9692.33,-9822.13,-9866.65,-9989.76,12149.85,58.62357441512511,12149.85
12805.0,3021744.95,1118216.04,-9852.62,-9459.16,-9618.72,-9692.36,-9822.15,-9866.68,-9989.79,12149.85,,12149.85
12806.0,3021745.02,1118215.05,-9852.65,-9459.19,-9618.75,-9692.38,-9822.18,-9866.7,-9989.82,12149.85,56.05603816724464,12149.85
12807.0,3021745.1,1118214.05,-9852.67,-9459.21,-9618.77,-9692.41,-9822.2,-9866.73,-9989.84,12149.84,55.78055144536905,12149.84
12808.0,3021745.17,1118213.05,-9852.69,-9459.24,-9618.8,-9692.44,-9822.23,-9866.76,-9989.87,12149.84,58.62357441512511,12149.84
12809.0,3021745.25,1118212.05,-9852.71,-9459.27,-9618.82,-9692.46,-9822.26,-9866.78,-9989.9,12149.83,,12149.83
12810.0,3021745.33,1118211.06,-9852.73,-9459.29,-9618.85,-9692.49,-9822.28,-9866.81,-9989.92,12149.83,63.03136196513452,12149.83
12811.0,3021745.4,1118210.06,-9852.75,-9459.32,-9618.88,-9692.52,-9822.31,-9866.84,-9989.95,12149.820000000002,53.11383997761335,12149.820000000002
12812.0,3021745.48,1118209.06,-9852.77,-9459.34,-9618.9,-9692.54,-9822.34,-9866.86,-9989.97,12149.81,,12149.81
12813.0,3021745.55,1118208.07,-9852.79,-9459.37,-9618.93,-9692.57,-9822.36,-9866.89,-9990.0,12149.81,55.20753906386781,12149.81
12814.0,3021745.63,1118207.07,-9852.81,-9459.4,-9618.96,-9692.59,-9822.39,-9866.91,-9990.03,12149.8,58.62357441512511,12149.8
12815.0,3021745.71,1118206.07,-9852.83,-9459.42,-9618.98,-9692.62,-9822.41,-9866.94,-9990.05,12149.8,60.485864655004086,12149.8
12816.0,3021745.78,1118205.08,-9852.85,-9459.45,-9619.01,-9692.65,-9822.44,-9866.97,-9990.08,12149.79,61.26824694513075,12149.79
12817.0,3021745.86,1118204.08,-9852.87,-9459.48,-9619.03,-9692.67,-9822.47,-9866.99,-9990.11,12149.78,63.03136196513452,12149.78
12818.0,3021745.94,1118203.08,-9852.89,-9459.5,-9619.06,-9692.7,-9822.49,-9867.02,-9990.13,12149.78,60.30955315300371,12149.78
12819.0,3021746.01,1118202.09,-9852.91,-9459.53,-9619.09,-9692.73,-9822.52,-9867.05,-9990.16,12149.77,58.62357441512511,12149.77
12820.0,3021746.09,1118201.09,-9852.93,-9459.55,-9619.11,-9692.75,-9822.55,-9867.07,-9990.19,12149.77,,12149.77
12821.0,3021746.17,1118200.09,-9852.95,-9459.58,-9619.14,-9692.78,-9822.57,-9867.1,-9990.21,12149.76,60.82746819012981,12149.76
12822.0,3021746.25,1118199.1,-9852.97,-9459.61,-9619.17,-9692.8,-9822.6,-9867.12,-9990.24,12149.75,,12149.75
12823.0,3021746.32,1118198.1,-9852.99,-9459.63,-9619.19,-9692.83,-9822.62,-9867.15,-9990.26,12149.75,,12149.75
12824.0,3021746.4,1118197.1,-9853.01,-9459.66,-9619.22,-9692.86,-9822.65,-9867.18,-9990.29,12149.740000000002,58.62357441512511,12149.740000000002
12825.0,3021746.48,1118196.11,-9853.03,-9459.69,-9619.24,-9692.88,-9822.68,-9867.2,-9990.32,12149.73,,12149.73
12826.0,3021746.56,1118195.11,-9853.05,-9459.71,-9619.27,-9692.91,-9822.7,-9867.23,-9990.34,12149.72,,12149.72
12827.0,3021746.64,1118194.11,-9853.07,-9459.74,-9619.3,-9692.94,-9822.73,-9867.26,-9990.37,12149.72,,12149.72
12828.0,3021746.72,1118193.11,-9853.09,-9459.76,-9619.32,-9692.96,-9822.76,-9867.28,-9990.4,12149.71,,12149.71
12829.0,3021746.79,1118192.12,-9853.11,-9459.79,-9619.35,-9692.99,-9822.78,-9867.31,-9990.42,12149.7,,12149.7
12830.0,3021746.87,1118191.12,-9853.12,-9459.82,-9619.38,-9693.01,-9822.81,-9867.33,-9990.45,12149.69,55.31773375261806,12149.69
12831.0,3021746.95,1118190.12,-9853.14,-9459.84,-9619.4,-9693.04,-9822.83,-9867.36,-9990.47,12149.69,57.46653018324765,12149.69
12832.0,3021747.03,1118189.13,-9853.16,-9459.87,-9619.43,-9693.07,-9822.86,-9867.39,-9990.5,12149.68,60.49688412387911,12149.68
12833.0,3021747.11,1118188.13,-9853.18,-9459.9,-9619.45,-9693.09,-9822.89,-9867.41,-9990.53,12149.67,58.62357441512511,12149.67
12834.0,3021747.19,1118187.13,-9853.2,-9459.92,-9619.48,-9693.12,-9822.91,-9867.44,-9990.55,12149.66,,12149.66
12835.0,3021747.27,1118186.14,-9853.22,-9459.95,-9619.51,-9693.15,-9822.94,-9867.47,-9990.58,12149.65,,12149.65
12836.0,3021747.35,1118185.14,-9853.23,-9459.98,-9619.53,-9693.17,-9822.97,-9867.49,-9990.61,12149.64,57.433471776622575,12149.64
12837.0,3021747.43,1118184.14,-9853.25,-9460.0,-9619.56,-9693.2,-9822.99,-9867.52,-9990.63,12149.64,55.31773375261806,12149.64
12838.0,3021747.51,1118183.15,-9853.27,-9460.03,-9619.59,-9693.22,-9823.02,-9867.54,-9990.66,12149.63,,12149.63
12839.0,3021747.59,1118182.15,-9853.29,-9460.05,-9619.61,-9693.25,-9823.05,-9867.57,-9990.68,12149.62,56.04501869836961,12149.62
12840.0,3021747.67,1118181.15,-9853.3,-9460.08,-9619.64,-9693.28,-9823.07,-9867.6,-9990.71,12149.61,58.62357441512511,12149.61
12841.0,3021747.75,1118180.16,-9853.32,-9460.11,-9619.67,-9693.3,-9823.1,-9867.62,-9990.74,12149.6,55.80259038311909,12149.6
12842.0,3021747.83,1118179.16,-9853.34,-9460.13,-9619.69,-9693.33,-9823.12,-9867.65,-9990.76,12149.59,53.41136563723899,12149.59
12843.0,3021747.91,1118178.17,-9853.35,-9460.16,-9619.72,-9693.36,-9823.15,-9867.68,-9990.79,12149.58,55.31773375261806,12149.58
12844.0,3021747.99,1118177.17,-9853.37,-9460.19,-9619.74,-9693.38,-9823.18,-9867.7,-9990.82,12149.570000000002,,12149.570000000002
12845.0,3021748.08,1118176.17,-9853.39,-9460.21,-9619.77,-9693.41,-9823.2,-9867.73,-9990.84,12149.56,,12149.56
12846.0,3021748.16,1118175.18,-9853.41,-9460.24,-9619.8,-9693.44,-9823.23,-9867.75,-9990.87,12149.55,53.45544351273909,12149.55
12847.0,3021748.24,1118174.18,-9853.42,-9460.26,-9619.82,-9693.46,-9823.26,-9867.78,-9990.89,12149.54,53.11383997761335,12149.54
12848.0,3021748.32,1118173.18,-9853.44,-9460.29,-9619.85,-9693.49,-9823.28,-9867.81,-9990.92,12149.53,,12149.53
12849.0,3021748.4,1118172.19,-9853.45,-9460.32,-9619.88,-9693.51,-9823.31,-9867.83,-9990.95,12149.52,50.90994620260865,12149.52
12850.0,3021748.48,1118171.19,-9853.47,-9460.34,-9619.9,-9693.54,-9823.33,-9867.86,-9990.97,12149.51,53.11383997761335,12149.51
12851.0,3021748.57,1118170.19,-9853.49,-9460.37,-9619.93,-9693.57,-9823.36,-9867.89,-9991.0,12149.51,52.30941874973664,12149.51
12852.0,3021748.65,1118169.2,-9853.5,-9460.4,-9619.95,-9693.59,-9823.39,-9867.91,-9991.03,12149.490000000002,52.13310724773626,12149.490000000002
12853.0,3021748.73,1118168.2,-9853.52,-9460.42,-9619.98,-9693.62,-9823.41,-9867.94,-9991.05,12149.48,50.90994620260865,12149.48
12854.0,3021748.81,1118167.2,-9853.53,-9460.45,-9620.01,-9693.65,-9823.44,-9867.97,-9991.08,12149.47,53.11383997761335,12149.47
12855.0,3021748.9,1118166.21,-9853.55,-9460.47,-9620.03,-9693.67,-9823.47,-9867.99,-9991.1,12149.46,,12149.46
12856.0,3021748.98,1118165.21,-9853.56,-9460.5,-9620.06,-9693.7,-9823.49,-9868.02,-9991.13,12149.45,50.90994620260865,12149.45
12857.0,3021749.06,1118164.21,-9853.58,-9460.53,-9620.09,-9693.72,-9823.52,-9868.04,-9991.16,12149.44,,12149.44
12858.0,3021749.15,1118163.22,-9853.6,-9460.55,-9620.11,-9693.75,-9823.54,-9868.07,-9991.18,12149.43,53.11383997761335,12149.43
12859.0,3021749.23,1118162.22,-9853.61,-9460.58,-9620.14,-9693.78,-9823.57,-9868.1,-9991.21,12149.42,,12149.42
12860.0,3021749.31,1118161.23,-9853.63,-9460.61,-9620.16,-9693.8,-9823.6,-9868.12,-9991.24,12149.41,52.3424771563617,12149.41
12861.0,3021749.4,1118160.23,-9853.64,-9460.63,-9620.19,-9693.83,-9823.62,-9868.15,-9991.26,12149.4,53.11383997761335,12149.4
12862.0,3021749.48,1118159.23,-9853.66,-9460.66,-9620.22,-9693.86,-9823.65,-9868.18,-9991.29,12149.39,52.30941874973664,12149.39
12863.0,3021749.56,1118158.24,-9853.67,-9460.68,-9620.24,-9693.88,-9823.68,-9868.2,-9991.32,12149.38,50.90994620260865,12149.38
12864.0,3021749.65,1118157.24,-9853.69,-9460.71,-9620.27,-9693.91,-9823.7,-9868.23,-9991.34,12149.36,53.11383997761335,12149.36
12865.0,3021749.73,1118156.24,-9853.7,-9460.74,-9620.3,-9693.93,-9823.73,-9868.25,-9991.37,12149.35,,12149.35
12866.0,3021749.82,1118155.25,-9853.72,-9460.76,-9620.32,-9693.96,-9823.75,-9868.28,-9991.39,12149.34,54.20476739624068,12149.34
12867.0,3021749.9,1118154.25,-9853.73,-9460.79,-9620.35,-9693.99,-9823.78,-9868.31,-9991.42,12149.33,55.31773375261806,12149.33
12868.0,3021749.99,1118153.25,-9853.75,-9460.82,-9620.37,-9694.01,-9823.81,-9868.33,-9991.45,12149.320000000002,50.90994620260865,12149.320000000002
12869.0,3021750.07,1118152.26,-9853.76,-9460.84,-9620.4,-9694.04,-9823.83,-9868.36,-9991.47,12149.31,51.52703645960997,12149.31
12870.0,3021750.16,1118151.26,-9853.78,-9460.87,-9620.43,-9694.07,-9823.86,-9868.39,-9991.5,12149.3,55.31773375261806,12149.3
12871.0,3021750.24,1118150.27,-9853.8,-9460.89,-9620.45,-9694.09,-9823.89,-9868.41,-9991.53,12149.29,,12149.29
12872.0,3021750.33,1118149.27,-9853.81,-9460.92,-9620.48,-9694.12,-9823.91,-9868.44,-9991.55,12149.28,53.11383997761335,12149.28
12873.0,3021750.41,1118148.27,-9853.83,-9460.95,-9620.51,-9694.14,-9823.94,-9868.46,-9991.58,12149.27,55.31773375261806,12149.27
12874.0,3021750.5,1118147.28,-9853.84,-9460.97,-9620.53,-9694.17,-9823.97,-9868.49,-9991.6,12149.26,52.87141166236284,12149.26
12875.0,3021750.58,1118146.28,-9853.86,-9461.0,-9620.56,-9694.2,-9823.99,-9868.52,-9991.63,12149.25,48.70605242760395,12149.25
12876.0,3021750.67,1118145.28,-9853.87,-9461.03,-9620.58,-9694.22,-9824.02,-9868.54,-9991.66,12149.23,,12149.23
12877.0,3021750.75,1118144.29,-9853.89,-9461.05,-9620.61,-9694.25,-9824.04,-9868.57,-9991.68,12149.22,58.62357441512511,12149.22
12878.0,3021750.84,1118143.29,-9853.9,-9461.08,-9620.64,-9694.28,-9824.07,-9868.6,-9991.71,12149.21,57.09186824149685,12149.21
12879.0,3021750.93,1118142.3,-9853.92,-9461.11,-9620.66,-9694.3,-9824.1,-9868.62,-9991.74,12149.2,55.31773375261806,12149.2
12880.0,3021751.01,1118141.3,-9853.93,-9461.13,-9620.69,-9694.33,-9824.12,-9868.65,-9991.76,12149.19,58.1497372534991,12149.19
12881.0,3021751.1,1118140.3,-9853.95,-9461.16,-9620.72,-9694.35,-9824.15,-9868.67,-9991.79,12149.18,58.62357441512511,12149.18
12882.0,3021751.19,1118139.31,-9853.97,-9461.18,-9620.74,-9694.38,-9824.18,-9868.7,-9991.81,12149.17,54.35903996049101,12149.17
12883.0,3021751.27,1118138.31,-9853.98,-9461.21,-9620.77,-9694.41,-9824.2,-9868.73,-9991.84,12149.16,53.11383997761335,12149.16
12884.0,3021751.36,1118137.32,-9854.0,-9461.24,-9620.8,-9694.43,-9824.23,-9868.75,-9991.87,12149.15,,12149.15
12885.0,3021751.45,1118136.32,-9854.01,-9461.26,-9620.82,-9694.46,-9824.25,-9868.78,-9991.89,12149.14,51.38378336423465,12149.14
12886.0,3021751.54,1118135.32,-9854.03,-9461.29,-9620.85,-9694.49,-9824.28,-9868.81,-9991.92,12149.13,50.90994620260865,12149.13
12887.0,3021751.62,1118134.33,-9854.04,-9461.32,-9620.87,-9694.51,-9824.31,-9868.83,-9991.95,12149.12,,12149.12
12888.0,3021751.71,1118133.33,-9854.06,-9461.34,-9620.9,-9694.54,-9824.33,-9868.86,-9991.97,12149.1,48.70605242760395,12149.1
12889.0,3021751.8,1118132.34,-9854.07,-9461.37,-9620.93,-9694.57,-9824.36,-9868.88,-9992.0,12149.09,,12149.09
12890.0,3021751.89,1118131.34,-9854.09,-9461.39,-9620.95,-9694.59,-9824.39,-9868.91,-9992.02,12149.08,50.98708248473381,12149.08
12891.0,3021751.98,1118130.34,-9854.1,-9461.42,-9620.98,-9694.62,-9824.41,-9868.94,-9992.05,12149.070000000002,55.31773375261806,12149.070000000002
12892.0,3021752.06,1118129.35,-9854.12,-9461.45,-9621.01,-9694.64,-9824.44,-9868.96,-9992.08,12149.06,54.458215180366224,12149.06
12893.0,3021752.15,1118128.35,-9854.14,-9461.47,-9621.03,-9694.67,-9824.46,-9868.99,-9992.1,12149.05,50.90994620260865,12149.05
12894.0,3021752.24,1118127.36,-9854.15,-9461.5,-9621.06,-9694.7,-9824.49,-9869.02,-9992.13,12149.04,58.62357441512511,12149.04
12895.0,3021752.33,1118126.36,-9854.17,-9461.53,-9621.08,-9694.72,-9824.52,-9869.04,-9992.16,12149.03,52.67306122261241,12149.03
12896.0,3021752.42,1118125.36,-9854.18,-9461.55,-9621.11,-9694.75,-9824.54,-9869.07,-9992.18,12149.02,48.66197455210385,12149.02
12897.0,3021752.51,1118124.37,-9854.2,-9461.58,-9621.14,-9694.78,-9824.57,-9869.1,-9992.21,12149.01,46.50215865259924,12149.01
12898.0,3021752.6,1118123.37,-9854.21,-9461.6,-9621.16,-9694.8,-9824.6,-9869.12,-9992.23,12149.0,50.79975151385841,12149.0
12899.0,3021752.69,1118122.38,-9854.23,-9461.63,-9621.19,-9694.83,-9824.62,-9869.15,-9992.26,12148.990000000002,56.618031079870825,12148.990000000002
12900.0,3021752.78,1118121.38,-9854.24,-9461.66,-9621.22,-9694.85,-9824.65,-9869.17,-9992.29,12148.98,58.62357441512511,12148.98
12901.0,3021752.87,1118120.38,-9854.26,-9461.68,-9621.24,-9694.88,-9824.67,-9869.2,-9992.31,12148.96,50.90994620260865,12148.96
12902.0,3021752.96,1118119.39,-9854.28,-9461.71,-9621.27,-9694.91,-9824.7,-9869.23,-9992.34,12148.95,48.70605242760395,12148.95
12903.0,3021753.05,1118118.39,-9854.29,-9461.74,-9621.29,-9694.93,-9824.73,-9869.25,-9992.37,12148.94,,12148.94
12904.0,3021753.14,1118117.4,-9854.31,-9461.76,-9621.32,-9694.96,-9824.75,-9869.28,-9992.39,12148.93,,12148.93
12905.0,3021753.23,1118116.4,-9854.32,-9461.79,-9621.35,-9694.99,-9824.78,-9869.31,-9992.42,12148.92,53.80806651673984,12148.92
12906.0,3021753.32,1118115.41,-9854.34,-9461.81,-9621.37,-9695.01,-9824.81,-9869.33,-9992.45,12148.91,54.19374792736565,12148.91
12907.0,3021753.41,1118114.41,-9854.35,-9461.84,-9621.4,-9695.04,-9824.83,-9869.36,-9992.47,12148.9,53.11383997761335,12148.9
12908.0,3021753.5,1118113.41,-9854.37,-9461.87,-9621.43,-9695.06,-9824.86,-9869.38,-9992.5,12148.89,58.62357441512511,12148.89
12909.0,3021753.59,1118112.42,-9854.38,-9461.89,-9621.45,-9695.09,-9824.88,-9869.41,-9992.52,12148.88,,12148.88
12910.0,3021753.68,1118111.42,-9854.4,-9461.92,-9621.48,-9695.12,-9824.91,-9869.44,-9992.55,12148.87,50.90994620260865,12148.87
12911.0,3021753.77,1118110.43,-9854.42,-9461.95,-9621.5,-9695.14,-9824.94,-9869.46,-9992.58,12148.86,,12148.86
12912.0,3021753.86,1118109.43,-9854.43,-9461.97,-9621.53,-9695.17,-9824.96,-9869.49,-9992.6,12148.85,,12148.85
12913.0,3021753.95,1118108.44,-9854.45,-9462.0,-9621.56,-9695.2,-9824.99,-9869.52,-9992.63,12148.84,,12148.84
12914.0,3021754.05,1118107.44,-9854.46,-9462.02,-9621.58,-9695.22,-9825.02,-9869.54,-9992.66,12148.83,,12148.83
12915.0,3021754.14,1118106.44,-9854.48,-9462.05,-9621.61,-9695.25,-9825.04,-9869.57,-9992.68,12148.81,55.31773375261806,12148.81
12916.0,3021754.23,1118105.45,-9854.49,-9462.08,-9621.64,-9695.27,-9825.07,-9869.59,-9992.71,12148.8,54.25986474061579,12148.8
12917.0,3021754.32,1118104.45,-9854.51,-9462.1,-9621.66,-9695.3,-9825.1,-9869.62,-9992.73,12148.79,50.60140107410799,12148.79
12918.0,3021754.41,1118103.46,-9854.52,-9462.13,-9621.69,-9695.33,-9825.12,-9869.65,-9992.76,12148.78,48.70605242760395,12148.78
12919.0,3021754.51,1118102.46,-9854.54,-9462.16,-9621.71,-9695.35,-9825.15,-9869.67,-9992.79,12148.77,51.273588675484426,12148.77
12920.0,3021754.6,1118101.47,-9854.56,-9462.18,-9621.74,-9695.38,-9825.17,-9869.7,-9992.81,12148.76,51.84660105698565,12148.76
12921.0,3021754.69,1118100.47,-9854.57,-9462.21,-9621.77,-9695.41,-9825.2,-9869.73,-9992.84,12148.75,46.50215865259924,12148.75
12922.0,3021754.79,1118099.47,-9854.59,-9462.24,-9621.79,-9695.43,-9825.23,-9869.75,-9992.87,12148.740000000002,,12148.740000000002
12923.0,3021754.88,1118098.48,-9854.6,-9462.26,-9621.82,-9695.46,-9825.25,-9869.78,-9992.89,12148.73,40.47450917796138,12148.73
12924.0,3021754.97,1118097.48,-9854.62,-9462.29,-9621.85,-9695.48,-9825.28,-9869.8,-9992.92,12148.72,43.16325958346712,12148.72
12925.0,3021755.07,1118096.49,-9854.63,-9462.31,-9621.87,-9695.51,-9825.31,-9869.83,-9992.94,12148.71,50.90994620260865,12148.71
12926.0,3021755.16,1118095.49,-9854.65,-9462.34,-9621.9,-9695.54,-9825.33,-9869.86,-9992.97,12148.7,,12148.7
12927.0,3021755.25,1118094.5,-9854.66,-9462.37,-9621.93,-9695.56,-9825.36,-9869.88,-9993.0,12148.69,55.119383312867626,12148.69
12928.0,3021755.35,1118093.5,-9854.68,-9462.39,-9621.95,-9695.59,-9825.38,-9869.91,-9993.02,12148.68,58.62357441512511,12148.68
12929.0,3021755.44,1118092.51,-9854.7,-9462.42,-9621.98,-9695.62,-9825.41,-9869.94,-9993.05,12148.66,,12148.66
12930.0,3021755.53,1118091.51,-9854.71,-9462.45,-9622.0,-9695.64,-9825.44,-9869.96,-9993.08,12148.65,53.11383997761335,12148.65
12931.0,3021755.63,1118090.52,-9854.73,-9462.47,-9622.03,-9695.67,-9825.46,-9869.99,-9993.1,12148.64,52.59592494048725,12148.64
12932.0,3021755.72,1118089.52,-9854.74,-9462.5,-9622.06,-9695.7,-9825.49,-9870.01,-9993.13,12148.63,50.90994620260865,12148.63
12933.0,3021755.82,1118088.52,-9854.76,-9462.52,-9622.08,-9695.72,-9825.52,-9870.04,-9993.15,12148.62,48.70605242760395,12148.62
12934.0,3021755.91,1118087.53,-9854.77,-9462.55,-9622.11,-9695.75,-9825.54,-9870.07,-9993.18,12148.61,,12148.61
12935.0,3021756.01,1118086.53,-9854.79,-9462.58,-9622.14,-9695.77,-9825.57,-9870.09,-9993.21,12148.6,,12148.6
12936.0,3021756.1,1118085.54,-9854.81,-9462.6,-9622.16,-9695.8,-9825.59,-9870.12,-9993.23,12148.59,,12148.59
12937.0,3021756.2,1118084.54,-9854.82,-9462.63,-9622.19,-9695.83,-9825.62,-9870.15,-9993.26,12148.58,50.90994620260865,12148.58
12938.0,3021756.29,1118083.55,-9854.84,-9462.66,-9622.21,-9695.85,-9825.65,-9870.17,-9993.29,12148.570000000002,,12148.570000000002
12939.0,3021756.39,1118082.55,-9854.85,-9462.68,-9622.24,-9695.88,-9825.67,-9870.2,-9993.31,12148.56,50.22673913235719,12148.56
12940.0,3021756.48,1118081.56,-9854.87,-9462.71,-9622.27,-9695.91,-9825.7,-9870.23,-9993.34,12148.55,46.50215865259924,12148.55
12941.0,3021756.58,1118080.56,-9854.88,-9462.73,-9622.29,-9695.93,-9825.73,-9870.25,-9993.36,12148.54,50.88790726485859,12148.54
12942.0,3021756.68,1118079.57,-9854.9,-9462.76,-9622.32,-9695.96,-9825.75,-9870.28,-9993.39,12148.53,53.11383997761335,12148.53
12943.0,3021756.77,1118078.57,-9854.92,-9462.79,-9622.35,-9695.98,-9825.78,-9870.3,-9993.42,12148.52,56.430700108995424,12148.52
12944.0,3021756.87,1118077.58,-9854.93,-9462.81,-9622.37,-9696.01,-9825.8,-9870.33,-9993.44,12148.51,58.62357441512511,12148.51
12945.0,3021756.96,1118076.58,-9854.95,-9462.84,-9622.4,-9696.04,-9825.83,-9870.36,-9993.47,12148.5,55.81360985199412,12148.5
12946.0,3021757.06,1118075.59,-9854.96,-9462.87,-9622.42,-9696.06,-9825.86,-9870.38,-9993.5,12148.48,53.54359926373928,12148.48
12947.0,3021757.16,1118074.59,-9854.98,-9462.89,-9622.45,-9696.09,-9825.88,-9870.41,-9993.52,12148.47,46.50215865259924,12148.47
12948.0,3021757.25,1118073.6,-9854.99,-9462.92,-9622.48,-9696.12,-9825.91,-9870.44,-9993.55,12148.46,45.04758876109613,12148.46
12949.0,3021757.35,1118072.6,-9855.01,-9462.94,-9622.5,-9696.14,-9825.94,-9870.46,-9993.58,12148.45,44.29826487759454,12148.45
12950.0,3021757.45,1118071.61,-9855.02,-9462.97,-9622.53,-9696.17,-9825.96,-9870.49,-9993.6,12148.44,45.26797813859661,12148.44
12951.0,3021757.55,1118070.61,-9855.04,-9463.0,-9622.56,-9696.19,-9825.99,-9870.51,-9993.63,12148.43,50.90994620260865,12148.43
12952.0,3021757.64,1118069.61,-9855.06,-9463.02,-9622.58,-9696.22,-9826.01,-9870.54,-9993.65,12148.42,45.719776362472565,12148.42
12953.0,3021757.74,1118068.62,-9855.07,-9463.05,-9622.61,-9696.25,-9826.04,-9870.57,-9993.68,12148.41,44.29826487759454,12148.41
12954.0,3021757.84,1118067.62,-9855.09,-9463.08,-9622.63,-9696.27,-9826.07,-9870.59,-9993.71,12148.4,50.90994620260865,12148.4
12955.0,3021757.93,1118066.63,-9855.1,-9463.1,-9622.66,-9696.3,-9826.09,-9870.62,-9993.73,12148.39,,12148.39
12956.0,3021758.03,1118065.63,-9855.12,-9463.13,-9622.69,-9696.33,-9826.12,-9870.65,-9993.76,12148.38,,12148.38
12957.0,3021758.12,1118064.64,-9855.14,-9463.15,-9622.71,-9696.35,-9826.15,-9870.67,-9993.79,12148.37,,12148.37
12958.0,3021758.22,1118063.64,-9855.15,-9463.18,-9622.74,-9696.38,-9826.17,-9870.7,-9993.81,12148.36,48.70605242760395,12148.36
12959.0,3021758.32,1118062.65,-9855.17,-9463.21,-9622.77,-9696.4,-9826.2,-9870.72,-9993.84,12148.35,,12148.35
12960.0,3021758.41,1118061.65,-9855.18,-9463.23,-9622.79,-9696.43,-9826.22,-9870.75,-9993.86,12148.34,,12148.34
12961.0,3021758.51,1118060.66,-9855.2,-9463.26,-9622.82,-9696.46,-9826.25,-9870.78,-9993.89,12148.33,49.15785065147991,12148.33
12962.0,3021758.6,1118059.66,-9855.22,-9463.29,-9622.84,-9696.48,-9826.28,-9870.8,-9993.92,12148.320000000002,49.56557099985579,12148.320000000002
12963.0,3021758.7,1118058.67,-9855.23,-9463.31,-9622.87,-9696.51,-9826.3,-9870.83,-9993.94,12148.31,47.68124182222675,12148.31
12964.0,3021758.79,1118057.67,-9855.25,-9463.34,-9622.9,-9696.54,-9826.33,-9870.86,-9993.97,12148.3,46.50215865259924,12148.3
12965.0,3021758.88,1118056.68,-9855.26,-9463.37,-9622.92,-9696.56,-9826.36,-9870.88,-9994.0,12148.29,48.70605242760395,12148.29
12966.0,3021758.98,1118055.68,-9855.28,-9463.39,-9622.95,-9696.59,-9826.38,-9870.91,-9994.02,12148.28,,12148.28
12967.0,3021759.07,1118054.69,-9855.3,-9463.42,-9622.98,-9696.61,-9826.41,-9870.93,-9994.05,12148.27,,12148.27
12968.0,3021759.17,1118053.69,-9855.31,-9463.44,-9623.0,-9696.64,-9826.44,-9870.96,-9994.07,12148.26,,12148.26
12969.0,3021759.26,1118052.69,-9855.33,-9463.47,-9623.03,-9696.67,-9826.46,-9870.99,-9994.1,12148.25,48.39750729910329,12148.25
12970.0,3021759.35,1118051.7,-9855.35,-9463.5,-9623.05,-9696.69,-9826.49,-9871.01,-9994.13,12148.240000000002,46.50215865259924,12148.240000000002
12971.0,3021759.45,1118050.7,-9855.36,-9463.52,-9623.08,-9696.72,-9826.51,-9871.04,-9994.15,12148.23,49.21294799585503,12148.23
12972.0,3021759.54,1118049.71,-9855.38,-9463.55,-9623.11,-9696.75,-9826.54,-9871.07,-9994.18,12148.22,50.90994620260865,12148.22
12973.0,3021759.63,1118048.71,-9855.4,-9463.58,-9623.13,-9696.77,-9826.57,-9871.09,-9994.21,12148.21,,12148.21
12974.0,3021759.72,1118047.72,-9855.41,-9463.6,-9623.16,-9696.8,-9826.59,-9871.12,-9994.23,12148.2,,12148.2
12975.0,3021759.82,1118046.72,-9855.43,-9463.63,-9623.19,-9696.83,-9826.62,-9871.14,-9994.26,12148.19,51.42786123973475,12148.19
12976.0,3021759.91,1118045.73,-9855.44,-9463.65,-9623.21,-9696.85,-9826.65,-9871.17,-9994.28,12148.18,53.11383997761335,12148.18
12977.0,3021760.0,1118044.73,-9855.46,-9463.68,-9623.24,-9696.88,-9826.67,-9871.2,-9994.31,12148.17,,12148.17
12978.0,3021760.09,1118043.73,-9855.48,-9463.71,-9623.27,-9696.9,-9826.7,-9871.22,-9994.34,12148.16,,12148.16
12979.0,3021760.18,1118042.74,-9855.49,-9463.73,-9623.29,-9696.93,-9826.72,-9871.25,-9994.36,12148.15,50.90994620260865,12148.15
12980.0,3021760.27,1118041.74,-9855.51,-9463.76,-9623.32,-9696.96,-9826.75,-9871.28,-9994.39,12148.14,,12148.14
12981.0,3021760.36,1118040.75,-9855.53,-9463.79,-9623.34,-9696.98,-9826.78,-9871.3,-9994.42,12148.13,61.77514251338184,12148.13
12982.0,3021760.46,1118039.75,-9855.54,-9463.81,-9623.37,-9697.01,-9826.8,-9871.33,-9994.44,12148.12,65.23525574013922,12148.12
12983.0,3021760.55,1118038.76,-9855.56,-9463.84,-9623.4,-9697.04,-9826.83,-9871.36,-9994.47,12148.11,58.62357441512511,12148.11
12984.0,3021760.64,1118037.76,-9855.58,-9463.86,-9623.42,-9697.06,-9826.86,-9871.38,-9994.49,12148.1,57.89628946937356,12148.1
12985.0,3021760.73,1118036.76,-9855.6,-9463.89,-9623.45,-9697.09,-9826.88,-9871.41,-9994.52,12148.09,55.31773375261806,
12986.0,3021760.82,1118035.77,-9855.61,-9463.92,-9623.48,-9697.11,-9826.91,-9871.43,-9994.55,12148.08,58.62357441512511,
12987.0,3021760.91,1118034.77,-9855.63,-9463.94,-9623.5,-9697.14,-9826.93,-9871.46,-9994.57,12148.070000000002,,
12988.0,3021761.0,1118033.78,-9855.65,-9463.97,-9623.53,-9697.17,-9826.96,-9871.49,-9994.6,12148.06,60.82746819012981,
12989.0,3021761.09,1118032.78,-9855.66,-9464.0,-9623.55,-9697.19,-9826.99,-9871.51,-9994.63,12148.06,57.9624062826237,
12990.0,3021761.17,1118031.78,-9855.68,-9464.02,-9623.58,-9697.22,-9827.01,-9871.54,-9994.65,12148.05,55.78055144536905,
12991.0,3021761.26,1118030.79,-9855.7,-9464.05,-9623.61,-9697.25,-9827.04,-9871.57,-9994.68,12148.04,58.62357441512511,
12992.0,3021761.35,1118029.79,-9855.71,-9464.07,-9623.63,-9697.27,-9827.07,-9871.59,-9994.71,12148.03,60.034066431128124,
12993.0,3021761.44,1118028.8,-9855.73,-9464.1,-9623.66,-9697.3,-9827.09,-9871.62,-9994.73,12148.02,60.82746819012981,
12994.0,3021761.53,1118027.8,-9855.75,-9464.13,-9623.69,-9697.32,-9827.12,-9871.64,-9994.76,12148.01,59.20760626550136,
12995.0,3021761.62,1118026.81,-9855.77,-9464.15,-9623.71,-9697.35,-9827.14,-9871.67,-9994.78,12148.0,53.11383997761335,
12996.0,3021761.71,1118025.81,-9855.78,-9464.18,-9623.74,-9697.38,-9827.17,-9871.7,-9994.81,12147.990000000002,,
12997.0,3021761.79,1118024.81,-9855.8,-9464.21,-9623.76,-9697.4,-9827.2,-9871.72,-9994.84,12147.98,55.31773375261806,
12998.0,3021761.88,1118023.82,-9855.82,-9464.23,-9623.79,-9697.43,-9827.22,-9871.75,-9994.86,12147.97,58.62357441512511,
12999.0,3021761.97,1118022.82,-9855.83,-9464.26,-9623.82,-9697.46,-9827.25,-9871.78,-9994.89,12147.96,,
13000.0,3021762.06,1118021.82,-9855.85,-9464.28,-9623.84,-9697.48,-9827.28,-9871.8,-9994.92,12147.96,,
13001.0,3021762.14,1118020.83,-9855.87,-9464.31,-9623.87,-9697.51,-9827.3,-9871.83,-9994.94,12147.95,59.0863921078761,
13002.0,3021762.23,1118019.83,-9855.89,-9464.34,-9623.9,-9697.53,-9827.33,-9871.85,-9994.97,12147.94,60.82746819012981,
13003.0,3021762.32,1118018.84,-9855.9,-9464.36,-9623.92,-9697.56,-9827.35,-9871.88,-9994.99,12147.93,60.01202749337806,
13004.0,3021762.4,1118017.84,-9855.92,-9464.39,-9623.95,-9697.59,-9827.38,-9871.91,-9995.02,12147.92,58.62357441512511,
13005.0,3021762.49,1118016.84,-9855.94,-9464.42,-9623.97,-9697.61,-9827.41,-9871.93,-9995.05,12147.91,,
13006.0,3021762.57,1118015.85,-9855.96,-9464.44,-9624.0,-9697.64,-9827.43,-9871.96,-9995.07,12147.9,,
13007.0,3021762.66,1118014.85,-9855.97,-9464.47,-9624.03,-9697.67,-9827.46,-9871.99,-9995.1,12147.89,,
13008.0,3021762.75,1118013.86,-9855.99,-9464.5,-9624.05,-9697.69,-9827.49,-9872.01,-9995.13,12147.88,,
13009.0,3021762.83,1118012.86,-9856.01,-9464.52,-9624.08,-9697.72,-9827.51,-9872.04,-9995.15,12147.88,,
13010.0,3021762.92,1118011.86,-9856.03,-9464.55,-9624.11,-9697.74,-9827.54,-9872.06,-9995.18,12147.87,,
13011.0,3021763.0,1118010.87,-9856.04,-9464.57,-9624.13,-9697.77,-9827.57,-9872.09,-9995.2,12147.86,54.21578686511571,
13012.0,3021763.09,1118009.87,-9856.06,-9464.6,-9624.16,-9697.8,-9827.59,-9872.12,-9995.23,12147.85,53.11383997761335,
13013.0,3021763.17,1118008.87,-9856.08,-9464.63,-9624.18,-9697.82,-9827.62,-9872.14,-9995.26,12147.84,63.03136196513452,
13014.0,3021763.25,1118007.88,-9856.1,-9464.65,-9624.21,-9697.85,-9827.64,-9872.17,-9995.28,12147.83,62.028590297507385,
13015.0,3021763.34,1118006.88,-9856.12,-9464.68,-9624.24,-9697.88,-9827.67,-9872.2,-9995.31,12147.83,,
13016.0,3021763.42,1118005.89,-9856.13,-9464.71,-9624.26,-9697.9,-9827.7,-9872.22,-9995.34,12147.820000000002,,
13017.0,3021763.51,1118004.89,-9856.15,-9464.73,-9624.29,-9697.93,-9827.72,-9872.25,-9995.36,12147.81,,
13018.0,3021763.59,1118003.89,-9856.17,-9464.76,-9624.32,-9697.96,-9827.75,-9872.27,-9995.39,12147.8,,
13019.0,3021763.67,1118002.9,-9856.19,-9464.78,-9624.34,-9697.98,-9827.78,-9872.3,-9995.41,12147.79,,
13020.0,3021763.76,1118001.9,-9856.21,-9464.81,-9624.37,-9698.01,-9827.8,-9872.33,-9995.44,12147.78,,
13021.0,3021763.84,1118000.9,-9856.22,-9464.84,-9624.4,-9698.03,-9827.83,-9872.35,-9995.47,12147.77,,
13022.0,3021763.92,1117999.91,-9856.24,-9464.86,-9624.42,-9698.06,-9827.85,-9872.38,-9995.49,12147.77,,
13023.0,3021764.0,1117998.91,-9856.26,-9464.89,-9624.45,-9698.09,-9827.88,-9872.41,-9995.52,12147.76,,
13024.0,3021764.09,1117997.91,-9856.28,-9464.92,-9624.47,-9698.11,-9827.91,-9872.43,-9995.55,12147.75,,
13025.0,3021764.17,1117996.92,-9856.3,-9464.94,-9624.5,-9698.14,-9827.93,-9872.46,-9995.57,12147.740000000002,58.62357441512511,
13026.0,3021764.25,1117995.92,-9856.31,-9464.97,-9624.53,-9698.17,-9827.96,-9872.49,-9995.6,12147.73,60.37566996625386,
13027.0,3021764.33,1117994.93,-9856.33,-9464.99,-9624.55,-9698.19,-9827.99,-9872.51,-9995.62,12147.73,60.82746819012981,
13028.0,3021764.41,1117993.93,-9856.35,-9465.02,-9624.58,-9698.22,-9828.01,-9872.54,-9995.65,12147.72,58.62357441512511,
13029.0,3021764.5,1117992.93,-9856.37,-9465.05,-9624.61,-9698.24,-9828.04,-9872.56,-9995.68,12147.71,,
13030.0,3021764.58,1117991.94,-9856.39,-9465.07,-9624.63,-9698.27,-9828.06,-9872.59,-9995.7,12147.7,,
13031.0,3021764.66,1117990.94,-9856.41,-9465.1,-9624.66,-9698.3,-9828.09,-9872.62,-9995.73,12147.69,,
13032.0,3021764.74,1117989.94,-9856.42,-9465.13,-9624.68,-9698.32,-9828.12,-9872.64,-9995.76,12147.69,,
13033.0,3021764.82,1117988.95,-9856.44,-9465.15,-9624.71,-9698.35,-9828.14,-9872.67,-9995.78,12147.68,61.40048057163104,
13034.0,3021764.9,1117987.95,-9856.46,-9465.18,-9624.74,-9698.38,-9828.17,-9872.7,-9995.81,12147.67,63.03136196513452,
13035.0,3021764.98,1117986.95,-9856.48,-9465.2,-9624.76,-9698.4,-9828.2,-9872.72,-9995.84,12147.66,60.82746819012981,
13036.0,3021765.06,1117985.96,-9856.5,-9465.23,-9624.79,-9698.43,-9828.22,-9872.75,-9995.86,12147.66,60.33159209075376,
13037.0,3021765.14,1117984.96,-9856.52,-9465.26,-9624.82,-9698.45,-9828.25,-9872.77,-9995.89,12147.65,58.62357441512511,
13038.0,3021765.22,1117983.96,-9856.54,-9465.28,-9624.84,-9698.48,-9828.27,-9872.8,-9995.91,12147.64,,
13039.0,3021765.3,1117982.97,-9856.55,-9465.31,-9624.87,-9698.51,-9828.3,-9872.83,-9995.94,12147.63,63.03136196513452,
13040.0,3021765.38,1117981.97,-9856.57,-9465.34,-9624.89,-9698.53,-9828.33,-9872.85,-9995.97,12147.62,62.00655135975733,
13041.0,3021765.45,1117980.97,-9856.59,-9465.36,-9624.92,-9698.56,-9828.35,-9872.88,-9995.99,12147.62,58.62357441512511,
13042.0,3021765.53,1117979.98,-9856.61,-9465.39,-9624.95,-9698.59,-9828.38,-9872.91,-9996.02,12147.61,63.879861068511325,
13043.0,3021765.61,1117978.98,-9856.63,-9465.41,-9624.97,-9698.61,-9828.41,-9872.93,-9996.05,12147.6,64.59612654538786,
13044.0,3021765.69,1117977.98,-9856.65,-9465.44,-9625.0,-9698.64,-9828.43,-9872.96,-9996.07,12147.59,60.82746819012981,
13045.0,3021765.77,1117976.99,-9856.67,-9465.47,-9625.03,-9698.66,-9828.46,-9872.98,-9996.1,12147.59,,
13046.0,3021765.85,1117975.99,-9856.69,-9465.49,-9625.05,-9698.69,-9828.48,-9873.01,-9996.12,12147.58,58.07260097137394,
13047.0,3021765.92,1117974.99,-9856.7,-9465.52,-9625.08,-9698.72,-9828.51,-9873.04,-9996.15,12147.570000000002,50.90994620260865,
13048.0,3021766.0,1117974.0,-9856.72,-9465.55,-9625.1,-9698.74,-9828.54,-9873.06,-9996.18,12147.570000000002,53.290151479613726,
13049.0,3021766.08,1117973.0,-9856.74,-9465.57,-9625.13,-9698.77,-9828.56,-9873.09,-9996.2,12147.56,55.31773375261806,
13050.0,3021766.16,1117972.0,-9856.76,-9465.6,-9625.16,-9698.8,-9828.59,-9873.12,-9996.23,12147.55,,
13051.0,3021766.24,1117971.01,-9856.78,-9465.63,-9625.18,-9698.82,-9828.62,-9873.14,-9996.26,12147.54,58.62357441512511,
13052.0,3021766.31,1117970.01,-9856.8,-9465.65,-9625.21,-9698.85,-9828.64,-9873.17,-9996.28,12147.54,59.56022926950211,
13053.0,3021766.39,1117969.01,-9856.82,-9465.68,-9625.24,-9698.87,-9828.67,-9873.19,-9996.31,12147.53,63.03136196513452,
13054.0,3021766.47,1117968.01,-9856.84,-9465.7,-9625.26,-9698.9,-9828.7,-9873.22,-9996.33,12147.52,64.4308345122625,
13055.0,3021766.55,1117967.02,-9856.86,-9465.73,-9625.29,-9698.93,-9828.72,-9873.25,-9996.36,12147.52,61.7531035756318,
13056.0,3021766.63,1117966.02,-9856.88,-9465.76,-9625.31,-9698.95,-9828.75,-9873.27,-9996.39,12147.51,60.82746819012981,
13057.0,3021766.7,1117965.02,-9856.9,-9465.78,-9625.34,-9698.98,-9828.77,-9873.3,-9996.41,12147.5,60.08916377550324,
13058.0,3021766.78,1117964.03,-9856.91,-9465.81,-9625.37,-9699.01,-9828.8,-9873.33,-9996.44,12147.490000000002,53.11383997761335,
13059.0,3021766.86,1117963.03,-9856.93,-9465.84,-9625.39,-9699.03,-9828.83,-9873.35,-9996.47,12147.490000000002,,
13060.0,3021766.94,1117962.03,-9856.95,-9465.86,-9625.42,-9699.06,-9828.85,-9873.38,-9996.49,12147.48,63.03136196513452,
13061.0,3021767.02,1117961.04,-9856.97,-9465.89,-9625.45,-9699.09,-9828.88,-9873.4,-9996.52,12147.47,62.028590297507385,
13062.0,3021767.09,1117960.04,-9856.99,-9465.91,-9625.47,-9699.11,-9828.91,-9873.43,-9996.54,12147.47,58.62357441512511,
13063.0,3021767.17,1117959.04,-9857.01,-9465.94,-9625.5,-9699.14,-9828.93,-9873.46,-9996.57,12147.46,,
13064.0,3021767.25,1117958.05,-9857.03,-9465.97,-9625.53,-9699.16,-9828.96,-9873.48,-9996.6,12147.45,,
13065.0,3021767.33,1117957.05,-9857.05,-9465.99,-9625.55,-9699.19,-9828.98,-9873.51,-9996.62,12147.45,63.03136196513452,
13066.0,3021767.41,1117956.05,-9857.07,-9466.02,-9625.58,-9699.22,-9829.01,-9873.54,-9996.65,12147.44,,
13067.0,3021767.48,1117955.06,-9857.09,-9466.05,-9625.6,-9699.24,-9829.04,-9873.56,-9996.68,12147.43,58.29299034887441,
13068.0,3021767.56,1117954.06,-9857.11,-9466.07,-9625.63,-9699.27,-9829.06,-9873.59,-9996.7,12147.43,55.31773375261806,
13069.0,3021767.64,1117953.06,-9857.13,-9466.1,-9625.66,-9699.3,-9829.09,-9873.62,-9996.73,12147.42,58.62357441512511,
13070.0,3021767.72,1117952.07,-9857.15,-9466.12,-9625.68,-9699.32,-9829.12,-9873.64,-9996.75,12147.41,59.10843104562615,
13071.0,3021767.8,1117951.07,-9857.17,-9466.15,-9625.71,-9699.35,-9829.14,-9873.67,-9996.78,12147.41,60.82746819012981,
13072.0,3021767.87,1117950.07,-9857.19,-9466.18,-9625.74,-9699.37,-9829.17,-9873.69,-9996.81,12147.4,59.09741157675112,
13073.0,3021767.95,1117949.08,-9857.21,-9466.2,-9625.76,-9699.4,-9829.19,-9873.72,-9996.83,12147.39,58.62357441512511,
13074.0,3021768.03,1117948.08,-9857.23,-9466.23,-9625.79,-9699.43,-9829.22,-9873.75,-9996.86,12147.39,59.02027529462596,
13075.0,3021768.11,1117947.08,-9857.25,-9466.26,-9625.81,-9699.45,-9829.25,-9873.77,-9996.89,12147.38,60.82746819012981,
13076.0,3021768.19,1117946.09,-9857.27,-9466.28,-9625.84,-9699.48,-9829.27,-9873.8,-9996.91,12147.38,,
13077.0,3021768.27,1117945.09,-9857.29,-9466.31,-9625.87,-9699.51,-9829.3,-9873.83,-9996.94,12147.37,63.03136196513452,
13078.0,3021768.34,1117944.09,-9857.31,-9466.33,-9625.89,-9699.53,-9829.33,-9873.85,-9996.96,12147.36,55.31773375261806,
13079.0,3021768.42,1117943.1,-9857.33,-9466.36,-9625.92,-9699.56,-9829.35,-9873.88,-9996.99,12147.36,,
13080.0,3021768.5,1117942.1,-9857.35,-9466.39,-9625.95,-9699.58,-9829.38,-9873.9,-9997.02,12147.35,,
13081.0,3021768.58,1117941.1,-9857.37,-9466.41,-9625.97,-9699.61,-9829.4,-9873.93,-9997.04,12147.34,,
13082.0,3021768.66,1117940.11,-9857.39,-9466.44,-9626.0,-9699.64,-9829.43,-9873.96,-9997.07,12147.34,,
13083.0,3021768.73,1117939.11,-9857.41,-9466.47,-9626.02,-9699.66,-9829.46,-9873.98,-9997.1,12147.33,58.62357441512511,
13084.0,3021768.81,1117938.11,-9857.43,-9466.49,-9626.05,-9699.69,-9829.48,-9874.01,-9997.12,12147.33,,
13085.0,3021768.89,1117937.12,-9857.45,-9466.52,-9626.08,-9699.72,-9829.51,-9874.04,-9997.15,12147.320000000002,56.849439926246326,
13086.0,3021768.97,1117936.12,-9857.47,-9466.54,-9626.1,-9699.74,-9829.54,-9874.06,-9997.18,12147.320000000002,55.31773375261806,
13087.0,3021769.05,1117935.12,-9857.49,-9466.57,-9626.13,-9699.77,-9829.56,-9874.09,-9997.2,12147.31,60.82746819012981,
13088.0,3021769.13,1117934.13,-9857.51,-9466.6,-9626.16,-9699.79,-9829.59,-9874.11,-9997.23,12147.3,,
13089.0,3021769.2,1117933.13,-9857.53,-9466.62,-9626.18,-9699.82,-9829.61,-9874.14,-9997.25,12147.3,,
13090.0,3021769.28,1117932.13,-9857.55,-9466.65,-9626.21,-9699.85,-9829.64,-9874.17,-9997.28,12147.29,,
13091.0,3021769.36,1117931.14,-9857.57,-9466.68,-9626.23,-9699.87,-9829.67,-9874.19,-9997.31,12147.29,58.62357441512511,
13092.0,3021769.44,1117930.14,-9857.6,-9466.7,-9626.26,-9699.9,-9829.69,-9874.22,-9997.33,12147.28,58.94313901250079,
13093.0,3021769.52,1117929.14,-9857.62,-9466.73,-9626.29,-9699.93,-9829.72,-9874.25,-9997.36,12147.28,60.82746819012981,
13094.0,3021769.6,1117928.15,-9857.64,-9466.76,-9626.31,-9699.95,-9829.75,-9874.27,-9997.39,12147.27,,
13095.0,3021769.67,1117927.15,-9857.66,-9466.78,-9626.34,-9699.98,-9829.77,-9874.3,-9997.41,12147.26,,
13096.0,3021769.75,1117926.15,-9857.68,-9466.81,-9626.37,-9700.0,-9829.8,-9874.32,-9997.44,12147.26,62.193882330632725,
13097.0,3021769.83,1117925.16,-9857.7,-9466.83,-9626.39,-9700.03,-9829.83,-9874.35,-9997.46,12147.25,63.03136196513452,
13098.0,3021769.91,1117924.16,-9857.72,-9466.86,-9626.42,-9700.06,-9829.85,-9874.38,-9997.49,12147.25,55.31773375261806,
13099.0,3021769.99,1117923.16,-9857.74,-9466.89,-9626.44,-9700.08,-9829.88,-9874.4,-9997.52,12147.240000000002,60.28751421525365,
13100.0,3021770.06,1117922.17,-9857.76,-9466.91,-9626.47,-9700.11,-9829.9,-9874.43,-9997.54,12147.240000000002,63.03136196513452,
13101.0,3021770.14,1117921.17,-9857.78,-9466.94,-9626.5,-9700.14,-9829.93,-9874.46,-9997.57,12147.23,60.82746819012981,
13102.0,3021770.22,1117920.17,-9857.8,-9466.96,-9626.52,-9700.16,-9829.95,-9874.48,-9997.59,12147.23,,
13103.0,3021770.3,1117919.17,-9857.83,-9466.98,-9626.54,-9700.18,-9829.97,-9874.5,-9997.61,12147.23,58.62357441512511,
13104.0,3021770.38,1117918.18,-9857.85,-9467.0,-9626.56,-9700.2,-9830.0,-9874.52,-9997.63,12147.23,60.11120271325328,
13105.0,3021770.46,1117917.18,-9857.87,-9467.03,-9626.58,-9700.22,-9830.02,-9874.54,-9997.66,12147.23,65.23525574013922,
13106.0,3021770.54,1117916.18,-9857.89,-9467.05,-9626.61,-9700.24,-9830.04,-9874.56,-9997.68,12147.23,59.90183280462784,
13107.0,3021770.61,1117915.19,-9857.91,-9467.07,-9626.63,-9700.27,-9830.06,-9874.59,-9997.7,12147.23,59.43901511187685,
13108.0,3021770.69,1117914.19,-9857.93,-9467.09,-9626.65,-9700.29,-9830.08,-9874.61,-9997.72,12147.23,60.82746819012981,
13109.0,3021770.77,1117913.19,-9857.95,-9467.11,-9626.67,-9700.31,-9830.1,-9874.63,-9997.74,12147.23,,
13110.0,3021770.85,1117912.2,-9857.97,-9467.13,-9626.69,-9700.33,-9830.13,-9874.65,-9997.76,12147.23,,
13111.0,3021770.93,1117911.2,-9858.0,-9467.16,-9626.71,-9700.35,-9830.15,-9874.67,-9997.79,12147.23,61.19111066300559,
13112.0,3021771.01,1117910.2,-9858.02,-9467.17,-9626.73,-9700.37,-9830.16,-9874.69,-9997.8,12147.240000000002,63.03136196513452,
13113.0,3021771.08,1117909.21,-9858.04,-9467.18,-9626.74,-9700.38,-9830.17,-9874.7,-9997.81,12147.240000000002,57.09186824149685,
13114.0,3021771.16,1117908.21,-9858.06,-9467.2,-9626.76,-9700.39,-9830.19,-9874.71,-9997.83,12147.25,55.31773375261806,
13115.0,3021771.24,1117907.21,-9858.08,-9467.21,-9626.77,-9700.41,-9830.2,-9874.73,-9997.84,12147.26,58.62357441512511,
13116.0,3021771.32,1117906.22,-9858.1,-9467.22,-9626.78,-9700.42,-9830.21,-9874.74,-9997.85,12147.27,,
13117.0,3021771.4,1117905.22,-9858.12,-9467.24,-9626.8,-9700.43,-9830.23,-9874.75,-9997.87,12147.28,,
13118.0,3021771.48,1117904.22,-9858.15,-9467.25,-9626.81,-9700.45,-9830.24,-9874.77,-9997.88,12147.28,,
13119.0,3021771.55,1117903.23,-9858.17,-9467.26,-9626.82,-9700.46,-9830.26,-9874.78,-9997.89,12147.29,,
13120.0,3021771.63,1117902.23,-9858.19,-9467.28,-9626.84,-9700.48,-9830.27,-9874.79,-9997.91,12147.3,,
13121.0,3021771.71,1117901.23,-9858.21,-9467.29,-9626.85,-9700.49,-9830.28,-9874.81,-9997.92,12147.31,,
13122.0,3021771.79,1117900.24,-9858.23,-9467.3,-9626.86,-9700.5,-9830.3,-9874.82,-9997.94,12147.320000000002,,
13123.0,3021771.87,1117899.24,-9858.26,-9467.32,-9626.88,-9700.52,-9830.31,-9874.84,-9997.95,12147.33,,
13124.0,3021771.95,1117898.24,-9858.28,-9467.33,-9626.89,-9700.53,-9830.32,-9874.85,-9997.96,12147.33,60.30955315300371,
13125.0,3021772.03,1117897.25,-9858.3,-9467.35,-9626.9,-9700.54,-9830.34,-9874.86,-9997.98,12147.34,60.82746819012981,
13126.0,3021772.1,1117896.25,-9858.32,-9467.36,-9626.92,-9700.56,-9830.35,-9874.88,-9997.99,12147.35,58.62357441512511,
13127.0,3021772.18,1117895.25,-9858.34,-9467.37,-9626.93,-9700.57,-9830.36,-9874.89,-9998.0,12147.36,,
13128.0,3021772.26,1117894.26,-9858.37,-9467.39,-9626.94,-9700.58,-9830.38,-9874.9,-9998.02,12147.37,60.82746819012981,
13129.0,3021772.34,1117893.26,-9858.39,-9467.4,-9626.96,-9700.6,-9830.39,-9874.92,-9998.03,12147.38,58.62357441512511,
13130.0,3021772.42,1117892.26,-9858.41,-9467.41,-9626.97,-9700.61,-9830.4,-9874.93,-9998.04,12147.38,,
13131.0,3021772.5,1117891.27,-9858.43,-9467.43,-9626.99,-9700.62,-9830.42,-9874.94,-9998.06,12147.39,,
13132.0,3021772.58,1117890.27,-9858.45,-9467.44,-9627.0,-9700.64,-9830.43,-9874.96,-9998.07,12147.4,58.932119543625774,
13133.0,3021772.65,1117889.27,-9858.48,-9467.45,-9627.01,-9700.65,-9830.45,-9874.97,-9998.08,12147.41,60.82746819012981,
13134.0,3021772.73,1117888.28,-9858.5,-9467.47,-9627.03,-9700.66,-9830.46,-9874.98,-9998.1,12147.42,,
13135.0,3021772.81,1117887.28,-9858.52,-9467.48,-9627.04,-9700.68,-9830.47,-9875.0,-9998.11,12147.43,,
13136.0,3021772.89,1117886.28,-9858.54,-9467.49,-9627.05,-9700.69,-9830.49,-9875.01,-9998.12,12147.44,,
13137.0,3021772.97,1117885.29,-9858.57,-9467.51,-9627.07,-9700.71,-9830.5,-9875.03,-9998.14,12147.45,,
13138.0,3021773.05,1117884.29,-9858.59,-9467.52,-9627.08,-9700.72,-9830.51,-9875.04,-9998.15,12147.45,,
13139.0,3021773.13,1117883.29,-9858.61,-9467.54,-9627.09,-9700.73,-9830.53,-9875.05,-9998.17,12147.46,58.62357441512511,
13140.0,3021773.2,1117882.3,-9858.63,-9467.55,-9627.11,-9700.75,-9830.54,-9875.07,-9998.18,12147.47,60.30955315300371,
13141.0,3021773.28,1117881.3,-9858.66,-9467.56,-9627.12,-9700.76,-9830.55,-9875.08,-9998.19,12147.48,60.82746819012981,
13142.0,3021773.36,1117880.3,-9858.68,-9467.58,-9627.13,-9700.77,-9830.57,-9875.09,-9998.21,12147.490000000002,58.62357441512511,
13143.0,3021773.44,1117879.31,-9858.7,-9467.59,-9627.15,-9700.79,-9830.58,-9875.11,-9998.22,12147.5,,
13144.0,3021773.52,1117878.31,-9858.72,-9467.6,-9627.16,-9700.8,-9830.59,-9875.12,-9998.23,12147.51,67.43914951514392,
13145.0,3021773.6,1117877.31,-9858.75,-9467.62,-9627.17,-9700.81,-9830.61,-9875.13,-9998.25,12147.52,,
13146.0,3021773.68,1117876.32,-9858.77,-9467.63,-9627.19,-9700.83,-9830.62,-9875.15,-9998.26,12147.53,64.18840619701199,
13147.0,3021773.75,1117875.32,-9858.79,-9467.64,-9627.2,-9700.84,-9830.63,-9875.16,-9998.27,12147.54,60.82746819012981,
13148.0,3021773.83,1117874.32,-9858.81,-9467.66,-9627.22,-9700.85,-9830.65,-9875.17,-9998.29,12147.55,62.61262214788361,
13149.0,3021773.91,1117873.33,-9858.84,-9467.67,-9627.23,-9700.87,-9830.66,-9875.19,-9998.3,12147.55,60.82746819012981,
13150.0,3021773.99,1117872.33,-9858.86,-9467.68,-9627.24,-9700.88,-9830.68,-9875.2,-9998.31,12147.56,60.38668943512887,
13151.0,3021774.07,1117871.33,-9858.88,-9467.7,-9627.26,-9700.89,-9830.69,-9875.21,-9998.33,12147.570000000002,59.119450514501175,
13152.0,3021774.15,1117870.34,-9858.91,-9467.71,-9627.27,-9700.91,-9830.7,-9875.23,-9998.34,12147.58,60.82746819012981,
13153.0,3021774.23,1117869.34,-9858.93,-9467.72,-9627.28,-9700.92,-9830.72,-9875.24,-9998.36,12147.59,,
13154.0,3021774.31,1117868.34,-9858.95,-9467.74,-9627.3,-9700.94,-9830.73,-9875.26,-9998.37,12147.6,,
13155.0,3021774.38,1117867.35,-9858.97,-9467.75,-9627.31,-9700.95,-9830.74,-9875.27,-9998.38,12147.61,,
13156.0,3021774.46,1117866.35,-9859.0,-9467.77,-9627.32,-9700.96,-9830.76,-9875.28,-9998.4,12147.62,63.64845222213584,
13157.0,3021774.54,1117865.36,-9859.02,-9467.78,-9627.34,-9700.98,-9830.77,-9875.3,-9998.41,12147.63,65.23525574013922,
13158.0,3021774.62,1117864.36,-9859.04,-9467.79,-9627.35,-9700.99,-9830.78,-9875.31,-9998.42,12147.64,59.93489121125291,
13159.0,3021774.7,1117863.36,-9859.07,-9467.81,-9627.36,-9701.0,-9830.8,-9875.32,-9998.44,12147.65,58.62357441512511,
13160.0,3021774.78,1117862.37,-9859.09,-9467.82,-9627.38,-9701.02,-9830.81,-9875.34,-9998.45,12147.66,,
13161.0,3021774.86,1117861.37,-9859.11,-9467.83,-9627.39,-9701.03,-9830.82,-9875.35,-9998.46,12147.67,,
13162.0,3021774.94,1117860.37,-9859.14,-9467.85,-9627.41,-9701.04,-9830.84,-9875.36,-9998.48,12147.68,60.37566996625386,
13163.0,3021775.01,1117859.38,-9859.16,-9467.86,-9627.42,-9701.06,-9830.85,-9875.38,-9998.49,12147.69,60.82746819012981,
13164.0,3021775.09,1117858.38,-9859.18,-9467.87,-9627.43,-9701.07,-9830.86,-9875.39,-9998.5,12147.7,,
13165.0,3021775.17,1117857.38,-9859.21,-9467.89,-9627.45,-9701.08,-9830.88,-9875.4,-9998.52,12147.71,60.49688412387911,
13166.0,3021775.25,1117856.39,-9859.23,-9467.9,-9627.46,-9701.1,-9830.89,-9875.42,-9998.53,12147.72,58.62357441512511,
13167.0,3021775.33,1117855.39,-9859.25,-9467.91,-9627.47,-9701.11,-9830.91,-9875.43,-9998.54,12147.73,,
13168.0,3021775.41,1117854.39,-9859.27,-9467.93,-9627.49,-9701.12,-9830.92,-9875.44,-9998.56,12147.740000000002,60.82746819012981,
13169.0,3021775.49,1117853.4,-9859.3,-9467.94,-9627.5,-9701.14,-9830.93,-9875.46,-9998.57,12147.75,,
13170.0,3021775.57,1117852.4,-9859.32,-9467.95,-9627.51,-9701.15,-9830.95,-9875.47,-9998.59,12147.75,,
13171.0,3021775.65,1117851.4,-9859.34,-9467.97,-9627.53,-9701.17,-9830.96,-9875.49,-9998.6,12147.76,61.60985048025648,
13172.0,3021775.72,1117850.41,-9859.37,-9467.98,-9627.54,-9701.18,-9830.97,-9875.5,-9998.61,12147.77,63.03136196513452,
13173.0,3021775.8,1117849.41,-9859.39,-9468.0,-9627.55,-9701.19,-9830.99,-9875.51,-9998.63,12147.78,57.10288771037186,
13174.0,3021775.88,1117848.41,-9859.42,-9468.01,-9627.57,-9701.21,-9831.0,-9875.53,-9998.64,12147.79,55.31773375261806,
13175.0,3021775.96,1117847.42,-9859.44,-9468.02,-9627.58,-9701.22,-9831.01,-9875.54,-9998.65,12147.8,,
13176.0,3021776.04,1117846.42,-9859.46,-9468.04,-9627.59,-9701.23,-9831.03,-9875.55,-9998.67,12147.81,,
13177.0,3021776.12,1117845.42,-9859.49,-9468.05,-9627.61,-9701.25,-9831.04,-9875.57,-9998.68,12147.820000000002,,
13178.0,3021776.2,1117844.43,-9859.51,-9468.06,-9627.62,-9701.26,-9831.05,-9875.58,-9998.69,12147.83,56.52987532887064,
13179.0,3021776.28,1117843.43,-9859.53,-9468.08,-9627.64,-9701.27,-9831.07,-9875.59,-9998.71,12147.84,63.03136196513452,
13180.0,3021776.36,1117842.43,-9859.56,-9468.09,-9627.65,-9701.29,-9831.08,-9875.61,-9998.72,12147.85,,
13181.0,3021776.44,1117841.44,-9859.58,-9468.1,-9627.66,-9701.3,-9831.1,-9875.62,-9998.73,12147.86,60.8715460656299,
13182.0,3021776.51,1117840.44,-9859.6,-9468.12,-9627.68,-9701.31,-9831.11,-9875.63,-9998.75,12147.87,58.62357441512511,
13183.0,3021776.59,1117839.44,-9859.63,-9468.13,-9627.69,-9701.33,-9831.12,-9875.65,-9998.76,12147.89,,
13184.0,3021776.67,1117838.45,-9859.65,-9468.14,-9627.7,-9701.34,-9831.14,-9875.66,-9998.77,12147.9,59.65940448937732,
13185.0,3021776.75,1117837.45,-9859.68,-9468.16,-9627.72,-9701.36,-9831.15,-9875.67,-9998.79,12147.91,60.82746819012981,
13186.0,3021776.83,1117836.45,-9859.7,-9468.17,-9627.73,-9701.37,-9831.16,-9875.69,-9998.8,12147.92,,
13187.0,3021776.91,1117835.46,-9859.72,-9468.19,-9627.74,-9701.38,-9831.18,-9875.7,-9998.82,12147.93,,
13188.0,3021776.99,1117834.46,-9859.75,-9468.2,-9627.76,-9701.4,-9831.19,-9875.72,-9998.83,12147.94,67.43914951514392,
13189.0,3021777.07,1117833.46,-9859.77,-9468.21,-9627.77,-9701.41,-9831.2,-9875.73,-9998.84,12147.95,,
13190.0,3021777.15,1117832.47,-9859.79,-9468.23,-9627.78,-9701.42,-9831.22,-9875.74,-9998.86,12147.96,63.03136196513452,
13191.0,3021777.23,1117831.47,-9859.82,-9468.24,-9627.8,-9701.44,-9831.23,-9875.76,-9998.87,12147.97,62.6016026790086,
13192.0,3021777.3,1117830.47,-9859.84,-9468.25,-9627.81,-9701.45,-9831.24,-9875.77,-9998.88,12147.98,60.82746819012981,
13193.0,3021777.38,1117829.48,-9859.87,-9468.27,-9627.82,-9701.46,-9831.26,-9875.78,-9998.9,12147.990000000002,,
13194.0,3021777.46,1117828.48,-9859.89,-9468.28,-9627.84,-9701.48,-9831.27,-9875.8,-9998.91,12148.0,63.03136196513452,
13195.0,3021777.54,1117827.48,-9859.91,-9468.29,-9627.85,-9701.49,-9831.28,-9875.81,-9998.92,12148.01,61.26824694513075,
13196.0,3021777.62,1117826.49,-9859.94,-9468.31,-9627.87,-9701.5,-9831.3,-9875.82,-9998.94,12148.02,61.466597384881176,
13197.0,3021777.7,1117825.49,-9859.96,-9468.32,-9627.88,-9701.52,-9831.31,-9875.84,-9998.95,12148.03,65.23525574013922,
13198.0,3021777.78,1117824.49,-9859.99,-9468.33,-9627.89,-9701.53,-9831.33,-9875.85,-9998.96,12148.04,,
13199.0,3021777.86,1117823.5,-9860.01,-9468.35,-9627.91,-9701.54,-9831.34,-9875.86,-9998.98,12148.05,62.46936905250831,
13200.0,3021777.94,1117822.5,-9860.03,-9468.36,-9627.92,-9701.56,-9831.35,-9875.88,-9998.99,12148.06,60.82746819012981,
13201.0,3021778.02,1117821.5,-9860.06,-9468.37,-9627.93,-9701.57,-9831.37,-9875.89,-9999.01,12148.070000000002,,
13202.0,3021778.1,1117820.51,-9860.08,-9468.39,-9627.95,-9701.59,-9831.38,-9875.91,-9999.02,12148.08,61.29028588288081,
13203.0,3021778.18,1117819.51,-9860.11,-9468.4,-9627.96,-9701.6,-9831.39,-9875.92,-9999.03,12148.09,63.03136196513452,
13204.0,3021778.25,1117818.52,-9860.13,-9468.42,-9627.97,-9701.61,-9831.41,-9875.93,-9999.05,12148.11,,
13205.0,3021778.33,1117817.52,-9860.16,-9468.43,-9627.99,-9701.63,-9831.42,-9875.95,-9999.06,12148.12,,
13206.0,3021778.41,1117816.52,-9860.18,-9468.44,-9628.0,-9701.64,-9831.43,-9875.96,-9999.07,12148.13,,
13207.0,3021778.49,1117815.53,-9860.2,-9468.46,-9628.01,-9701.65,-9831.45,-9875.97,-9999.09,12148.14,,
13208.0,3021778.57,1117814.53,-9860.23,-9468.47,-9628.03,-9701.67,-9831.46,-9875.99,-9999.1,12148.15,62.06164870413244,
13209.0,3021778.65,1117813.53,-9860.25,-9468.48,-9628.04,-9701.68,-9831.47,-9876.0,-9999.11,12148.16,58.62357441512511,
13210.0,3021778.73,1117812.54,-9860.28,-9468.5,-9628.05,-9701.69,-9831.49,-9876.01,-9999.13,12148.17,,
13211.0,3021778.81,1117811.54,-9860.3,-9468.51,-9628.07,-9701.71,-9831.5,-9876.03,-9999.14,12148.18,,
13212.0,3021778.89,1117810.54,-9860.33,-9468.52,-9628.08,-9701.72,-9831.51,-9876.04,-9999.15,12148.19,,
13213.0,3021778.97,1117809.55,-9860.35,-9468.54,-9628.1,-9701.73,-9831.53,-9876.05,-9999.17,12148.2,,
13214.0,3021779.05,1117808.55,-9860.38,-9468.55,-9628.11,-9701.75,-9831.54,-9876.07,-9999.18,12148.21,,
13215.0,3021779.13,1117807.55,-9860.4,-9468.56,-9628.12,-9701.76,-9831.56,-9876.08,-9999.19,12148.23,,
13216.0,3021779.21,1117806.56,-9860.43,-9468.58,-9628.14,-9701.77,-9831.57,-9876.09,-9999.21,12148.240000000002,55.31773375261806,
13217.0,3021779.28,1117805.56,-9860.45,-9468.59,-9628.15,-9701.79,-9831.58,-9876.11,-9999.22,12148.25,55.97890188511946,
13218.0,3021779.36,1117804.56,-9860.47,-9468.6,-9628.16,-9701.8,-9831.6,-9876.12,-9999.24,12148.26,58.62357441512511,
13219.0,3021779.44,1117803.57,-9860.5,-9468.62,-9628.18,-9701.82,-9831.61,-9876.14,-9999.25,12148.27,,
13220.0,3021779.52,1117802.57,-9860.52,-9468.63,-9628.19,-9701.83,-9831.62,-9876.15,-9999.26,12148.28,53.11383997761335,
13221.0,3021779.6,1117801.57,-9860.55,-9468.65,-9628.2,-9701.84,-9831.64,-9876.16,-9999.28,12148.29,54.39209836711608,
13222.0,3021779.68,1117800.58,-9860.57,-9468.66,-9628.22,-9701.86,-9831.65,-9876.18,-9999.29,12148.3,60.82746819012981,
13223.0,3021779.76,1117799.58,-9860.6,-9468.67,-9628.23,-9701.87,-9831.66,-9876.19,-9999.3,12148.31,,
13224.0,3021779.84,1117798.58,-9860.62,-9468.69,-9628.24,-9701.88,-9831.68,-9876.2,-9999.32,12148.33,,
13225.0,3021779.92,1117797.59,-9860.65,-9468.7,-9628.26,-9701.9,-9831.69,-9876.22,-9999.33,12148.34,53.11383997761335,
13226.0,3021780.0,1117796.59,-9860.67,-9468.71,-9628.27,-9701.91,-9831.7,-9876.23,-9999.34,12148.35,54.14967005186556,
13227.0,3021780.08,1117795.59,-9860.7,-9468.73,-9628.29,-9701.92,-9831.72,-9876.24,-9999.36,12148.36,55.31773375261806,
13228.0,3021780.16,1117794.6,-9860.72,-9468.74,-9628.3,-9701.94,-9831.73,-9876.26,-9999.37,12148.37,,
13229.0,3021780.24,1117793.6,-9860.75,-9468.75,-9628.31,-9701.95,-9831.74,-9876.27,-9999.38,12148.38,,
13230.0,3021780.32,1117792.6,-9860.77,-9468.77,-9628.33,-9701.96,-9831.76,-9876.28,-9999.4,12148.39,,
13231.0,3021780.4,1117791.61,-9860.8,-9468.78,-9628.34,-9701.98,-9831.77,-9876.3,-9999.41,12148.41,,
13232.0,3021780.48,1117790.61,-9860.82,-9468.79,-9628.35,-9701.99,-9831.79,-9876.31,-9999.42,12148.42,,
13233.0,3021780.56,1117789.62,-9860.85,-9468.81,-9628.37,-9702.01,-9831.8,-9876.32,-9999.44,12148.43,,
13234.0,3021780.63,1117788.62,-9860.87,-9468.82,-9628.38,-9702.02,-9831.81,-9876.34,-9999.45,12148.44,,
13235.0,3021780.71,1117787.62,-9860.9,-9468.84,-9628.39,-9702.03,-9831.83,-9876.35,-9999.47,12148.45,58.62357441512511,
13236.0,3021780.79,1117786.63,-9860.92,-9468.85,-9628.41,-9702.05,-9831.84,-9876.37,-9999.48,12148.46,,
13237.0,3021780.87,1117785.63,-9860.95,-9468.86,-9628.42,-9702.06,-9831.85,-9876.38,-9999.49,12148.47,,
13238.0,3021780.95,1117784.63,-9860.97,-9468.88,-9628.43,-9702.07,-9831.87,-9876.39,-9999.51,12148.490000000002,,
13239.0,3021781.03,1117783.64,-9861.0,-9468.89,-9628.45,-9702.09,-9831.88,-9876.41,-9999.52,12148.5,,
13240.0,3021781.11,1117782.64,-9861.02,-9468.9,-9628.46,-9702.1,-9831.89,-9876.42,-9999.53,12148.51,55.95686294736942,
13241.0,3021781.18,1117781.64,-9861.05,-9468.92,-9628.47,-9702.11,-9831.91,-9876.43,-9999.55,12148.52,55.31773375261806,
13242.0,3021781.26,1117780.65,-9861.07,-9468.93,-9628.49,-9702.13,-9831.92,-9876.45,-9999.56,12148.53,,
13243.0,3021781.34,1117779.65,-9861.1,-9468.94,-9628.5,-9702.14,-9831.93,-9876.46,-9999.57,12148.54,,
13244.0,3021781.41,1117778.65,-9861.12,-9468.96,-9628.52,-9702.15,-9831.95,-9876.47,-9999.59,12148.56,,
13245.0,3021781.49,1117777.66,-9861.15,-9468.97,-9628.53,-9702.17,-9831.96,-9876.49,-9999.6,12148.570000000002,53.422385106114014,
13246.0,3021781.56,1117776.66,-9861.18,-9468.98,-9628.54,-9702.18,-9831.98,-9876.5,-9999.61,12148.58,53.44442404386406,
13247.0,3021781.64,1117775.66,-9861.2,-9469.0,-9628.56,-9702.19,-9831.99,-9876.51,-9999.63,12148.59,53.11383997761335,
13248.0,3021781.71,1117774.67,-9861.23,-9469.01,-9628.57,-9702.21,-9832.0,-9876.53,-9999.64,12148.6,,
13249.0,3021781.79,1117773.67,-9861.25,-9469.02,-9628.58,-9702.22,-9832.02,-9876.54,-9999.65,12148.61,53.57665767036435,
13250.0,3021781.86,1117772.67,-9861.28,-9469.04,-9628.6,-9702.24,-9832.03,-9876.56,-9999.67,12148.63,52.73917803586255,
13251.0,3021781.94,1117771.67,-9861.3,-9469.05,-9628.61,-9702.25,-9832.04,-9876.57,-9999.68,12148.64,51.4499001774848,
13252.0,3021782.01,1117770.68,-9861.33,-9469.07,-9628.62,-9702.26,-9832.06,-9876.58,-9999.7,12148.65,53.11383997761335,
13253.0,3021782.08,1117769.68,-9861.35,-9469.08,-9628.64,-9702.28,-9832.07,-9876.6,-9999.71,12148.66,52.75019750473758,
13254.0,3021782.16,1117768.68,-9861.38,-9469.09,-9628.65,-9702.29,-9832.08,-9876.61,-9999.72,12148.67,51.394802833109686,
13255.0,3021782.23,1117767.69,-9861.4,-9469.11,-9628.66,-9702.3,-9832.1,-9876.62,-9999.74,12148.68,53.11383997761335,
13256.0,3021782.3,1117766.69,-9861.43,-9469.12,-9628.68,-9702.32,-9832.11,-9876.64,-9999.75,12148.7,,
13257.0,3021782.37,1117765.69,-9861.45,-9469.13,-9628.69,-9702.33,-9832.12,-9876.65,-9999.76,12148.71,,
13258.0,3021782.45,1117764.69,-9861.48,-9469.15,-9628.7,-9702.34,-9832.14,-9876.66,-9999.78,12148.72,51.51601699073494,
13259.0,3021782.52,1117763.7,-9861.5,-9469.16,-9628.72,-9702.36,-9832.15,-9876.68,-9999.79,12148.73,55.31773375261806,
13260.0,3021782.59,1117762.7,-9861.53,-9469.17,-9628.73,-9702.37,-9832.16,-9876.69,-9999.8,12148.740000000002,53.11383997761335,
13261.0,3021782.66,1117761.7,-9861.55,-9469.19,-9628.75,-9702.38,-9832.18,-9876.7,-9999.82,12148.75,,
13262.0,3021782.73,1117760.71,-9861.58,-9469.2,-9628.76,-9702.4,-9832.19,-9876.72,-9999.83,12148.76,,
13263.0,3021782.8,1117759.71,-9861.6,-9469.21,-9628.77,-9702.41,-9832.21,-9876.73,-9999.84,12148.78,51.229510799984325,
13264.0,3021782.87,1117758.71,-9861.63,-9469.23,-9628.79,-9702.42,-9832.22,-9876.74,-9999.86,12148.79,48.70605242760395,
13265.0,3021782.94,1117757.71,-9861.65,-9469.24,-9628.8,-9702.44,-9832.23,-9876.76,-9999.87,12148.8,51.923737339110815,
13266.0,3021783.01,1117756.72,-9861.68,-9469.25,-9628.81,-9702.45,-9832.25,-9876.77,-9999.89,12148.81,52.55184706498715,
13267.0,3021783.08,1117755.72,-9861.7,-9469.27,-9628.83,-9702.47,-9832.26,-9876.79,-9999.9,12148.820000000002,54.37005942936604,
13268.0,3021783.14,1117754.72,-9861.73,-9469.28,-9628.84,-9702.48,-9832.27,-9876.8,-9999.91,12148.83,55.31773375261806,
13269.0,3021783.21,1117753.73,-9861.75,-9469.3,-9628.85,-9702.49,-9832.29,-9876.81,-9999.93,12148.85,54.138650582990536,
13270.0,3021783.28,1117752.73,-9861.78,-9469.31,-9628.87,-9702.51,-9832.3,-9876.83,-9999.94,12148.86,53.11383997761335,
13271.0,3021783.35,1117751.73,-9861.8,-9469.32,-9628.88,-9702.52,-9832.31,-9876.84,-9999.95,12148.87,54.976130217492326,
13272.0,3021783.41,1117750.73,-9861.83,-9469.34,-9628.89,-9702.53,-9832.33,-9876.85,-9999.97,12148.88,55.31773375261806,
13273.0,3021783.48,1117749.74,-9861.85,-9469.35,-9628.91,-9702.55,-9832.34,-9876.87,-9999.98,12148.89,53.59869660811439,
13274.0,3021783.55,1117748.74,-9861.88,-9469.36,-9628.92,-9702.56,-9832.35,-9876.88,-9999.99,12148.9,59.61532661387722,
13275.0,3021783.61,1117747.74,-9861.9,-9469.38,-9628.94,-9702.57,-9832.37,-9876.89,-10000.01,12148.92,53.11383997761335,
13276.0,3021783.68,1117746.74,-9861.93,-9469.39,-9628.95,-9702.59,-9832.38,-9876.91,-10000.02,12148.93,,
13277.0,3021783.74,1117745.75,-9861.95,-9469.4,-9628.96,-9702.6,-9832.39,-9876.92,-10000.03,12148.94,54.93205234199223,
13278.0,3021783.81,1117744.75,-9861.98,-9469.42,-9628.98,-9702.61,-9832.41,-9876.93,-10000.05,12148.95,55.31773375261806,
13279.0,3021783.87,1117743.75,-9862.0,-9469.43,-9628.99,-9702.63,-9832.42,-9876.95,-10000.06,12148.96,52.78325591136265,
13280.0,3021783.94,1117742.75,-9862.03,-9469.44,-9629.0,-9702.64,-9832.44,-9876.96,-10000.07,12148.97,50.90994620260865,
13281.0,3021784.0,1117741.75,-9862.05,-9469.46,-9629.02,-9702.66,-9832.45,-9876.97,-10000.09,12148.98,52.8052948491127,
13282.0,3021784.07,1117740.76,-9862.08,-9469.47,-9629.03,-9702.67,-9832.46,-9876.99,-10000.1,12149.0,53.11383997761335,
13283.0,3021784.13,1117739.76,-9862.1,-9469.48,-9629.04,-9702.68,-9832.48,-9877.0,-10000.12,12149.01,,
13284.0,3021784.19,1117738.76,-9862.13,-9469.5,-9629.06,-9702.7,-9832.49,-9877.02,-10000.13,12149.02,,
13285.0,3021784.25,1117737.76,-9862.16,-9469.51,-9629.07,-9702.71,-9832.5,-9877.03,-10000.14,12149.03,53.422385106114014,
13286.0,3021784.32,1117736.77,-9862.18,-9469.53,-9629.08,-9702.72,-9832.52,-9877.04,-10000.16,12149.04,54.85491605986707,
13287.0,3021784.38,1117735.77,-9862.21,-9469.54,-9629.1,-9702.74,-9832.53,-9877.06,-10000.17,12149.05,53.11383997761335,
13288.0,3021784.44,1117734.77,-9862.23,-9469.55,-9629.11,-9702.75,-9832.54,-9877.07,-10000.18,12149.070000000002,,
13289.0,3021784.5,1117733.77,-9862.26,-9469.57,-9629.12,-9702.76,-9832.56,-9877.08,-10000.2,12149.08,53.565638201489314,
13290.0,3021784.56,1117732.78,-9862.28,-9469.58,-9629.14,-9702.78,-9832.57,-9877.1,-10000.21,12149.09,54.51331252474134,
13291.0,3021784.62,1117731.78,-9862.31,-9469.59,-9629.15,-9702.79,-9832.58,-9877.11,-10000.22,12149.1,53.11383997761335,
13292.0,3021784.68,1117730.78,-9862.33,-9469.61,-9629.17,-9702.8,-9832.6,-9877.12,-10000.24,12149.11,,
13293.0,3021784.74,1117729.78,-9862.36,-9469.62,-9629.18,-9702.82,-9832.61,-9877.14,-10000.25,12149.12,52.64000281598734,
13294.0,3021784.8,1117728.78,-9862.38,-9469.63,-9629.19,-9702.83,-9832.63,-9877.15,-10000.26,12149.14,50.90994620260865,
13295.0,3021784.86,1117727.79,-9862.41,-9469.65,-9629.21,-9702.84,-9832.64,-9877.16,-10000.28,12149.15,,
13296.0,3021784.92,1117726.79,-9862.43,-9469.66,-9629.22,-9702.86,-9832.65,-9877.18,-10000.29,12149.16,53.11383997761335,
13297.0,3021784.98,1117725.79,-9862.46,-9469.67,-9629.23,-9702.87,-9832.67,-9877.19,-10000.3,12149.17,53.852144392239936,
13298.0,3021785.04,1117724.79,-9862.48,-9469.69,-9629.25,-9702.89,-9832.68,-9877.21,-10000.32,12149.18,54.88797446649214,
13299.0,3021785.1,1117723.79,-9862.51,-9469.7,-9629.26,-9702.9,-9832.69,-9877.22,-10000.33,12149.19,54.954091279742286,
13300.0,3021785.15,1117722.8,-9862.53,-9469.72,-9629.27,-9702.91,-9832.71,-9877.23,-10000.35,12149.21,58.62357441512511,
13301.0,3021785.21,1117721.8,-9862.56,-9469.73,-9629.29,-9702.93,-9832.72,-9877.25,-10000.36,12149.22,52.7612169736126,
13302.0,3021785.27,1117720.8,-9862.58,-9469.74,-9629.3,-9702.94,-9832.73,-9877.26,-10000.37,12149.23,53.57665767036435,
13303.0,3021785.32,1117719.8,-9862.61,-9469.76,-9629.31,-9702.95,-9832.75,-9877.27,-10000.39,12149.240000000002,57.44449124549759,
13304.0,3021785.38,1117718.8,-9862.63,-9469.77,-9629.33,-9702.97,-9832.76,-9877.29,-10000.4,12149.25,53.11383997761335,
13305.0,3021785.44,1117717.81,-9862.66,-9469.78,-9629.34,-9702.98,-9832.77,-9877.3,-10000.41,12149.26,57.83017265612342,
13306.0,3021785.49,1117716.81,-9862.68,-9469.8,-9629.35,-9702.99,-9832.79,-9877.31,-10000.43,12149.27,53.11383997761335,
13307.0,3021785.55,1117715.81,-9862.71,-9469.81,-9629.37,-9703.01,-9832.8,-9877.33,-10000.44,12149.29,,
13308.0,3021785.6,1117714.81,-9862.73,-9469.82,-9629.38,-9703.02,-9832.81,-9877.34,-10000.45,12149.3,58.62357441512511,
13309.0,3021785.66,1117713.81,-9862.76,-9469.84,-9629.4,-9703.03,-9832.83,-9877.35,-10000.47,12149.31,,
13310.0,3021785.71,1117712.81,-9862.78,-9469.85,-9629.41,-9703.05,-9832.84,-9877.37,-10000.48,12149.320000000002,,
13311.0,3021785.77,1117711.82,-9862.81,-9469.86,-9629.42,-9703.06,-9832.86,-9877.38,-10000.49,12149.33,55.31773375261806,
13312.0,3021785.82,1117710.82,-9862.83,-9469.88,-9629.44,-9703.07,-9832.87,-9877.39,-10000.51,12149.34,60.82746819012981,
13313.0,3021785.87,1117709.82,-9862.86,-9469.89,-9629.45,-9703.09,-9832.88,-9877.41,-10000.52,12149.36,54.788799246616925,
13314.0,3021785.93,1117708.82,-9862.88,-9469.9,-9629.46,-9703.1,-9832.9,-9877.42,-10000.54,12149.37,51.24053026885935,
13315.0,3021785.98,1117707.82,-9862.91,-9469.92,-9629.48,-9703.12,-9832.91,-9877.44,-10000.55,12149.38,55.31773375261806,
13316.0,3021786.03,1117706.83,-9862.93,-9469.93,-9629.49,-9703.13,-9832.92,-9877.45,-10000.56,12149.39,58.62357441512511,
13317.0,3021786.08,1117705.83,-9862.96,-9469.95,-9629.5,-9703.14,-9832.94,-9877.46,-10000.58,12149.4,60.364650497378825,
13318.0,3021786.13,1117704.83,-9862.98,-9469.96,-9629.52,-9703.16,-9832.95,-9877.48,-10000.59,12149.41,58.98721688800089,
13319.0,3021786.19,1117703.83,-9863.01,-9469.97,-9629.53,-9703.17,-9832.96,-9877.49,-10000.6,12149.43,60.82746819012981,
13320.0,3021786.24,1117702.83,-9863.03,-9469.99,-9629.54,-9703.18,-9832.98,-9877.5,-10000.62,12149.44,,
13321.0,3021786.29,1117701.83,-9863.06,-9470.0,-9629.56,-9703.2,-9832.99,-9877.52,-10000.63,12149.45,57.00371249049666,
13322.0,3021786.34,1117700.83,-9863.09,-9470.01,-9629.57,-9703.21,-9833.0,-9877.53,-10000.64,12149.46,53.11383997761335,
13323.0,3021786.39,1117699.84,-9863.11,-9470.03,-9629.58,-9703.22,-9833.02,-9877.54,-10000.66,12149.47,57.42245230774755,
13324.0,3021786.44,1117698.84,-9863.14,-9470.04,-9629.6,-9703.24,-9833.03,-9877.56,-10000.67,12149.48,53.92928067436509,
13325.0,3021786.49,1117697.84,-9863.16,-9470.05,-9629.61,-9703.25,-9833.04,-9877.57,-10000.68,12149.5,54.27088420949082,
13326.0,3021786.54,1117696.84,-9863.19,-9470.07,-9629.63,-9703.26,-9833.06,-9877.58,-10000.7,12149.51,58.40318503762464,
13327.0,3021786.58,1117695.84,-9863.21,-9470.08,-9629.64,-9703.28,-9833.07,-9877.6,-10000.71,12149.52,60.30955315300371,
13328.0,3021786.63,1117694.84,-9863.24,-9470.09,-9629.65,-9703.29,-9833.09,-9877.61,-10000.72,12149.53,60.33159209075376,
13329.0,3021786.68,1117693.85,-9863.26,-9470.11,-9629.67,-9703.3,-9833.1,-9877.62,-10000.74,12149.54,58.84396379262559,
13330.0,3021786.73,1117692.85,-9863.29,-9470.12,-9629.68,-9703.32,-9833.11,-9877.64,-10000.75,12149.55,55.31773375261806,
13331.0,3021786.78,1117691.85,-9863.31,-9470.13,-9629.69,-9703.33,-9833.13,-9877.65,-10000.77,12149.56,52.52980812723711,
13332.0,3021786.82,1117690.85,-9863.34,-9470.15,-9629.71,-9703.35,-9833.14,-9877.67,-10000.78,12149.58,56.93759567724651,
13333.0,3021786.87,1117689.85,-9863.36,-9470.16,-9629.72,-9703.36,-9833.15,-9877.68,-10000.79,12149.59,57.77507531174829,
13334.0,3021786.92,1117688.85,-9863.39,-9470.18,-9629.73,-9703.37,-9833.17,-9877.69,-10000.81,12149.6,54.21578686511571,
13335.0,3021786.97,1117687.85,-9863.41,-9470.19,-9629.75,-9703.39,-9833.18,-9877.71,-10000.82,12149.61,57.48856912099769,
13336.0,3021787.02,1117686.86,-9863.44,-9470.2,-9629.76,-9703.4,-9833.19,-9877.72,-10000.83,12149.62,55.75851250761899,
13337.0,3021787.07,1117685.86,-9863.46,-9470.22,-9629.77,-9703.41,-9833.21,-9877.73,-10000.85,12149.63,52.14412671661128,
13338.0,3021787.12,1117684.86,-9863.49,-9470.23,-9629.79,-9703.43,-9833.22,-9877.75,-10000.86,12149.64,58.62357441512511,
13339.0,3021787.17,1117683.86,-9863.51,-9470.24,-9629.8,-9703.44,-9833.23,-9877.76,-10000.87,12149.66,55.31773375261806,
13340.0,3021787.22,1117682.86,-9863.54,-9470.26,-9629.82,-9703.45,-9833.25,-9877.77,-10000.89,12149.67,,
13341.0,3021787.27,1117681.86,-9863.56,-9470.27,-9629.83,-9703.47,-9833.26,-9877.79,-10000.9,12149.68,,
13342.0,3021787.32,1117680.87,-9863.59,-9470.28,-9629.84,-9703.48,-9833.27,-9877.8,-10000.91,12149.69,53.11383997761335,
13343.0,3021787.38,1117679.87,-9863.61,-9470.3,-9629.86,-9703.49,-9833.29,-9877.81,-10000.93,12149.7,53.874183329989975,
13344.0,3021787.43,1117678.87,-9863.64,-9470.31,-9629.87,-9703.51,-9833.3,-9877.83,-10000.94,12149.71,57.88527000049854,
13345.0,3021787.48,1117677.87,-9863.66,-9470.32,-9629.88,-9703.52,-9833.32,-9877.84,-10000.95,12149.72,53.96233908099016,
13346.0,3021787.53,1117676.87,-9863.68,-9470.34,-9629.9,-9703.54,-9833.33,-9877.85,-10000.97,12149.73,55.31773375261806,
13347.0,3021787.58,1117675.87,-9863.71,-9470.35,-9629.91,-9703.55,-9833.34,-9877.87,-10000.98,12149.75,57.45551071437262,
13348.0,3021787.64,1117674.88,-9863.73,-9470.36,-9629.92,-9703.56,-9833.36,-9877.88,-10001.0,12149.76,54.039475363115336,
13349.0,3021787.69,1117673.88,-9863.76,-9470.38,-9629.94,-9703.58,-9833.37,-9877.9,-10001.01,12149.77,58.62357441512511,
13350.0,3021787.74,1117672.88,-9863.78,-9470.39,-9629.95,-9703.59,-9833.38,-9877.91,-10001.02,12149.78,60.82746819012981,
13351.0,3021787.8,1117671.88,-9863.81,-9470.41,-9629.96,-9703.6,-9833.4,-9877.92,-10001.04,12149.79,,
13352.0,3021787.85,1117670.88,-9863.83,-9470.42,-9629.98,-9703.62,-9833.41,-9877.94,-10001.05,12149.8,,
13353.0,3021787.9,1117669.88,-9863.86,-9470.43,-9629.99,-9703.63,-9833.42,-9877.95,-10001.06,12149.81,,
13354.0,3021787.96,1117668.89,-9863.88,-9470.45,-9630.0,-9703.64,-9833.44,-9877.96,-10001.08,12149.820000000002,,
13355.0,3021788.01,1117667.89,-9863.91,-9470.46,-9630.02,-9703.66,-9833.45,-9877.98,-10001.09,12149.83,,
13356.0,3021788.07,1117666.89,-9863.93,-9470.47,-9630.03,-9703.67,-9833.46,-9877.99,-10001.1,12149.85,,
13357.0,3021788.12,1117665.89,-9863.96,-9470.49,-9630.05,-9703.68,-9833.48,-9878.0,-10001.12,12149.86,54.39209836711608,
13358.0,3021788.18,1117664.89,-9863.98,-9470.5,-9630.06,-9703.7,-9833.49,-9878.02,-10001.13,12149.87,56.70618683087101,
13359.0,3021788.23,1117663.9,-9864.0,-9470.51,-9630.07,-9703.71,-9833.51,-9878.03,-10001.14,12149.88,60.82746819012981,
13360.0,3021788.29,1117662.9,-9864.03,-9470.53,-9630.09,-9703.72,-9833.52,-9878.04,-10001.16,12149.89,64.14432832151189,
13361.0,3021788.35,1117661.9,-9864.05,-9470.54,-9630.1,-9703.74,-9833.53,-9878.06,-10001.17,12149.9,64.79447698513827,
13362.0,3021788.4,1117660.9,-9864.08,-9470.55,-9630.11,-9703.75,-9833.55,-9878.07,-10001.18,12149.91,63.03136196513452,
13363.0,3021788.46,1117659.9,-9864.1,-9470.57,-9630.13,-9703.77,-9833.56,-9878.09,-10001.2,12149.92,,
13364.0,3021788.52,1117658.9,-9864.13,-9470.58,-9630.14,-9703.78,-9833.57,-9878.1,-10001.21,12149.93,,
13365.0,3021788.57,1117657.91,-9864.15,-9470.6,-9630.15,-9703.79,-9833.59,-9878.11,-10001.23,12149.94,62.67873896113376,
13366.0,3021788.63,1117656.91,-9864.17,-9470.61,-9630.17,-9703.81,-9833.6,-9878.13,-10001.24,12149.95,60.82746819012981,
13367.0,3021788.69,1117655.91,-9864.2,-9470.62,-9630.18,-9703.82,-9833.61,-9878.14,-10001.25,12149.96,61.6649478246316,
13368.0,3021788.75,1117654.91,-9864.22,-9470.64,-9630.19,-9703.83,-9833.63,-9878.15,-10001.27,12149.97,63.03136196513452,
13369.0,3021788.8,1117653.91,-9864.25,-9470.65,-9630.21,-9703.85,-9833.64,-9878.17,-10001.28,12149.990000000002,61.13601331863048,
13370.0,3021788.86,1117652.92,-9864.27,-9470.66,-9630.22,-9703.86,-9833.65,-9878.18,-10001.29,12150.0,60.82746819012981,
13371.0,3021788.92,1117651.92,-9864.3,-9470.68,-9630.23,-9703.87,-9833.67,-9878.19,-10001.31,12150.01,61.31232482063085,
13372.0,3021788.98,1117650.92,-9864.32,-9470.69,-9630.25,-9703.89,-9833.68,-9878.21,-10001.32,12150.02,63.03136196513452,
13373.0,3021789.04,1117649.92,-9864.34,-9470.7,-9630.26,-9703.9,-9833.69,-9878.22,-10001.33,12150.03,,
13374.0,3021789.1,1117648.92,-9864.37,-9470.72,-9630.28,-9703.91,-9833.71,-9878.23,-10001.35,12150.04,,
13375.0,3021789.16,1117647.93,-9864.39,-9470.73,-9630.29,-9703.93,-9833.72,-9878.25,-10001.36,12150.05,60.82746819012981,
13376.0,3021789.22,1117646.93,-9864.42,-9470.74,-9630.3,-9703.94,-9833.74,-9878.26,-10001.37,12150.06,,
13377.0,3021789.28,1117645.93,-9864.44,-9470.76,-9630.32,-9703.95,-9833.75,-9878.27,-10001.39,12150.070000000002,,
13378.0,3021789.34,1117644.93,-9864.46,-9470.77,-9630.33,-9703.97,-9833.76,-9878.29,-10001.4,12150.08,,
13379.0,3021789.4,1117643.94,-9864.49,-9470.78,-9630.34,-9703.98,-9833.78,-9878.3,-10001.42,12150.09,,
13380.0,3021789.46,1117642.94,-9864.51,-9470.8,-9630.36,-9704.0,-9833.79,-9878.32,-10001.43,12150.1,62.42529117700823,
13381.0,3021789.52,1117641.94,-9864.54,-9470.81,-9630.37,-9704.01,-9833.8,-9878.33,-10001.44,12150.11,65.23525574013922,
13382.0,3021789.59,1117640.94,-9864.56,-9470.83,-9630.38,-9704.02,-9833.82,-9878.34,-10001.46,12150.12,58.62357441512511,
13383.0,3021789.65,1117639.94,-9864.58,-9470.84,-9630.4,-9704.04,-9833.83,-9878.36,-10001.47,12150.13,62.86606993200916,
13384.0,3021789.71,1117638.95,-9864.61,-9470.85,-9630.41,-9704.05,-9833.84,-9878.37,-10001.48,12150.14,65.23525574013922,
13385.0,3021789.77,1117637.95,-9864.63,-9470.87,-9630.42,-9704.06,-9833.86,-9878.38,-10001.5,12150.15,,
13386.0,3021789.83,1117636.95,-9864.65,-9470.88,-9630.44,-9704.08,-9833.87,-9878.4,-10001.51,12150.16,60.82746819012981,
13387.0,3021789.9,1117635.95,-9864.68,-9470.89,-9630.45,-9704.09,-9833.88,-9878.41,-10001.52,12150.17,,
13388.0,3021789.96,1117634.96,-9864.7,-9470.91,-9630.46,-9704.1,-9833.9,-9878.42,-10001.54,12150.18,65.23525574013922,
13389.0,3021790.02,1117633.96,-9864.73,-9470.92,-9630.48,-9704.12,-9833.91,-9878.44,-10001.55,12150.19,,
13390.0,3021790.09,1117632.96,-9864.75,-9470.93,-9630.49,-9704.13,-9833.92,-9878.45,-10001.56,12150.2,,
13391.0,3021790.15,1117631.96,-9864.77,-9470.95,-9630.51,-9704.14,-9833.94,-9878.46,-10001.58,12150.21,60.82746819012981,
13392.0,3021790.22,1117630.96,-9864.8,-9470.96,-9630.52,-9704.16,-9833.95,-9878.48,-10001.59,12150.22,,
13393.0,3021790.28,1117629.97,-9864.82,-9470.97,-9630.53,-9704.17,-9833.97,-9878.49,-10001.6,12150.23,59.46105404962689,
13394.0,3021790.35,1117628.97,-9864.84,-9470.99,-9630.55,-9704.18,-9833.98,-9878.5,-10001.62,12150.240000000002,58.62357441512511,
13395.0,3021790.41,1117627.97,-9864.87,-9471.0,-9630.56,-9704.2,-9833.99,-9878.52,-10001.63,12150.25,60.30955315300371,
13396.0,3021790.48,1117626.97,-9864.89,-9471.01,-9630.57,-9704.21,-9834.01,-9878.53,-10001.65,12150.26,60.82746819012981,
13397.0,3021790.54,1117625.98,-9864.91,-9471.03,-9630.59,-9704.23,-9834.02,-9878.55,-10001.66,12150.27,,
13398.0,3021790.61,1117624.98,-9864.94,-9471.04,-9630.6,-9704.24,-9834.03,-9878.56,-10001.67,12150.28,,
13399.0,3021790.67,1117623.98,-9864.96,-9471.06,-9630.61,-9704.25,-9834.05,-9878.57,-10001.69,12150.29,,
13400.0,3021790.74,1117622.98,-9864.98,-9471.07,-9630.63,-9704.27,-9834.06,-9878.59,-10001.7,12150.3,,
13401.0,3021790.81,1117621.99,-9865.01,-9471.08,-9630.64,-9704.28,-9834.07,-9878.6,-10001.71,12150.31,62.01757082863236,
13402.0,3021790.88,1117620.99,-9865.03,-9471.1,-9630.65,-9704.29,-9834.09,-9878.61,-10001.73,12150.320000000002,63.03136196513452,
13403.0,3021790.94,1117619.99,-9865.05,-9471.11,-9630.67,-9704.31,-9834.1,-9878.63,-10001.74,12150.33,61.36742216500596,
13404.0,3021791.01,1117618.99,-9865.08,-9471.12,-9630.68,-9704.32,-9834.11,-9878.64,-10001.75,12150.34,60.82746819012981,
13405.0,3021791.08,1117618.0,-9865.1,-9471.14,-9630.7,-9704.33,-9834.13,-9878.65,-10001.77,12150.35,,
13406.0,3021791.15,1117617.0,-9865.12,-9471.15,-9630.71,-9704.35,-9834.14,-9878.67,-10001.78,12150.36,61.77514251338184,
13407.0,3021791.21,1117616.0,-9865.15,-9471.16,-9630.72,-9704.36,-9834.15,-9878.68,-10001.79,12150.37,63.03136196513452,
13408.0,3021791.28,1117615.0,-9865.17,-9471.18,-9630.74,-9704.37,-9834.17,-9878.69,-10001.81,12150.38,,
13409.0,3021791.35,1117614.01,-9865.19,-9471.19,-9630.75,-9704.39,-9834.18,-9878.71,-10001.82,12150.39,60.82746819012981,
13410.0,3021791.42,1117613.01,-9865.22,-9471.2,-9630.76,-9704.4,-9834.2,-9878.72,-10001.83,12150.4,62.57956374125856,
13411.0,3021791.49,1117612.01,-9865.24,-9471.22,-9630.78,-9704.42,-9834.21,-9878.73,-10001.85,12150.41,62.568544272383534,
13412.0,3021791.56,1117611.01,-9865.26,-9471.23,-9630.79,-9704.43,-9834.22,-9878.75,-10001.86,12150.42,60.82746819012981,
13413.0,3021791.63,1117610.02,-9865.29,-9471.25,-9630.8,-9704.44,-9834.24,-9878.76,-10001.88,12150.43,,
13414.0,3021791.7,1117609.02,-9865.31,-9471.26,-9630.82,-9704.46,-9834.25,-9878.78,-10001.89,12150.44,63.03136196513452,
13415.0,3021791.77,1117608.02,-9865.33,-9471.27,-9630.83,-9704.47,-9834.26,-9878.79,-10001.9,12150.45,,
13416.0,3021791.84,1117607.03,-9865.36,-9471.29,-9630.84,-9704.48,-9834.28,-9878.8,-10001.92,12150.46,61.81922038888192,
13417.0,3021791.91,1117606.03,-9865.38,-9471.3,-9630.86,-9704.5,-9834.29,-9878.82,-10001.93,12150.47,60.82746819012981,
13418.0,3021791.98,1117605.03,-9865.4,-9471.31,-9630.87,-9704.51,-9834.3,-9878.83,-10001.94,12150.48,59.13046998337619,
13419.0,3021792.05,1117604.03,-9865.43,-9471.33,-9630.88,-9704.52,-9834.32,-9878.84,-10001.96,12150.490000000002,59.26270360987648,
13420.0,3021792.13,1117603.04,-9865.45,-9471.34,-9630.9,-9704.54,-9834.33,-9878.86,-10001.97,12150.5,63.03136196513452,
13421.0,3021792.2,1117602.04,-9865.47,-9471.35,-9630.91,-9704.55,-9834.34,-9878.87,-10001.98,12150.51,,
13422.0,3021792.27,1117601.04,-9865.49,-9471.37,-9630.93,-9704.56,-9834.36,-9878.88,-10002.0,12150.52,55.31773375261806,
13423.0,3021792.34,1117600.05,-9865.52,-9471.38,-9630.94,-9704.58,-9834.37,-9878.9,-10002.01,12150.52,,
13424.0,3021792.42,1117599.05,-9865.54,-9471.39,-9630.95,-9704.59,-9834.39,-9878.91,-10002.02,12150.53,65.23525574013922,
13425.0,3021792.49,1117598.05,-9865.56,-9471.41,-9630.97,-9704.6,-9834.4,-9878.92,-10002.04,12150.54,63.5382575333856,
13426.0,3021792.56,1117597.05,-9865.59,-9471.42,-9630.98,-9704.62,-9834.41,-9878.94,-10002.05,12150.55,60.82746819012981,
13427.0,3021792.63,1117596.06,-9865.61,-9471.43,-9630.99,-9704.63,-9834.43,-9878.95,-10002.06,12150.56,62.62364161675865,
13428.0,3021792.71,1117595.06,-9865.63,-9471.45,-9631.01,-9704.65,-9834.44,-9878.97,-10002.08,12150.570000000002,61.22416906963066,
13429.0,3021792.78,1117594.06,-9865.65,-9471.46,-9631.02,-9704.66,-9834.45,-9878.98,-10002.09,12150.58,58.62357441512511,
13430.0,3021792.85,1117593.07,-9865.68,-9471.48,-9631.03,-9704.67,-9834.47,-9878.99,-10002.11,12150.59,59.47207351850192,
13431.0,3021792.93,1117592.07,-9865.7,-9471.49,-9631.05,-9704.69,-9834.48,-9879.01,-10002.12,12150.6,60.82746819012981,
13432.0,3021793.0,1117591.07,-9865.72,-9471.5,-9631.06,-9704.7,-9834.49,-9879.02,-10002.13,12150.61,62.70077789888382,
13433.0,3021793.07,1117590.08,-9865.75,-9471.52,-9631.07,-9704.71,-9834.51,-9879.03,-10002.15,12150.62,62.568544272383534,
13434.0,3021793.15,1117589.08,-9865.77,-9471.53,-9631.09,-9704.73,-9834.52,-9879.05,-10002.16,12150.63,61.78616198225685,
13435.0,3021793.22,1117588.08,-9865.79,-9471.54,-9631.1,-9704.74,-9834.53,-9879.06,-10002.17,12150.64,62.75587524325893,
13436.0,3021793.3,1117587.08,-9865.81,-9471.56,-9631.11,-9704.75,-9834.55,-9879.07,-10002.19,12150.65,63.03136196513452,
13437.0,3021793.37,1117586.09,-9865.84,-9471.57,-9631.13,-9704.77,-9834.56,-9879.09,-10002.2,12150.66,58.62357441512511,
13438.0,3021793.44,1117585.09,-9865.86,-9471.58,-9631.14,-9704.78,-9834.57,-9879.1,-10002.21,12150.67,59.56022926950211,
13439.0,3021793.52,1117584.09,-9865.88,-9471.6,-9631.16,-9704.79,-9834.59,-9879.11,-10002.23,12150.67,63.03136196513452,
13440.0,3021793.59,1117583.1,-9865.91,-9471.61,-9631.17,-9704.81,-9834.6,-9879.13,-10002.24,12150.68,63.80272478638617,
13441.0,3021793.67,1117582.1,-9865.93,-9471.62,-9631.18,-9704.82,-9834.62,-9879.14,-10002.25,12150.69,65.23525574013922,
13442.0,3021793.74,1117581.1,-9865.95,-9471.64,-9631.2,-9704.83,-9834.63,-9879.15,-10002.27,12150.7,63.27379028038504,
13443.0,3021793.81,1117580.11,-9865.98,-9471.65,-9631.21,-9704.85,-9834.64,-9879.17,-10002.28,12150.71,60.82746819012981,
13444.0,3021793.89,1117579.11,-9866.0,-9471.66,-9631.22,-9704.86,-9834.66,-9879.18,-10002.3,12150.72,,
13445.0,3021793.96,1117578.11,-9866.02,-9471.68,-9631.24,-9704.88,-9834.67,-9879.2,-10002.31,12150.73,58.96517795025085,
13446.0,3021794.04,1117577.11,-9866.04,-9471.69,-9631.25,-9704.89,-9834.68,-9879.21,-10002.32,12150.740000000002,58.62357441512511,
13447.0,3021794.11,1117576.12,-9866.07,-9471.71,-9631.26,-9704.9,-9834.7,-9879.22,-10002.34,12150.75,60.82746819012981,
13448.0,3021794.19,1117575.12,-9866.09,-9471.72,-9631.28,-9704.92,-9834.71,-9879.24,-10002.35,12150.76,61.279266414005775,
13449.0,3021794.26,1117574.12,-9866.11,-9471.73,-9631.29,-9704.93,-9834.72,-9879.25,-10002.36,12150.77,63.03136196513452,
13450.0,3021794.34,1117573.13,-9866.14,-9471.75,-9631.3,-9704.94,-9834.74,-9879.26,-10002.38,12150.78,,
13451.0,3021794.41,1117572.13,-9866.16,-9471.76,-9631.32,-9704.96,-9834.75,-9879.28,-10002.39,12150.79,67.43914951514392,
13452.0,3021794.49,1117571.13,-9866.18,-9471.77,-9631.33,-9704.97,-9834.76,-9879.29,-10002.4,12150.8,,
13453.0,3021794.56,1117570.14,-9866.21,-9471.79,-9631.35,-9704.98,-9834.78,-9879.3,-10002.42,12150.81,63.03136196513452,
13454.0,3021794.64,1117569.14,-9866.23,-9471.8,-9631.36,-9705.0,-9834.79,-9879.32,-10002.43,12150.820000000002,,
13455.0,3021794.71,1117568.14,-9866.25,-9471.81,-9631.37,-9705.01,-9834.8,-9879.33,-10002.44,12150.83,,
13456.0,3021794.79,1117567.15,-9866.28,-9471.83,-9631.39,-9705.02,-9834.82,-9879.34,-10002.46,12150.84,,
13457.0,3021794.86,1117566.15,-9866.3,-9471.84,-9631.4,-9705.04,-9834.83,-9879.36,-10002.47,12150.85,,
13458.0,3021794.94,1117565.15,-9866.32,-9471.85,-9631.41,-9705.05,-9834.85,-9879.37,-10002.48,12150.86,,
13459.0,3021795.01,1117564.15,-9866.34,-9471.87,-9631.43,-9705.07,-9834.86,-9879.38,-10002.5,12150.86,,
13460.0,3021795.09,1117563.16,-9866.37,-9471.88,-9631.44,-9705.08,-9834.87,-9879.4,-10002.51,12150.87,,
13461.0,3021795.16,1117562.16,-9866.39,-9471.9,-9631.45,-9705.09,-9834.89,-9879.41,-10002.53,12150.88,60.82746819012981,
13462.0,3021795.24,1117561.16,-9866.41,-9471.91,-9631.47,-9705.11,-9834.9,-9879.43,-10002.54,12150.89,,
13463.0,3021795.32,1117560.17,-9866.44,-9471.92,-9631.48,-9705.12,-9834.91,-9879.44,-10002.55,12150.9,,
13464.0,3021795.39,1117559.17,-9866.46,-9471.94,-9631.49,-9705.13,-9834.93,-9879.45,-10002.57,12150.91,,
13465.0,3021795.47,1117558.17,-9866.48,-9471.95,-9631.51,-9705.15,-9834.94,-9879.47,-10002.58,12150.92,,
13466.0,3021795.54,1117557.18,-9866.51,-9471.96,-9631.52,-9705.16,-9834.95,-9879.48,-10002.59,12150.93,65.23525574013922,
13467.0,3021795.62,1117556.18,-9866.53,-9471.98,-9631.53,-9705.17,-9834.97,-9879.49,-10002.61,12150.94,,
13468.0,3021795.7,1117555.18,-9866.55,-9471.99,-9631.55,-9705.19,-9834.98,-9879.51,-10002.62,12150.95,64.25452301026213,
13469.0,3021795.77,1117554.19,-9866.58,-9472.0,-9631.56,-9705.2,-9834.99,-9879.52,-10002.63,12150.96,60.82746819012981,
13470.0,3021795.85,1117553.19,-9866.6,-9472.02,-9631.58,-9705.21,-9835.01,-9879.53,-10002.65,12150.97,,
13471.0,3021795.93,1117552.19,-9866.62,-9472.03,-9631.59,-9705.23,-9835.02,-9879.55,-10002.66,12150.98,60.507903592754126,
13472.0,3021796.0,1117551.2,-9866.65,-9472.04,-9631.6,-9705.24,-9835.04,-9879.56,-10002.67,12150.990000000002,58.62357441512511,
13473.0,3021796.08,1117550.2,-9866.67,-9472.06,-9631.62,-9705.25,-9835.05,-9879.57,-10002.69,12151.0,,
13474.0,3021796.16,1117549.2,-9866.69,-9472.07,-9631.63,-9705.27,-9835.06,-9879.59,-10002.7,12151.01,,
13475.0,3021796.23,1117548.21,-9866.72,-9472.08,-9631.64,-9705.28,-9835.08,-9879.6,-10002.71,12151.02,56.8824983328714,
13476.0,3021796.31,1117547.21,-9866.74,-9472.1,-9631.66,-9705.3,-9835.09,-9879.62,-10002.73,12151.03,55.31773375261806,
13477.0,3021796.39,1117546.21,-9866.76,-9472.11,-9631.67,-9705.31,-9835.1,-9879.63,-10002.74,12151.04,63.03136196513452,
13478.0,3021796.46,1117545.22,-9866.79,-9472.13,-9631.68,-9705.32,-9835.12,-9879.64,-10002.76,12151.05,63.79170531751114,
13479.0,3021796.54,1117544.22,-9866.81,-9472.14,-9631.7,-9705.34,-9835.13,-9879.66,-10002.77,12151.06,65.23525574013922,
13480.0,3021796.62,1117543.22,-9866.83,-9472.15,-9631.71,-9705.35,-9835.14,-9879.67,-10002.78,12151.070000000002,61.84125932663199,
13481.0,3021796.7,1117542.22,-9866.86,-9472.17,-9631.72,-9705.36,-9835.16,-9879.68,-10002.8,12151.08,60.82746819012981,
13482.0,3021796.77,1117541.23,-9866.88,-9472.18,-9631.74,-9705.38,-9835.17,-9879.7,-10002.81,12151.09,61.257227476255736,
13483.0,3021796.85,1117540.23,-9866.9,-9472.19,-9631.75,-9705.39,-9835.18,-9879.71,-10002.82,12151.1,63.03136196513452,
13484.0,3021796.93,1117539.23,-9866.93,-9472.21,-9631.76,-9705.4,-9835.2,-9879.72,-10002.84,12151.11,,
13485.0,3021797.01,1117538.24,-9866.95,-9472.22,-9631.78,-9705.42,-9835.21,-9879.74,-10002.85,12151.12,60.82746819012981,
13486.0,3021797.08,1117537.24,-9866.97,-9472.23,-9631.79,-9705.43,-9835.22,-9879.75,-10002.86,12151.13,62.62364161675865,
13487.0,3021797.16,1117536.24,-9866.99,-9472.25,-9631.81,-9705.44,-9835.24,-9879.76,-10002.88,12151.14,63.36194603138522,
13488.0,3021797.24,1117535.25,-9867.02,-9472.26,-9631.82,-9705.46,-9835.25,-9879.78,-10002.89,12151.15,65.23525574013922,
13489.0,3021797.32,1117534.25,-9867.04,-9472.27,-9631.83,-9705.47,-9835.27,-9879.79,-10002.9,12151.16,,
13490.0,3021797.39,1117533.25,-9867.06,-9472.29,-9631.85,-9705.48,-9835.28,-9879.8,-10002.92,12151.17,63.49417965788551,
13491.0,3021797.47,1117532.26,-9867.09,-9472.3,-9631.86,-9705.5,-9835.29,-9879.82,-10002.93,12151.18,63.03136196513452,
13492.0,3021797.55,1117531.26,-9867.11,-9472.34,-9631.9,-9705.54,-9835.33,-9879.86,-10002.97,12151.16,65.23525574013922,
13493.0,3021797.63,1117530.26,-9867.14,-9472.38,-9631.94,-9705.58,-9835.37,-9879.9,-10003.01,12151.14,,
13494.0,3021797.71,1117529.27,-9867.16,-9472.42,-9631.98,-9705.61,-9835.41,-9879.93,-10003.05,12151.13,,
13495.0,3021797.79,1117528.27,-9867.18,-9472.46,-9632.01,-9705.65,-9835.45,-9879.97,-10003.09,12151.11,,
13496.0,3021797.86,1117527.27,-9867.21,-9472.5,-9632.05,-9705.69,-9835.49,-9880.01,-10003.13,12151.1,63.03136196513452,
13497.0,3021797.94,1117526.28,-9867.23,-9472.53,-9632.09,-9705.73,-9835.53,-9880.05,-10003.16,12151.08,,
13498.0,3021798.02,1117525.28,-9867.25,-9472.57,-9632.13,-9705.77,-9835.56,-9880.09,-10003.2,12151.070000000002,,
13499.0,3021798.1,1117524.28,-9867.28,-9472.61,-9632.17,-9705.81,-9835.6,-9880.13,-10003.24,12151.05,64.41981504338747,
13500.0,3021798.18,1117523.29,-9867.3,-9472.65,-9632.21,-9705.85,-9835.64,-9880.17,-10003.28,12151.04,65.23525574013922,
13501.0,3021798.26,1117522.29,-9867.32,-9472.69,-9632.25,-9705.89,-9835.68,-9880.21,-10003.32,12151.02,,
13502.0,3021798.34,1117521.29,-9867.35,-9472.73,-9632.29,-9705.93,-9835.72,-9880.25,-10003.36,12151.0,,
13503.0,3021798.42,1117520.3,-9867.37,-9472.77,-9632.33,-9705.97,-9835.76,-9880.29,-10003.4,12150.990000000002,,
13504.0,3021798.5,1117519.3,-9867.39,-9472.81,-9632.37,-9706.01,-9835.8,-9880.33,-10003.44,12150.97,,
13505.0,3021798.58,1117518.31,-9867.42,-9472.85,-9632.41,-9706.05,-9835.84,-9880.37,-10003.48,12150.96,,
13506.0,3021798.65,1117517.31,-9867.44,-9472.89,-9632.45,-9706.09,-9835.88,-9880.41,-10003.52,12150.94,,
13507.0,3021798.73,1117516.31,-9867.46,-9472.93,-9632.49,-9706.13,-9835.92,-9880.45,-10003.56,12150.92,64.21044513476203,
13508.0,3021798.81,1117515.32,-9867.49,-9472.97,-9632.53,-9706.17,-9835.96,-9880.49,-10003.6,12150.91,60.82746819012981,
13509.0,3021798.89,1117514.32,-9867.51,-9473.01,-9632.57,-9706.21,-9836.0,-9880.53,-10003.64,12150.89,65.79724865276542,
13510.0,3021798.97,1117513.32,-9867.53,-9473.05,-9632.61,-9706.25,-9836.04,-9880.57,-10003.68,12150.87,67.43914951514392,
13511.0,3021799.05,1117512.33,-9867.56,-9473.09,-9632.65,-9706.29,-9836.08,-9880.61,-10003.72,12150.86,,
13512.0,3021799.13,1117511.33,-9867.58,-9473.13,-9632.69,-9706.33,-9836.12,-9880.65,-10003.76,12150.84,63.03136196513452,
13513.0,3021799.21,1117510.33,-9867.6,-9473.17,-9632.73,-9706.37,-9836.16,-9880.69,-10003.8,12150.820000000002,,
13514.0,3021799.29,1117509.34,-9867.63,-9473.21,-9632.77,-9706.41,-9836.2,-9880.73,-10003.84,12150.81,,
13515.0,3021799.37,1117508.34,-9867.65,-9473.25,-9632.81,-9706.45,-9836.24,-9880.76,-10003.88,12150.79,61.22416906963066,
13516.0,3021799.45,1117507.34,-9867.67,-9473.29,-9632.85,-9706.48,-9836.28,-9880.8,-10003.92,12150.78,60.82746819012981,
13517.0,3021799.53,1117506.35,-9867.7,-9473.33,-9632.89,-9706.52,-9836.32,-9880.84,-10003.96,12150.76,65.23525574013922,
13518.0,3021799.61,1117505.35,-9867.72,-9473.37,-9632.93,-9706.56,-9836.36,-9880.88,-10004.0,12150.740000000002,,
13519.0,3021799.69,1117504.35,-9867.75,-9473.41,-9632.97,-9706.6,-9836.4,-9880.92,-10004.04,12150.73,63.56029647113564,
13520.0,3021799.77,1117503.36,-9867.77,-9473.45,-9633.01,-9706.64,-9836.44,-9880.96,-10004.08,12150.71,63.03136196513452,
13521.0,3021799.85,1117502.36,-9867.79,-9473.49,-9633.05,-9706.68,-9836.48,-9881.0,-10004.12,12150.69,53.11383997761335,
13522.0,3021799.93,1117501.36,-9867.82,-9473.53,-9633.09,-9706.72,-9836.52,-9881.04,-10004.16,12150.68,54.8659355287421,
13523.0,3021800.01,1117500.37,-9867.84,-9473.57,-9633.13,-9706.76,-9836.56,-9881.08,-10004.2,12150.66,60.82746819012981,
13524.0,3021800.09,1117499.37,-9867.86,-9473.61,-9633.17,-9706.8,-9836.6,-9881.12,-10004.24,12150.65,59.65940448937732,
13525.0,3021800.17,1117498.37,-9867.89,-9473.65,-9633.21,-9706.84,-9836.64,-9881.16,-10004.28,12150.63,58.62357441512511,
13526.0,3021800.25,1117497.38,-9867.91,-9473.69,-9633.25,-9706.88,-9836.68,-9881.2,-10004.32,12150.61,58.06158150249891,
13527.0,3021800.33,1117496.38,-9867.94,-9473.73,-9633.29,-9706.92,-9836.72,-9881.24,-10004.36,12150.6,55.31773375261806,
13528.0,3021800.41,1117495.38,-9867.96,-9473.77,-9633.32,-9706.96,-9836.76,-9881.28,-10004.4,12150.58,60.82746819012981,
13529.0,3021800.49,1117494.39,-9867.98,-9473.81,-9633.36,-9707.0,-9836.8,-9881.32,-10004.44,12150.570000000002,59.95693014900295,
13530.0,3021800.57,1117493.39,-9868.01,-9473.85,-9633.4,-9707.04,-9836.84,-9881.36,-10004.48,12150.55,58.62357441512511,
13531.0,3021800.65,1117492.4,-9868.03,-9473.89,-9633.44,-9707.08,-9836.88,-9881.4,-10004.52,12150.53,59.0863921078761,
13532.0,3021800.73,1117491.4,-9868.06,-9473.93,-9633.48,-9707.12,-9836.92,-9881.44,-10004.56,12150.52,60.82746819012981,
13533.0,3021800.8,1117490.4,-9868.08,-9473.97,-9633.52,-9707.16,-9836.96,-9881.48,-10004.6,12150.5,,
13534.0,3021800.88,1117489.41,-9868.1,-9474.01,-9633.56,-9707.2,-9837.0,-9881.52,-10004.64,12150.490000000002,55.61525941224369,
13535.0,3021800.96,1117488.41,-9868.13,-9474.05,-9633.6,-9707.24,-9837.04,-9881.56,-10004.68,12150.47,50.90994620260865,
13536.0,3021801.04,1117487.41,-9868.15,-9474.09,-9633.64,-9707.28,-9837.08,-9881.6,-10004.72,12150.46,,
13537.0,3021801.12,1117486.42,-9868.18,-9474.13,-9633.68,-9707.32,-9837.12,-9881.64,-10004.76,12150.44,,
13538.0,3021801.2,1117485.42,-9868.2,-9474.17,-9633.72,-9707.36,-9837.16,-9881.68,-10004.8,12150.42,53.31219041736377,
13539.0,3021801.27,1117484.42,-9868.23,-9474.21,-9633.76,-9707.4,-9837.2,-9881.72,-10004.84,12150.41,63.03136196513452,
13540.0,3021801.35,1117483.43,-9868.25,-9474.25,-9633.8,-9707.44,-9837.24,-9881.76,-10004.88,12150.39,53.70889129686461,
13541.0,3021801.43,1117482.43,-9868.27,-9474.28,-9633.84,-9707.48,-9837.28,-9881.8,-10004.92,12150.38,50.90994620260865,
13542.0,3021801.51,1117481.43,-9868.3,-9474.32,-9633.88,-9707.52,-9837.32,-9881.84,-10004.96,12150.36,60.82746819012981,
13543.0,3021801.58,1117480.44,-9868.32,-9474.36,-9633.92,-9707.56,-9837.36,-9881.88,-10005.0,12150.35,58.22687353562426,
13544.0,3021801.66,1117479.44,-9868.35,-9474.4,-9633.96,-9707.6,-9837.4,-9881.92,-10005.04,12150.33,55.31773375261806,
13545.0,3021801.74,1117478.44,-9868.37,-9474.44,-9634.0,-9707.64,-9837.44,-9881.96,-10005.07,12150.320000000002,,
13546.0,3021801.82,1117477.45,-9868.4,-9474.48,-9634.04,-9707.68,-9837.48,-9882.0,-10005.11,12150.3,63.03136196513452,
13547.0,3021801.89,1117476.45,-9868.42,-9474.52,-9634.08,-9707.72,-9837.52,-9882.04,-10005.15,12150.29,61.99553189088231,
13548.0,3021801.97,1117475.45,-9868.45,-9474.56,-9634.12,-9707.76,-9837.56,-9882.08,-10005.19,12150.27,58.62357441512511,
13549.0,3021802.05,1117474.46,-9868.47,-9474.6,-9634.16,-9707.8,-9837.6,-9882.12,-10005.23,12150.26,,
13550.0,3021802.12,1117473.46,-9868.5,-9474.64,-9634.2,-9707.84,-9837.64,-9882.16,-10005.27,12150.240000000002,,
13551.0,3021802.2,1117472.46,-9868.52,-9474.68,-9634.24,-9707.88,-9837.68,-9882.2,-10005.31,12150.23,,
13552.0,3021802.28,1117471.46,-9868.55,-9474.72,-9634.28,-9707.92,-9837.71,-9882.24,-10005.35,12150.21,,
13553.0,3021802.35,1117470.47,-9868.57,-9474.76,-9634.32,-9707.96,-9837.75,-9882.28,-10005.39,12150.2,56.52987532887064,
13554.0,3021802.43,1117469.47,-9868.6,-9474.8,-9634.36,-9708.0,-9837.79,-9882.32,-10005.43,12150.18,55.31773375261806,
13555.0,3021802.5,1117468.47,-9868.62,-9474.84,-9634.4,-9708.04,-9837.83,-9882.36,-10005.47,12150.17,63.03136196513452,
13556.0,3021802.58,1117467.48,-9868.65,-9474.88,-9634.44,-9708.08,-9837.87,-9882.4,-10005.51,12150.15,,
13557.0,3021802.65,1117466.48,-9868.67,-9474.92,-9634.48,-9708.12,-9837.91,-9882.44,-10005.55,12150.14,,
13558.0,3021802.73,1117465.48,-9868.7,-9474.96,-9634.52,-9708.16,-9837.95,-9882.48,-10005.59,12150.12,60.26547527750361,
13559.0,3021802.81,1117464.49,-9868.72,-9475.0,-9634.56,-9708.2,-9837.99,-9882.52,-10005.63,12150.11,58.62357441512511,
13560.0,3021802.88,1117463.49,-9868.75,-9475.04,-9634.6,-9708.24,-9838.03,-9882.56,-10005.67,12150.09,,
13561.0,3021802.96,1117462.49,-9868.77,-9475.08,-9634.64,-9708.28,-9838.07,-9882.6,-10005.71,12150.08,,
13562.0,3021803.03,1117461.5,-9868.8,-9475.12,-9634.68,-9708.32,-9838.11,-9882.64,-10005.75,12150.070000000002,,
13563.0,3021803.11,1117460.5,-9868.82,-9475.16,-9634.72,-9708.36,-9838.15,-9882.68,-10005.79,12150.05,,
13564.0,3021803.18,1117459.5,-9868.85,-9475.2,-9634.76,-9708.4,-9838.19,-9882.72,-10005.83,12150.04,,
13565.0,3021803.26,1117458.51,-9868.88,-9475.24,-9634.8,-9708.44,-9838.23,-9882.76,-10005.87,12150.02,58.01750362699882,
13566.0,3021803.33,1117457.51,-9868.9,-9475.28,-9634.84,-9708.48,-9838.27,-9882.8,-10005.91,12150.01,55.31773375261806,
13567.0,3021803.41,1117456.51,-9868.93,-9475.32,-9634.88,-9708.52,-9838.31,-9882.84,-10005.95,12149.990000000002,,
13568.0,3021803.48,1117455.52,-9868.95,-9475.36,-9634.92,-9708.56,-9838.35,-9882.88,-10005.99,12149.98,59.912852273502864,
13569.0,3021803.55,1117454.52,-9868.98,-9475.4,-9634.96,-9708.6,-9838.39,-9882.92,-10006.03,12149.96,55.31773375261806,
13570.0,3021803.63,1117453.52,-9869.0,-9475.44,-9635.0,-9708.64,-9838.43,-9882.96,-10006.07,12149.95,57.058809834871774,
13571.0,3021803.7,1117452.52,-9869.03,-9475.48,-9635.04,-9708.68,-9838.47,-9883.0,-10006.11,12149.94,65.23525574013922,
13572.0,3021803.78,1117451.53,-9869.06,-9475.52,-9635.08,-9708.72,-9838.51,-9883.04,-10006.15,12149.92,61.73106463788174,
13573.0,3021803.85,1117450.53,-9869.08,-9475.56,-9635.12,-9708.76,-9838.55,-9883.08,-10006.19,12149.91,58.62357441512511,
13574.0,3021803.92,1117449.53,-9869.11,-9475.6,-9635.16,-9708.8,-9838.59,-9883.12,-10006.23,12149.89,59.06435317012605,
13575.0,3021804.0,1117448.54,-9869.13,-9475.64,-9635.2,-9708.84,-9838.63,-9883.16,-10006.27,12149.88,60.82746819012981,
13576.0,3021804.07,1117447.54,-9869.16,-9475.68,-9635.24,-9708.88,-9838.67,-9883.2,-10006.31,12149.87,58.77784697937545,
13577.0,3021804.14,1117446.54,-9869.19,-9475.72,-9635.28,-9708.92,-9838.71,-9883.24,-10006.35,12149.85,55.31773375261806,
13578.0,3021804.22,1117445.55,-9869.21,-9475.76,-9635.32,-9708.96,-9838.75,-9883.28,-10006.39,12149.84,58.62357441512511,
13579.0,3021804.29,1117444.55,-9869.24,-9475.8,-9635.36,-9709.0,-9838.79,-9883.32,-10006.43,12149.83,57.45551071437262,
13580.0,3021804.36,1117443.55,-9869.26,-9475.84,-9635.4,-9709.04,-9838.83,-9883.36,-10006.47,12149.81,55.31773375261806,
13581.0,3021804.44,1117442.55,-9869.29,-9475.88,-9635.44,-9709.08,-9838.87,-9883.4,-10006.51,12149.8,,
13582.0,3021804.51,1117441.56,-9869.32,-9475.92,-9635.48,-9709.12,-9838.91,-9883.44,-10006.55,12149.78,,
13583.0,3021804.58,1117440.56,-9869.34,-9475.96,-9635.52,-9709.16,-9838.95,-9883.48,-10006.59,12149.77,,
13584.0,3021804.65,1117439.56,-9869.37,-9476.0,-9635.56,-9709.2,-9838.99,-9883.52,-10006.63,12149.76,,
13585.0,3021804.73,1117438.57,-9869.4,-9476.04,-9635.6,-9709.24,-9839.03,-9883.56,-10006.67,12149.740000000002,58.62357441512511,
13586.0,3021804.8,1117437.57,-9869.42,-9476.08,-9635.64,-9709.28,-9839.07,-9883.6,-10006.71,12149.73,58.12769831574905,
13587.0,3021804.87,1117436.57,-9869.45,-9476.12,-9635.68,-9709.32,-9839.11,-9883.64,-10006.75,12149.72,55.31773375261806,
13588.0,3021804.94,1117435.58,-9869.47,-9476.16,-9635.72,-9709.36,-9839.15,-9883.68,-10006.79,12149.7,,
13589.0,3021805.01,1117434.58,-9869.5,-9476.2,-9635.76,-9709.4,-9839.19,-9883.72,-10006.83,12149.69,58.62357441512511,
13590.0,3021805.09,1117433.58,-9869.53,-9476.24,-9635.8,-9709.44,-9839.23,-9883.76,-10006.87,12149.68,59.10843104562615,
13591.0,3021805.16,1117432.58,-9869.55,-9476.28,-9635.84,-9709.48,-9839.27,-9883.8,-10006.91,12149.66,60.82746819012981,
13592.0,3021805.23,1117431.59,-9869.58,-9476.32,-9635.88,-9709.52,-9839.31,-9883.84,-10006.95,12149.65,56.19929126261994,
13593.0,3021805.3,1117430.59,-9869.61,-9476.36,-9635.92,-9709.56,-9839.35,-9883.88,-10006.99,12149.64,55.31773375261806,
13594.0,3021805.37,1117429.59,-9869.63,-9476.4,-9635.96,-9709.6,-9839.39,-9883.92,-10007.03,12149.62,,
13595.0,3021805.44,1117428.6,-9869.66,-9476.44,-9636.0,-9709.64,-9839.43,-9883.96,-10007.07,12149.61,,
13596.0,3021805.51,1117427.6,-9869.69,-9476.48,-9636.04,-9709.68,-9839.47,-9884.0,-10007.11,12149.6,60.82746819012981,
13597.0,3021805.58,1117426.6,-9869.71,-9476.52,-9636.08,-9709.72,-9839.51,-9884.04,-10007.15,12149.58,,
13598.0,3021805.65,1117425.6,-9869.74,-9476.56,-9636.12,-9709.76,-9839.55,-9884.08,-10007.19,12149.570000000002,,
13599.0,3021805.72,1117424.61,-9869.77,-9476.6,-9636.16,-9709.8,-9839.59,-9884.12,-10007.23,12149.56,,
13600.0,3021805.8,1117423.61,-9869.8,-9476.64,-9636.2,-9709.84,-9839.63,-9884.16,-10007.27,12149.55,,
13601.0,3021805.87,1117422.61,-9869.82,-9476.68,-9636.24,-9709.88,-9839.67,-9884.2,-10007.31,12149.53,55.31773375261806,
13602.0,3021805.94,1117421.62,-9869.85,-9476.72,-9636.28,-9709.92,-9839.71,-9884.23,-10007.35,12149.52,53.43340457498903,
13603.0,3021806.01,1117420.62,-9869.88,-9476.76,-9636.32,-9709.95,-9839.75,-9884.27,-10007.39,12149.51,54.33700102274096,
13604.0,3021806.08,1117419.62,-9869.9,-9476.8,-9636.36,-9709.99,-9839.79,-9884.31,-10007.43,12149.5,58.62357441512511,
13605.0,3021806.15,1117418.62,-9869.93,-9476.84,-9636.4,-9710.03,-9839.83,-9884.35,-10007.47,12149.48,52.24330193648649,
13606.0,3021806.22,1117417.63,-9869.96,-9476.88,-9636.44,-9710.07,-9839.87,-9884.39,-10007.51,12149.47,50.90994620260865,
13607.0,3021806.29,1117416.63,-9869.99,-9476.92,-9636.48,-9710.11,-9839.91,-9884.43,-10007.55,12149.46,51.6813090238603,
13608.0,3021806.35,1117415.63,-9870.01,-9476.96,-9636.52,-9710.15,-9839.95,-9884.47,-10007.59,12149.44,53.11383997761335,
13609.0,3021806.42,1117414.64,-9870.04,-9477.0,-9636.56,-9710.19,-9839.99,-9884.51,-10007.63,12149.43,51.32868601985954,
13610.0,3021806.49,1117413.64,-9870.07,-9477.04,-9636.6,-9710.23,-9840.03,-9884.55,-10007.67,12149.42,51.70334796161034,
13611.0,3021806.56,1117412.64,-9870.1,-9477.08,-9636.64,-9710.27,-9840.07,-9884.59,-10007.71,12149.41,53.11383997761335,
13612.0,3021806.63,1117411.64,-9870.12,-9477.12,-9636.68,-9710.31,-9840.11,-9884.63,-10007.75,12149.39,,
13613.0,3021806.7,1117410.65,-9870.15,-9477.16,-9636.72,-9710.35,-9840.15,-9884.67,-10007.79,12149.38,,
13614.0,3021806.77,1117409.65,-9870.18,-9477.2,-9636.75,-9710.39,-9840.19,-9884.71,-10007.83,12149.37,,
13615.0,3021806.84,1117408.65,-9870.21,-9477.24,-9636.79,-9710.43,-9840.23,-9884.75,-10007.87,12149.36,,
13616.0,3021806.91,1117407.66,-9870.23,-9477.28,-9636.83,-9710.47,-9840.27,-9884.79,-10007.91,12149.35,50.90994620260865,
13617.0,3021806.98,1117406.66,-9870.26,-9477.32,-9636.87,-9710.51,-9840.31,-9884.83,-10007.95,12149.33,52.011893090111,
13618.0,3021807.04,1117405.66,-9870.29,-9477.36,-9636.91,-9710.55,-9840.35,-9884.87,-10007.99,12149.320000000002,52.04495149673608,
13619.0,3021807.11,1117404.66,-9870.32,-9477.4,-9636.95,-9710.59,-9840.39,-9884.91,-10008.03,12149.31,46.50215865259924,
13620.0,3021807.18,1117403.67,-9870.34,-9477.44,-9636.99,-9710.63,-9840.43,-9884.95,-10008.07,12149.3,,
13621.0,3021807.25,1117402.67,-9870.37,-9477.48,-9637.03,-9710.67,-9840.47,-9884.99,-10008.11,12149.28,,
13622.0,3021807.32,1117401.67,-9870.4,-9477.52,-9637.07,-9710.71,-9840.51,-9885.03,-10008.15,12149.27,49.20192852698001,
13623.0,3021807.39,1117400.67,-9870.43,-9477.56,-9637.11,-9710.75,-9840.55,-9885.07,-10008.19,12149.26,51.09727717348405,
13624.0,3021807.46,1117399.68,-9870.46,-9477.6,-9637.15,-9710.79,-9840.59,-9885.11,-10008.23,12149.25,48.70605242760395,
13625.0,3021807.53,1117398.68,-9870.48,-9477.64,-9637.19,-9710.83,-9840.63,-9885.15,-10008.27,12149.240000000002,47.94570907522732,
13626.0,3021807.59,1117397.68,-9870.51,-9477.68,-9637.23,-9710.87,-9840.67,-9885.19,-10008.31,12149.22,48.65095508322882,
13627.0,3021807.66,1117396.69,-9870.54,-9477.71,-9637.27,-9710.91,-9840.71,-9885.23,-10008.35,12149.21,50.050427630356815,
13628.0,3021807.73,1117395.69,-9870.57,-9477.75,-9637.31,-9710.95,-9840.75,-9885.27,-10008.39,12149.2,48.70605242760395,
13629.0,3021807.8,1117394.69,-9870.6,-9477.79,-9637.35,-9710.99,-9840.79,-9885.31,-10008.43,12149.19,50.920965671483664,
13630.0,3021807.87,1117393.69,-9870.62,-9477.83,-9637.39,-9711.03,-9840.83,-9885.35,-10008.47,12149.18,51.71436743048536,
13631.0,3021807.94,1117392.7,-9870.65,-9477.87,-9637.43,-9711.07,-9840.87,-9885.39,-10008.5,12149.17,50.90994620260865,
13632.0,3021808.01,1117391.7,-9870.68,-9477.91,-9637.47,-9711.11,-9840.91,-9885.43,-10008.54,12149.15,48.70605242760395,
13633.0,3021808.08,1117390.7,-9870.71,-9477.95,-9637.51,-9711.15,-9840.95,-9885.47,-10008.58,12149.14,53.11383997761335,
13634.0,3021808.14,1117389.7,-9870.74,-9477.99,-9637.55,-9711.19,-9840.99,-9885.51,-10008.62,12149.13,49.5765904687308,
13635.0,3021808.21,1117388.71,-9870.76,-9478.03,-9637.59,-9711.23,-9841.03,-9885.55,-10008.66,12149.12,48.70605242760395,
13636.0,3021808.28,1117387.71,-9870.79,-9478.07,-9637.63,-9711.27,-9841.07,-9885.59,-10008.7,12149.11,,
13637.0,3021808.35,1117386.71,-9870.82,-9478.11,-9637.67,-9711.31,-9841.1,-9885.63,-10008.74,12149.1,50.25979753898226,
13638.0,3021808.42,1117385.72,-9870.85,-9478.15,-9637.71,-9711.35,-9841.14,-9885.67,-10008.78,12149.08,53.11383997761335,
13639.0,3021808.49,1117384.72,-9870.88,-9478.19,-9637.75,-9711.39,-9841.18,-9885.71,-10008.82,12149.070000000002,51.25154973773439,
13640.0,3021808.55,1117383.72,-9870.91,-9478.23,-9637.79,-9711.43,-9841.22,-9885.75,-10008.86,12149.06,51.35072495760959,
13641.0,3021808.62,1117382.72,-9870.93,-9478.27,-9637.83,-9711.47,-9841.26,-9885.79,-10008.9,12149.05,,
13642.0,3021808.69,1117381.73,-9870.96,-9478.31,-9637.87,-9711.51,-9841.3,-9885.83,-10008.94,12149.04,54.84389659099204,
13643.0,3021808.76,1117380.73,-9870.99,-9478.35,-9637.91,-9711.55,-9841.34,-9885.87,-10008.98,12149.03,55.31773375261806,
13644.0,3021808.83,1117379.73,-9871.02,-9478.39,-9637.95,-9711.59,-9841.38,-9885.91,-10009.02,12149.01,,
13645.0,3021808.9,1117378.73,-9871.05,-9478.43,-9637.99,-9711.63,-9841.42,-9885.95,-10009.06,12149.0,50.90994620260865,
13646.0,3021808.97,1117377.74,-9871.08,-9478.47,-9638.03,-9711.67,-9841.46,-9885.99,-10009.1,12148.990000000002,49.87411612835644,
13647.0,3021809.03,1117376.74,-9871.1,-9478.51,-9638.07,-9711.71,-9841.5,-9886.03,-10009.14,12148.98,46.50215865259924,
13648.0,3021809.1,1117375.74,-9871.13,-9478.55,-9638.11,-9711.75,-9841.54,-9886.07,-10009.18,12148.97,47.72531969772685,
13649.0,3021809.17,1117374.75,-9871.16,-9478.59,-9638.15,-9711.79,-9841.58,-9886.11,-10009.22,12148.96,48.70605242760395,
13650.0,3021809.24,1117373.75,-9871.19,-9478.63,-9638.19,-9711.83,-9841.62,-9886.15,-10009.26,12148.95,,
13651.0,3021809.31,1117372.75,-9871.22,-9478.67,-9638.23,-9711.87,-9841.66,-9886.19,-10009.3,12148.93,,
13652.0,3021809.38,1117371.75,-9871.25,-9478.71,-9638.27,-9711.91,-9841.7,-9886.23,-10009.34,12148.92,,
13653.0,3021809.44,1117370.76,-9871.28,-9478.75,-9638.31,-9711.95,-9841.74,-9886.27,-10009.38,12148.91,50.90994620260865,
13654.0,3021809.51,1117369.76,-9871.3,-9478.79,-9638.35,-9711.99,-9841.78,-9886.31,-10009.42,12148.9,,
13655.0,3021809.58,1117368.76,-9871.33,-9478.83,-9638.39,-9712.03,-9841.82,-9886.35,-10009.46,12148.89,55.31773375261806,
13656.0,3021809.65,1117367.76,-9871.36,-9478.87,-9638.43,-9712.07,-9841.86,-9886.39,-10009.5,12148.88,54.29292314724086,
13657.0,3021809.72,1117366.77,-9871.39,-9478.91,-9638.47,-9712.11,-9841.9,-9886.43,-10009.54,12148.87,50.90994620260865,
13658.0,3021809.78,1117365.77,-9871.42,-9478.95,-9638.51,-9712.15,-9841.94,-9886.47,-10009.58,12148.86,52.3424771563617,
13659.0,3021809.85,1117364.77,-9871.45,-9478.99,-9638.55,-9712.19,-9841.98,-9886.51,-10009.62,12148.85,55.31773375261806,
13660.0,3021809.92,1117363.78,-9871.48,-9479.03,-9638.59,-9712.23,-9842.02,-9886.55,-10009.66,12148.83,,
13661.0,3021809.99,1117362.78,-9871.51,-9479.07,-9638.63,-9712.27,-9842.06,-9886.59,-10009.7,12148.820000000002,53.59869660811439,
13662.0,3021810.06,1117361.78,-9871.54,-9479.11,-9638.67,-9712.31,-9842.1,-9886.63,-10009.74,12148.81,53.11383997761335,
13663.0,3021810.13,1117360.78,-9871.56,-9479.15,-9638.71,-9712.35,-9842.14,-9886.67,-10009.78,12148.8,51.229510799984325,
13664.0,3021810.19,1117359.79,-9871.59,-9479.19,-9638.75,-9712.39,-9842.18,-9886.71,-10009.82,12148.79,48.58483826997869,
13665.0,3021810.26,1117358.79,-9871.62,-9479.23,-9638.79,-9712.43,-9842.22,-9886.75,-10009.86,12148.78,46.50215865259924,
13666.0,3021810.33,1117357.79,-9871.65,-9479.27,-9638.83,-9712.47,-9842.26,-9886.79,-10009.9,12148.77,48.70605242760395,
13667.0,3021810.4,1117356.8,-9871.68,-9479.31,-9638.87,-9712.51,-9842.3,-9886.83,-10009.94,12148.76,,
13668.0,3021810.47,1117355.8,-9871.71,-9479.35,-9638.91,-9712.55,-9842.34,-9886.87,-10009.98,12148.75,,
13669.0,3021810.53,1117354.8,-9871.74,-9479.39,-9638.95,-9712.59,-9842.38,-9886.91,-10010.02,12148.740000000002,,
13670.0,3021810.6,1117353.8,-9871.77,-9479.43,-9638.99,-9712.63,-9842.42,-9886.95,-10010.06,12148.73,50.08348603698189,
13671.0,3021810.67,1117352.81,-9871.8,-9479.47,-9639.03,-9712.67,-9842.46,-9886.99,-10010.1,12148.72,50.90994620260865,
13672.0,3021810.74,1117351.81,-9871.83,-9479.51,-9639.07,-9712.71,-9842.5,-9887.03,-10010.14,12148.7,,
13673.0,3021810.81,1117350.81,-9871.86,-9479.55,-9639.11,-9712.75,-9842.54,-9887.07,-10010.18,12148.69,,
13674.0,3021810.87,1117349.81,-9871.88,-9479.59,-9639.15,-9712.79,-9842.58,-9887.11,-10010.22,12148.68,,
13675.0,3021810.94,1117348.82,-9871.91,-9479.63,-9639.19,-9712.83,-9842.62,-9887.15,-10010.26,12148.67,,
13676.0,3021811.01,1117347.82,-9871.94,-9479.67,-9639.23,-9712.87,-9842.66,-9887.19,-10010.3,12148.66,,
13677.0,3021811.08,1117346.82,-9871.97,-9479.71,-9639.27,-9712.91,-9842.7,-9887.23,-10010.34,12148.65,,
13678.0,3021811.15,1117345.83,-9872.0,-9479.75,-9639.31,-9712.95,-9842.74,-9887.27,-10010.38,12148.64,51.71436743048536,
13679.0,3021811.21,1117344.83,-9872.03,-9479.79,-9639.35,-9712.99,-9842.78,-9887.31,-10010.42,12148.63,53.11383997761335,
13680.0,3021811.28,1117343.83,-9872.06,-9479.83,-9639.39,-9713.03,-9842.82,-9887.35,-10010.46,12148.62,54.87695499761711,
13681.0,3021811.35,1117342.83,-9872.09,-9479.87,-9639.43,-9713.07,-9842.86,-9887.39,-10010.5,12148.61,55.31773375261806,
13682.0,3021811.42,1117341.84,-9872.12,-9479.91,-9639.47,-9713.11,-9842.9,-9887.43,-10010.54,12148.6,48.70605242760395,
13683.0,3021811.48,1117340.84,-9872.15,-9479.95,-9639.51,-9713.15,-9842.94,-9887.47,-10010.58,12148.59,,
13684.0,3021811.55,1117339.84,-9872.18,-9479.99,-9639.55,-9713.19,-9842.98,-9887.51,-10010.62,12148.58,,
13685.0,3021811.62,1117338.84,-9872.21,-9480.03,-9639.59,-9713.23,-9843.02,-9887.55,-10010.66,12148.570000000002,,
13686.0,3021811.69,1117337.85,-9872.24,-9480.07,-9639.63,-9713.27,-9843.06,-9887.58,-10010.7,12148.56,49.70882409523109,
13687.0,3021811.76,1117336.85,-9872.27,-9480.11,-9639.67,-9713.3,-9843.1,-9887.62,-10010.74,12148.55,51.62621167948517,
13688.0,3021811.82,1117335.85,-9872.3,-9480.15,-9639.71,-9713.34,-9843.14,-9887.66,-10010.78,12148.54,53.11383997761335,
13689.0,3021811.89,1117334.86,-9872.33,-9480.19,-9639.75,-9713.38,-9843.18,-9887.7,-10010.82,12148.53,51.57111433511005,
13690.0,3021811.96,1117333.86,-9872.36,-9480.23,-9639.79,-9713.42,-9843.22,-9887.74,-10010.86,12148.52,50.90994620260865,
13691.0,3021812.03,1117332.86,-9872.39,-9480.27,-9639.83,-9713.46,-9843.26,-9887.78,-10010.9,12148.51,,
13692.0,3021812.09,1117331.86,-9872.42,-9480.31,-9639.87,-9713.5,-9843.3,-9887.82,-10010.94,12148.5,,
13693.0,3021812.16,1117330.87,-9872.45,-9480.35,-9639.91,-9713.54,-9843.34,-9887.86,-10010.98,12148.490000000002,,
13694.0,3021812.23,1117329.87,-9872.48,-9480.39,-9639.95,-9713.58,-9843.38,-9887.9,-10011.02,12148.48,48.70605242760395,
13695.0,3021812.3,1117328.87,-9872.51,-9480.43,-9639.99,-9713.62,-9843.42,-9887.94,-10011.06,12148.47,,
13696.0,3021812.36,1117327.87,-9872.54,-9480.47,-9640.03,-9713.66,-9843.46,-9887.98,-10011.1,12148.46,50.90994620260865,
13697.0,3021812.43,1117326.88,-9872.56,-9480.51,-9640.07,-9713.7,-9843.5,-9888.02,-10011.14,12148.45,,
13698.0,3021812.5,1117325.88,-9872.59,-9480.55,-9640.1,-9713.74,-9843.54,-9888.06,-10011.18,12148.44,,
13699.0,3021812.57,1117324.88,-9872.62,-9480.59,-9640.14,-9713.78,-9843.58,-9888.1,-10011.22,12148.43,,
13700.0,3021812.64,1117323.89,-9872.65,-9480.63,-9640.18,-9713.82,-9843.62,-9888.14,-10011.26,12148.42,47.582066602351546,
13701.0,3021812.7,1117322.89,-9872.68,-9480.67,-9640.22,-9713.86,-9843.66,-9888.18,-10011.3,12148.41,45.256958669721584,
13702.0,3021812.77,1117321.89,-9872.71,-9480.71,-9640.26,-9713.9,-9843.7,-9888.22,-10011.34,12148.4,50.90994620260865,
13703.0,3021812.84,1117320.89,-9872.74,-9480.75,-9640.3,-9713.94,-9843.74,-9888.26,-10011.38,12148.39,,
13704.0,3021812.91,1117319.9,-9872.78,-9480.79,-9640.34,-9713.98,-9843.78,-9888.3,-10011.42,12148.38,55.31773375261806,
13705.0,3021812.97,1117318.9,-9872.81,-9480.83,-9640.38,-9714.02,-9843.82,-9888.34,-10011.46,12148.37,,
13706.0,3021813.04,1117317.9,-9872.84,-9480.87,-9640.42,-9714.06,-9843.86,-9888.38,-10011.5,12148.36,,
13707.0,3021813.11,1117316.9,-9872.87,-9480.91,-9640.46,-9714.1,-9843.9,-9888.42,-10011.54,12148.35,,
13708.0,3021813.18,1117315.91,-9872.9,-9480.95,-9640.5,-9714.14,-9843.94,-9888.46,-10011.58,12148.34,,
13709.0,3021813.24,1117314.91,-9872.93,-9480.99,-9640.54,-9714.18,-9843.98,-9888.5,-10011.62,12148.33,,
13710.0,3021813.31,1117313.91,-9872.96,-9481.03,-9640.58,-9714.22,-9844.02,-9888.54,-10011.66,12148.320000000002,,
13711.0,3021813.38,1117312.92,-9872.99,-9481.06,-9640.62,-9714.26,-9844.06,-9888.58,-10011.7,12148.31,53.43340457498903,
13712.0,3021813.45,1117311.92,-9873.02,-9481.1,-9640.66,-9714.3,-9844.1,-9888.62,-10011.74,12148.3,54.14967005186556,
13713.0,3021813.52,1117310.92,-9873.05,-9481.14,-9640.7,-9714.34,-9844.14,-9888.66,-10011.78,12148.29,58.62357441512511,
13714.0,3021813.58,1117309.92,-9873.08,-9481.18,-9640.74,-9714.38,-9844.18,-9888.7,-10011.81,12148.28,,
13715.0,3021813.65,1117308.93,-9873.11,-9481.22,-9640.78,-9714.42,-9844.22,-9888.74,-10011.85,12148.27,,
13716.0,3021813.72,1117307.93,-9873.14,-9481.26,-9640.82,-9714.46,-9844.26,-9888.78,-10011.89,12148.26,,
13717.0,3021813.79,1117306.93,-9873.17,-9481.3,-9640.86,-9714.5,-9844.3,-9888.82,-10011.93,12148.25,,
13718.0,3021813.86,1117305.94,-9873.2,-9481.34,-9640.9,-9714.54,-9844.34,-9888.86,-10011.97,12148.240000000002,54.22680633399072,
13719.0,3021813.93,1117304.94,-9873.23,-9481.38,-9640.94,-9714.58,-9844.38,-9888.9,-10012.01,12148.23,46.12749671084844,
13720.0,3021814.0,1117303.94,-9873.26,-9481.42,-9640.98,-9714.62,-9844.42,-9888.94,-10012.05,12148.22,44.94841354122092,
13721.0,3021814.07,1117302.94,-9873.29,-9481.46,-9641.02,-9714.66,-9844.45,-9888.98,-10012.09,12148.21,46.50215865259924,
13722.0,3021814.14,1117301.95,-9873.32,-9481.5,-9641.06,-9714.7,-9844.49,-9889.02,-10012.13,12148.2,47.637163946726666,
13723.0,3021814.2,1117300.95,-9873.35,-9481.54,-9641.1,-9714.74,-9844.53,-9889.06,-10012.17,12148.2,49.37824002898038,
13724.0,3021814.27,1117299.95,-9873.38,-9481.58,-9641.14,-9714.78,-9844.57,-9889.1,-10012.21,12148.19,53.11383997761335,
13725.0,3021814.34,1117298.96,-9873.41,-9481.62,-9641.18,-9714.82,-9844.61,-9889.14,-10012.25,12148.18,,
13726.0,3021814.41,1117297.96,-9873.44,-9481.66,-9641.22,-9714.86,-9844.65,-9889.18,-10012.29,12148.17,54.19374792736565,
13727.0,3021814.48,1117296.96,-9873.47,-9481.7,-9641.26,-9714.9,-9844.69,-9889.22,-10012.33,12148.16,58.62357441512511,
13728.0,3021814.55,1117295.96,-9873.5,-9481.74,-9641.3,-9714.94,-9844.73,-9889.26,-10012.37,12148.15,,
13729.0,3021814.62,1117294.97,-9873.53,-9481.78,-9641.34,-9714.98,-9844.77,-9889.3,-10012.41,12148.14,,
13730.0,3021814.7,1117293.97,-9873.56,-9481.82,-9641.38,-9715.02,-9844.81,-9889.34,-10012.45,12148.13,55.31773375261806,
13731.0,3021814.77,1117292.97,-9873.6,-9481.86,-9641.42,-9715.06,-9844.85,-9889.38,-10012.49,12148.12,58.62357441512511,
13732.0,3021814.84,1117291.98,-9873.63,-9481.9,-9641.46,-9715.1,-9844.89,-9889.42,-10012.53,12148.11,57.95138681374868,
13733.0,3021814.91,1117290.98,-9873.66,-9481.94,-9641.5,-9715.14,-9844.93,-9889.46,-10012.57,12148.1,55.31773375261806,
13734.0,3021814.98,1117289.98,-9873.69,-9481.98,-9641.54,-9715.18,-9844.97,-9889.5,-10012.61,12148.09,56.30948595137016,
13735.0,3021815.05,1117288.99,-9873.72,-9482.02,-9641.58,-9715.22,-9845.01,-9889.54,-10012.65,12148.08,58.62357441512511,
13736.0,3021815.12,1117287.99,-9873.75,-9482.06,-9641.62,-9715.26,-9845.05,-9889.58,-10012.69,12148.08,,
13737.0,3021815.19,1117286.99,-9873.78,-9482.1,-9641.66,-9715.3,-9845.09,-9889.62,-10012.73,12148.070000000002,52.50776918948706,
13738.0,3021815.26,1117285.99,-9873.81,-9482.14,-9641.7,-9715.34,-9845.13,-9889.66,-10012.77,12148.06,50.90994620260865,
13739.0,3021815.34,1117285.0,-9873.84,-9482.18,-9641.74,-9715.38,-9845.17,-9889.7,-10012.81,12148.05,55.31773375261806,
13740.0,3021815.41,1117284.0,-9873.87,-9482.22,-9641.78,-9715.42,-9845.21,-9889.74,-10012.85,12148.04,56.38662223349534,
13741.0,3021815.48,1117283.0,-9873.9,-9482.26,-9641.82,-9715.46,-9845.25,-9889.78,-10012.89,12148.03,60.82746819012981,
13742.0,3021815.55,1117282.01,-9873.93,-9482.3,-9641.86,-9715.5,-9845.29,-9889.82,-10012.93,12148.02,,
13743.0,3021815.62,1117281.01,-9873.96,-9482.34,-9641.9,-9715.54,-9845.33,-9889.86,-10012.97,12148.01,,
13744.0,3021815.7,1117280.01,-9874.0,-9482.38,-9641.94,-9715.58,-9845.37,-9889.9,-10013.01,12148.0,,
13745.0,3021815.77,1117279.02,-9874.03,-9482.42,-9641.98,-9715.62,-9845.41,-9889.94,-10013.05,12147.990000000002,,
13746.0,3021815.84,1117278.02,-9874.06,-9482.46,-9642.02,-9715.66,-9845.45,-9889.98,-10013.09,12147.98,,
13747.0,3021815.91,1117277.02,-9874.09,-9482.5,-9642.06,-9715.7,-9845.49,-9890.02,-10013.13,12147.98,56.35356382687026,
13748.0,3021815.99,1117276.03,-9874.12,-9482.54,-9642.1,-9715.74,-9845.53,-9890.06,-10013.17,12147.97,54.98714968636735,
13749.0,3021816.06,1117275.03,-9874.15,-9482.58,-9642.14,-9715.78,-9845.57,-9890.1,-10013.21,12147.96,53.11383997761335,
13750.0,3021816.13,1117274.03,-9874.18,-9482.62,-9642.18,-9715.82,-9845.61,-9890.14,-10013.25,12147.95,57.27919921237225,
13751.0,3021816.21,1117273.03,-9874.21,-9482.66,-9642.22,-9715.86,-9845.65,-9890.18,-10013.29,12147.94,58.62357441512511,
13752.0,3021816.28,1117272.04,-9874.24,-9482.7,-9642.26,-9715.9,-9845.69,-9890.22,-10013.33,12147.93,,
13753.0,3021816.35,1117271.04,-9874.27,-9482.74,-9642.3,-9715.94,-9845.73,-9890.26,-10013.37,12147.92,,
13754.0,3021816.43,1117270.04,-9874.3,-9482.78,-9642.34,-9715.98,-9845.77,-9890.3,-10013.41,12147.91,60.97072128550512,
13755.0,3021816.5,1117269.05,-9874.34,-9482.82,-9642.38,-9716.02,-9845.81,-9890.34,-10013.45,12147.9,69.64304329014863,
13756.0,3021816.58,1117268.05,-9874.37,-9482.86,-9642.42,-9716.06,-9845.85,-9890.38,-10013.49,12147.9,67.6154610171443,
13757.0,3021816.65,1117267.05,-9874.4,-9482.9,-9642.46,-9716.1,-9845.89,-9890.42,-10013.53,12147.89,63.03136196513452,
13758.0,3021816.72,1117266.06,-9874.43,-9482.94,-9642.5,-9716.14,-9845.93,-9890.46,-10013.57,12147.88,60.82746819012981,
13759.0,3021816.8,1117265.06,-9874.46,-9482.98,-9642.54,-9716.18,-9845.97,-9890.5,-10013.61,12147.87,,
13760.0,3021816.87,1117264.06,-9874.49,-9483.02,-9642.58,-9716.22,-9846.01,-9890.54,-10013.65,12147.86,,
13761.0,3021816.95,1117263.07,-9874.52,-9483.06,-9642.62,-9716.26,-9846.05,-9890.58,-10013.69,12147.85,,
13762.0,3021817.02,1117262.07,-9874.55,-9483.1,-9642.66,-9716.3,-9846.09,-9890.62,-10013.73,12147.84,62.52446639688343,
13763.0,3021817.1,1117261.07,-9874.58,-9483.14,-9642.7,-9716.34,-9846.13,-9890.66,-10013.77,12147.83,62.61262214788361,
13764.0,3021817.17,1117260.08,-9874.62,-9483.18,-9642.74,-9716.38,-9846.17,-9890.7,-10013.81,12147.83,60.82746819012981,
13765.0,3021817.25,1117259.08,-9874.65,-9483.22,-9642.78,-9716.42,-9846.21,-9890.74,-10013.85,12147.820000000002,,
13766.0,3021817.32,1117258.08,-9874.68,-9483.26,-9642.82,-9716.46,-9846.25,-9890.78,-10013.89,12147.81,58.62357441512511,
13767.0,3021817.4,1117257.09,-9874.71,-9483.3,-9642.86,-9716.5,-9846.29,-9890.82,-10013.93,12147.8,59.857754929127736,
13768.0,3021817.48,1117256.09,-9874.74,-9483.34,-9642.9,-9716.54,-9846.33,-9890.85,-10013.97,12147.79,65.23525574013922,
13769.0,3021817.55,1117255.09,-9874.77,-9483.38,-9642.94,-9716.58,-9846.37,-9890.89,-10014.01,12147.78,63.857822130761285,
13770.0,3021817.63,1117254.1,-9874.8,-9483.42,-9642.98,-9716.61,-9846.41,-9890.93,-10014.05,12147.77,63.03136196513452,
13771.0,3021817.7,1117253.1,-9874.84,-9483.46,-9643.02,-9716.65,-9846.45,-9890.97,-10014.09,12147.77,,
13772.0,3021817.78,1117252.1,-9874.87,-9483.5,-9643.06,-9716.69,-9846.49,-9891.01,-10014.13,12147.76,,
13773.0,3021817.86,1117251.11,-9874.9,-9483.54,-9643.1,-9716.73,-9846.53,-9891.05,-10014.17,12147.75,,
13774.0,3021817.93,1117250.11,-9874.93,-9483.58,-9643.14,-9716.77,-9846.57,-9891.09,-10014.21,12147.740000000002,,
13775.0,3021818.01,1117249.11,-9874.96,-9483.62,-9643.18,-9716.81,-9846.61,-9891.13,-10014.25,12147.73,,
13776.0,3021818.09,1117248.12,-9874.99,-9483.66,-9643.22,-9716.85,-9846.65,-9891.17,-10014.29,12147.72,60.82746819012981,
13777.0,3021818.16,1117247.12,-9875.02,-9483.7,-9643.26,-9716.89,-9846.69,-9891.21,-10014.33,12147.72,,
13778.0,3021818.24,1117246.12,-9875.06,-9483.74,-9643.3,-9716.93,-9846.73,-9891.25,-10014.37,12147.71,63.70354956651096,
13779.0,3021818.32,1117245.13,-9875.09,-9483.78,-9643.34,-9716.97,-9846.77,-9891.29,-10014.41,12147.7,65.23525574013922,
13780.0,3021818.39,1117244.13,-9875.12,-9483.82,-9643.37,-9717.01,-9846.81,-9891.33,-10014.45,12147.69,63.3509265625102,
13781.0,3021818.47,1117243.14,-9875.15,-9483.86,-9643.41,-9717.05,-9846.85,-9891.37,-10014.49,12147.68,63.03136196513452,
13782.0,3021818.55,1117242.14,-9875.18,-9483.9,-9643.45,-9717.09,-9846.89,-9891.41,-10014.53,12147.67,62.2269407372578,
13783.0,3021818.63,1117241.14,-9875.21,-9483.94,-9643.49,-9717.13,-9846.93,-9891.45,-10014.57,12147.67,60.82746819012981,
13784.0,3021818.7,1117240.15,-9875.24,-9483.98,-9643.53,-9717.17,-9846.97,-9891.49,-10014.61,12147.66,56.38662223349534,
13785.0,3021818.78,1117239.15,-9875.28,-9484.02,-9643.57,-9717.21,-9847.01,-9891.53,-10014.65,12147.65,56.56293373549571,
13786.0,3021818.86,1117238.15,-9875.31,-9484.06,-9643.61,-9717.25,-9847.05,-9891.57,-10014.69,12147.64,63.03136196513452,
13787.0,3021818.94,1117237.16,-9875.34,-9484.1,-9643.65,-9717.29,-9847.09,-9891.61,-10014.73,12147.63,,
13788.0,3021819.02,1117236.16,-9875.37,-9484.14,-9643.69,-9717.33,-9847.13,-9891.65,-10014.77,12147.62,,
13789.0,3021819.1,1117235.16,-9875.4,-9484.18,-9643.73,-9717.37,-9847.17,-9891.69,-10014.81,12147.62,63.33990709363518,
13790.0,3021819.17,1117234.17,-9875.43,-9484.22,-9643.77,-9717.41,-9847.21,-9891.73,-10014.85,12147.61,65.23525574013922,
13791.0,3021819.25,1117233.17,-9875.47,-9484.26,-9643.81,-9717.45,-9847.25,-9891.77,-10014.89,12147.6,,
13792.0,3021819.33,1117232.17,-9875.5,-9484.3,-9643.85,-9717.49,-9847.29,-9891.81,-10014.93,12147.59,63.03136196513452,
13793.0,3021819.41,1117231.18,-9875.53,-9484.33,-9643.89,-9717.53,-9847.33,-9891.85,-10014.97,12147.58,65.23525574013922,
13794.0,3021819.49,1117230.18,-9875.56,-9484.37,-9643.93,-9717.57,-9847.37,-9891.89,-10015.01,12147.570000000002,65.9735601547658,
13795.0,3021819.57,1117229.19,-9875.59,-9484.41,-9643.97,-9717.61,-9847.41,-9891.93,-10015.05,12147.570000000002,67.43914951514392,
13796.0,3021819.65,1117228.19,-9875.63,-9484.45,-9644.01,-9717.65,-9847.45,-9891.97,-10015.08,12147.56,,
13797.0,3021819.73,1117227.19,-9875.66,-9484.49,-9644.05,-9717.69,-9847.49,-9892.01,-10015.12,12147.55,63.90190000626137,
13798.0,3021819.81,1117226.2,-9875.69,-9484.53,-9644.09,-9717.73,-9847.53,-9892.05,-10015.16,12147.54,63.03136196513452,
13799.0,3021819.89,1117225.2,-9875.72,-9484.57,-9644.13,-9717.77,-9847.57,-9892.09,-10015.2,12147.53,60.82746819012981,
13800.0,3021819.97,1117224.2,-9875.75,-9484.61,-9644.17,-9717.81,-9847.61,-9892.13,-10015.24,12147.53,,
13801.0,3021820.05,1117223.21,-9875.78,-9484.65,-9644.21,-9717.85,-9847.65,-9892.17,-10015.28,12147.52,65.23525574013922,
13802.0,3021820.13,1117222.21,-9875.82,-9484.69,-9644.25,-9717.89,-9847.69,-9892.21,-10015.32,12147.51,59.90183280462784,
13803.0,3021820.21,1117221.21,-9875.85,-9484.73,-9644.29,-9717.93,-9847.72,-9892.25,-10015.36,12147.5,58.62357441512511,
13804.0,3021820.29,1117220.22,-9875.88,-9484.77,-9644.33,-9717.97,-9847.76,-9892.29,-10015.4,12147.490000000002,,
13805.0,3021820.37,1117219.22,-9875.91,-9484.81,-9644.37,-9718.01,-9847.8,-9892.33,-10015.44,12147.490000000002,,
13806.0,3021820.45,1117218.23,-9875.94,-9484.85,-9644.41,-9718.05,-9847.84,-9892.37,-10015.48,12147.48,60.40872837287891,
13807.0,3021820.53,1117217.23,-9875.98,-9484.89,-9644.45,-9718.09,-9847.88,-9892.41,-10015.52,12147.47,61.48863632263122,
13808.0,3021820.61,1117216.23,-9876.01,-9484.93,-9644.49,-9718.13,-9847.92,-9892.45,-10015.56,12147.46,65.23525574013922,
13809.0,3021820.69,1117215.24,-9876.04,-9484.97,-9644.53,-9718.17,-9847.96,-9892.49,-10015.6,12147.46,,
13810.0,3021820.77,1117214.24,-9876.07,-9485.01,-9644.57,-9718.21,-9848.0,-9892.53,-10015.64,12147.45,,
13811.0,3021820.85,1117213.24,-9876.1,-9485.05,-9644.61,-9718.25,-9848.04,-9892.57,-10015.68,12147.44,,
13812.0,3021820.93,1117212.25,-9876.14,-9485.09,-9644.65,-9718.29,-9848.08,-9892.61,-10015.72,12147.43,63.03136196513452,
13813.0,3021821.01,1117211.25,-9876.17,-9485.13,-9644.69,-9718.33,-9848.12,-9892.65,-10015.76,12147.42,,
13814.0,3021821.09,1117210.26,-9876.2,-9485.17,-9644.73,-9718.37,-9848.16,-9892.69,-10015.8,12147.42,,
13815.0,3021821.18,1117209.26,-9876.23,-9485.21,-9644.77,-9718.41,-9848.2,-9892.73,-10015.84,12147.41,58.62357441512511,
13816.0,3021821.26,1117208.26,-9876.27,-9485.25,-9644.81,-9718.45,-9848.24,-9892.77,-10015.88,12147.4,60.82746819012981,
13817.0,3021821.34,1117207.27,-9876.3,-9485.29,-9644.85,-9718.49,-9848.28,-9892.81,-10015.92,12147.39,,
13818.0,3021821.42,1117206.27,-9876.33,-9485.33,-9644.89,-9718.53,-9848.32,-9892.85,-10015.96,12147.39,61.64290888688155,
13819.0,3021821.5,1117205.28,-9876.36,-9485.37,-9644.93,-9718.57,-9848.36,-9892.89,-10016.0,12147.38,,
13820.0,3021821.58,1117204.28,-9876.39,-9485.41,-9644.97,-9718.61,-9848.4,-9892.93,-10016.04,12147.37,65.23525574013922,
13821.0,3021821.66,1117203.28,-9876.43,-9485.45,-9645.01,-9718.65,-9848.44,-9892.97,-10016.08,12147.36,60.82746819012981,
13822.0,3021821.74,1117202.29,-9876.46,-9485.49,-9645.05,-9718.69,-9848.48,-9893.01,-10016.12,12147.36,,
13823.0,3021821.82,1117201.29,-9876.49,-9485.53,-9645.09,-9718.73,-9848.52,-9893.05,-10016.16,12147.35,,
13824.0,3021821.9,1117200.29,-9876.52,-9485.57,-9645.13,-9718.77,-9848.56,-9893.09,-10016.2,12147.34,65.23525574013922,
13825.0,3021821.99,1117199.3,-9876.56,-9485.61,-9645.17,-9718.81,-9848.6,-9893.13,-10016.24,12147.33,,
13826.0,3021822.07,1117198.3,-9876.59,-9485.65,-9645.21,-9718.85,-9848.64,-9893.17,-10016.28,12147.33,66.29312475214148,
13827.0,3021822.15,1117197.31,-9876.62,-9485.69,-9645.25,-9718.89,-9848.68,-9893.21,-10016.32,12147.320000000002,67.43914951514392,
13828.0,3021822.23,1117196.31,-9876.65,-9485.73,-9645.29,-9718.93,-9848.72,-9893.25,-10016.36,12147.31,63.03136196513452,
13829.0,3021822.31,1117195.31,-9876.69,-9485.77,-9645.33,-9718.97,-9848.76,-9893.29,-10016.4,12147.3,,
13830.0,3021822.39,1117194.32,-9876.72,-9485.81,-9645.37,-9719.01,-9848.8,-9893.33,-10016.44,12147.3,60.82746819012981,
13831.0,3021822.47,1117193.32,-9876.75,-9485.85,-9645.41,-9719.05,-9848.84,-9893.37,-10016.48,12147.29,,
13832.0,3021822.55,1117192.32,-9876.78,-9485.89,-9645.45,-9719.09,-9848.88,-9893.41,-10016.52,12147.28,,
13833.0,3021822.64,1117191.33,-9876.82,-9485.93,-9645.49,-9719.13,-9848.92,-9893.45,-10016.56,12147.27,54.79981871549195,
13834.0,3021822.72,1117190.33,-9876.85,-9485.97,-9645.53,-9719.17,-9848.97,-9893.49,-10016.6,12147.26,53.11383997761335,
13835.0,3021822.8,1117189.34,-9876.88,-9486.02,-9645.57,-9719.21,-9849.01,-9893.53,-10016.65,12147.25,58.62357441512511,
13836.0,3021822.88,1117188.34,-9876.91,-9486.06,-9645.61,-9719.25,-9849.05,-9893.57,-10016.69,12147.240000000002,,
13837.0,3021822.96,1117187.34,-9876.95,-9486.1,-9645.66,-9719.29,-9849.09,-9893.61,-10016.73,12147.240000000002,61.14703278750549,
13838.0,3021823.04,1117186.35,-9876.98,-9486.14,-9645.7,-9719.34,-9849.13,-9893.66,-10016.77,12147.23,63.03136196513452,
13839.0,3021823.12,1117185.35,-9877.01,-9486.18,-9645.74,-9719.38,-9849.17,-9893.7,-10016.81,12147.22,67.31793535751866,
13840.0,3021823.21,1117184.36,-9877.04,-9486.22,-9645.78,-9719.42,-9849.21,-9893.74,-10016.85,12147.21,69.64304329014863,
13841.0,3021823.29,1117183.36,-9877.08,-9486.26,-9645.82,-9719.46,-9849.25,-9893.78,-10016.89,12147.2,58.62357441512511,
13842.0,3021823.37,1117182.36,-9877.11,-9486.3,-9645.86,-9719.5,-9849.3,-9893.82,-10016.93,12147.19,,
13843.0,3021823.45,1117181.37,-9877.14,-9486.35,-9645.9,-9719.54,-9849.34,-9893.86,-10016.98,12147.18,,
13844.0,3021823.53,1117180.37,-9877.17,-9486.39,-9645.95,-9719.58,-9849.38,-9893.9,-10017.02,12147.17,,
13845.0,3021823.61,1117179.38,-9877.21,-9486.43,-9645.99,-9719.63,-9849.42,-9893.95,-10017.06,12147.17,,
13846.0,3021823.7,1117178.38,-9877.24,-9486.47,-9646.03,-9719.67,-9849.46,-9893.99,-10017.1,12147.16,62.95422568300935,
13847.0,3021823.78,1117177.38,-9877.27,-9486.51,-9646.07,-9719.71,-9849.5,-9894.03,-10017.14,12147.15,65.23525574013922,
13848.0,3021823.86,1117176.39,-9877.3,-9486.55,-9646.11,-9719.75,-9849.55,-9894.07,-10017.18,12147.14,63.82476372413621,
13849.0,3021823.94,1117175.39,-9877.34,-9486.6,-9646.15,-9719.79,-9849.59,-9894.11,-10017.23,12147.13,63.03136196513452,
13850.0,3021824.02,1117174.39,-9877.37,-9486.64,-9646.2,-9719.84,-9849.63,-9894.16,-10017.27,12147.12,64.36471769901236,
13851.0,3021824.11,1117173.4,-9877.4,-9486.68,-9646.24,-9719.88,-9849.67,-9894.2,-10017.31,12147.11,65.23525574013922,
13852.0,3021824.19,1117172.4,-9877.44,-9486.72,-9646.28,-9719.92,-9849.71,-9894.24,-10017.35,12147.1,,
13853.0,3021824.27,1117171.41,-9877.47,-9486.76,-9646.32,-9719.96,-9849.75,-9894.28,-10017.39,12147.09,,
13854.0,3021824.35,1117170.41,-9877.5,-9486.81,-9646.36,-9720.0,-9849.8,-9894.32,-10017.44,12147.08,,
13855.0,3021824.43,1117169.41,-9877.53,-9486.85,-9646.41,-9720.04,-9849.84,-9894.36,-10017.48,12147.08,,
13856.0,3021824.52,1117168.42,-9877.57,-9486.89,-9646.45,-9720.09,-9849.88,-9894.41,-10017.52,12147.070000000002,63.03136196513452,
13857.0,3021824.6,1117167.42,-9877.6,-9486.93,-9646.49,-9720.13,-9849.92,-9894.45,-10017.56,12147.06,70.51358133127547,
13858.0,3021824.68,1117166.43,-9877.63,-9486.97,-9646.53,-9720.17,-9849.96,-9894.49,-10017.6,12147.05,70.6127565511507,
13859.0,3021824.76,1117165.43,-9877.67,-9487.01,-9646.57,-9720.21,-9850.01,-9894.53,-10017.64,12147.04,65.23525574013922,
13860.0,3021824.85,1117164.43,-9877.7,-9487.06,-9646.61,-9720.25,-9850.05,-9894.57,-10017.69,12147.03,,
13861.0,3021824.93,1117163.44,-9877.73,-9487.1,-9646.66,-9720.29,-9850.09,-9894.61,-10017.73,12147.02,,
13862.0,3021825.01,1117162.44,-9877.77,-9487.14,-9646.7,-9720.34,-9850.13,-9894.66,-10017.77,12147.01,,
13863.0,3021825.09,1117161.45,-9877.8,-9487.18,-9646.74,-9720.38,-9850.17,-9894.7,-10017.81,12147.01,,
13864.0,3021825.18,1117160.45,-9877.83,-9487.22,-9646.78,-9720.42,-9850.21,-9894.74,-10017.85,12147.0,60.82746819012981,
13865.0,3021825.26,1117159.45,-9877.86,-9487.26,-9646.82,-9720.46,-9850.26,-9894.78,-10017.9,12146.990000000002,,
13866.0,3021825.34,1117158.46,-9877.9,-9487.31,-9646.86,-9720.5,-9850.3,-9894.82,-10017.94,12146.98,,
13867.0,3021825.42,1117157.46,-9877.93,-9487.35,-9646.91,-9720.55,-9850.34,-9894.87,-10017.98,12146.97,65.23525574013922,
13868.0,3021825.51,1117156.47,-9877.96,-9487.39,-9646.95,-9720.59,-9850.38,-9894.91,-10018.02,12146.96,,
13869.0,3021825.59,1117155.47,-9878.0,-9487.43,-9646.99,-9720.63,-9850.42,-9894.95,-10018.06,12146.95,63.03136196513452,
13870.0,3021825.67,1117154.47,-9878.03,-9487.47,-9647.03,-9720.67,-9850.46,-9894.99,-10018.1,12146.95,,
13871.0,3021825.75,1117153.48,-9878.06,-9487.52,-9647.07,-9720.71,-9850.51,-9895.03,-10018.15,12146.94,,
13872.0,3021825.84,1117152.48,-9878.1,-9487.56,-9647.12,-9720.75,-9850.55,-9895.07,-10018.19,12146.93,,
13873.0,3021825.92,1117151.49,-9878.13,-9487.6,-9647.16,-9720.8,-9850.59,-9895.12,-10018.23,12146.92,63.48316018901048,
13874.0,3021826.0,1117150.49,-9878.16,-9487.64,-9647.2,-9720.84,-9850.63,-9895.16,-10018.27,12146.91,65.23525574013922,
13875.0,3021826.08,1117149.49,-9878.2,-9487.68,-9647.24,-9720.88,-9850.67,-9895.2,-10018.31,12146.9,64.19942566588702,
13876.0,3021826.17,1117148.5,-9878.23,-9487.72,-9647.28,-9720.92,-9850.72,-9895.24,-10018.35,12146.89,60.82746819012981,
13877.0,3021826.25,1117147.5,-9878.26,-9487.77,-9647.32,-9720.96,-9850.76,-9895.28,-10018.4,12146.89,,
13878.0,3021826.33,1117146.51,-9878.3,-9487.81,-9647.37,-9721.0,-9850.8,-9895.32,-10018.44,12146.88,55.31773375261806,
13879.0,3021826.42,1117145.51,-9878.33,-9487.85,-9647.41,-9721.05,-9850.84,-9895.37,-10018.48,12146.87,56.08909657386971,
13880.0,3021826.5,1117144.51,-9878.36,-9487.89,-9647.45,-9721.09,-9850.88,-9895.41,-10018.52,12146.86,60.82746819012981,
13881.0,3021826.58,1117143.52,-9878.4,-9487.93,-9647.49,-9721.13,-9850.92,-9895.45,-10018.56,12146.85,61.83023985775695,
13882.0,3021826.67,1117142.52,-9878.43,-9487.97,-9647.53,-9721.17,-9850.97,-9895.49,-10018.61,12146.84,63.03136196513452,
13883.0,3021826.75,1117141.53,-9878.46,-9488.02,-9647.57,-9721.21,-9851.01,-9895.53,-10018.65,12146.83,,
13884.0,3021826.83,1117140.53,-9878.5,-9488.06,-9647.62,-9721.26,-9851.05,-9895.58,-10018.69,12146.83,62.711797367758834,
13885.0,3021826.92,1117139.53,-9878.53,-9488.1,-9647.66,-9721.3,-9851.09,-9895.62,-10018.73,12146.820000000002,60.82746819012981,
13886.0,3021827.0,1117138.54,-9878.56,-9488.14,-9647.7,-9721.34,-9851.13,-9895.66,-10018.77,12146.81,,
13887.0,3021827.08,1117137.54,-9878.6,-9488.18,-9647.74,-9721.38,-9851.17,-9895.7,-10018.81,12146.8,61.20213013188062,
13888.0,3021827.17,1117136.55,-9878.63,-9488.23,-9647.78,-9721.42,-9851.22,-9895.74,-10018.86,12146.79,63.03136196513452,
13889.0,3021827.25,1117135.55,-9878.66,-9488.27,-9647.83,-9721.46,-9851.26,-9895.78,-10018.9,12146.79,,
13890.0,3021827.33,1117134.55,-9878.7,-9488.31,-9647.87,-9721.51,-9851.3,-9895.83,-10018.94,12146.78,,
13891.0,3021827.42,1117133.56,-9878.73,-9488.35,-9647.91,-9721.55,-9851.34,-9895.87,-10018.98,12146.77,65.23525574013922,
13892.0,3021827.5,1117132.56,-9878.76,-9488.39,-9647.95,-9721.59,-9851.38,-9895.91,-10019.02,12146.76,,
13893.0,3021827.58,1117131.57,-9878.8,-9488.43,-9647.99,-9721.63,-9851.43,-9895.95,-10019.06,12146.75,65.63195661964006,
13894.0,3021827.67,1117130.57,-9878.83,-9488.48,-9648.03,-9721.67,-9851.47,-9895.99,-10019.11,12146.740000000002,67.43914951514392,
13895.0,3021827.75,1117129.57,-9878.87,-9488.52,-9648.08,-9721.71,-9851.51,-9896.03,-10019.15,12146.740000000002,67.04244863564308,
13896.0,3021827.83,1117128.58,-9878.9,-9488.56,-9648.12,-9721.76,-9851.55,-9896.08,-10019.19,12146.73,65.23525574013922,
13897.0,3021827.92,1117127.58,-9878.93,-9488.6,-9648.16,-9721.8,-9851.59,-9896.12,-10019.23,12146.72,65.62093715076504,
13898.0,3021828.0,1117126.59,-9878.97,-9488.64,-9648.2,-9721.84,-9851.63,-9896.16,-10019.27,12146.71,67.43914951514392,
13899.0,3021828.08,1117125.59,-9879.0,-9488.68,-9648.24,-9721.88,-9851.68,-9896.2,-10019.32,12146.7,66.85511766476768,
13900.0,3021828.17,1117124.59,-9879.03,-9488.73,-9648.29,-9721.92,-9851.72,-9896.24,-10019.36,12146.7,62.76689471213395,
13901.0,3021828.25,1117123.6,-9879.07,-9488.77,-9648.33,-9721.97,-9851.76,-9896.29,-10019.4,12146.69,64.84957432951339,
13902.0,3021828.34,1117122.6,-9879.1,-9488.81,-9648.37,-9722.01,-9851.8,-9896.33,-10019.44,12146.68,68.5080379960212,
13903.0,3021828.43,1117121.61,-9879.14,-9488.85,-9648.41,-9722.05,-9851.84,-9896.37,-10019.48,12146.67,,
13904.0,3021828.51,1117120.61,-9879.17,-9488.89,-9648.45,-9722.09,-9851.88,-9896.41,-10019.52,12146.67,,
13905.0,3021828.6,1117119.62,-9879.2,-9488.94,-9648.49,-9722.13,-9851.93,-9896.45,-10019.57,12146.66,71.84693706515334,
13906.0,3021828.69,1117118.62,-9879.24,-9488.98,-9648.54,-9722.17,-9851.97,-9896.49,-10019.61,12146.65,63.03136196513452,
13907.0,3021828.78,1117117.63,-9879.27,-9489.02,-9648.58,-9722.22,-9852.01,-9896.54,-10019.65,12146.64,,
13908.0,3021828.86,1117116.63,-9879.31,-9489.06,-9648.62,-9722.26,-9852.05,-9896.58,-10019.69,12146.64,62.2269407372578,
13909.0,3021828.95,1117115.63,-9879.34,-9489.1,-9648.66,-9722.3,-9852.09,-9896.62,-10019.73,12146.63,58.24891247337431,
13910.0,3021829.04,1117114.64,-9879.38,-9489.14,-9648.7,-9722.34,-9852.14,-9896.66,-10019.77,12146.62,61.83023985775695,
13911.0,3021829.13,1117113.64,-9879.41,-9489.19,-9648.74,-9722.38,-9852.18,-9896.7,-10019.82,12146.61,69.12512825302252,
13912.0,3021829.22,1117112.65,-9879.45,-9489.23,-9648.79,-9722.42,-9852.22,-9896.74,-10019.86,12146.61,69.64304329014863,
13913.0,3021829.31,1117111.65,-9879.48,-9489.27,-9648.83,-9722.47,-9852.26,-9896.79,-10019.9,12146.6,69.12512825302252,
13914.0,3021829.4,1117110.66,-9879.51,-9489.31,-9648.87,-9722.51,-9852.3,-9896.83,-10019.94,12146.59,67.86890880126984,
13915.0,3021829.5,1117109.66,-9879.55,-9489.35,-9648.91,-9722.55,-9852.34,-9896.87,-10019.98,12146.59,67.43914951514392,
13916.0,3021829.59,1117108.67,-9879.58,-9489.39,-9648.95,-9722.59,-9852.39,-9896.91,-10020.03,12146.58,,
13917.0,3021829.68,1117107.67,-9879.62,-9489.44,-9649.0,-9722.63,-9852.43,-9896.95,-10020.07,12146.570000000002,65.23525574013922,
13918.0,3021829.77,1117106.68,-9879.65,-9489.48,-9649.04,-9722.68,-9852.47,-9897.0,-10020.11,12146.570000000002,67.43914951514392,
13919.0,3021829.87,1117105.68,-9879.69,-9489.52,-9649.08,-9722.72,-9852.51,-9897.04,-10020.15,12146.56,,
13920.0,3021829.96,1117104.69,-9879.72,-9489.56,-9649.12,-9722.76,-9852.55,-9897.08,-10020.19,12146.55,67.93502561451999,
13921.0,3021830.06,1117103.69,-9879.76,-9489.6,-9649.16,-9722.8,-9852.59,-9897.12,-10020.23,12146.54,69.64304329014863,
13922.0,3021830.15,1117102.7,-9879.8,-9489.65,-9649.2,-9722.84,-9852.64,-9897.16,-10020.28,12146.54,72.57422201090488,
13923.0,3021830.25,1117101.7,-9879.83,-9489.69,-9649.25,-9722.88,-9852.68,-9897.2,-10020.32,12146.53,75.15277772766039,
13924.0,3021830.34,1117100.71,-9879.87,-9489.73,-9649.29,-9722.93,-9852.72,-9897.25,-10020.36,12146.53,68.60721321589642,
13925.0,3021830.44,1117099.71,-9879.9,-9489.77,-9649.33,-9722.97,-9852.76,-9897.29,-10020.4,12146.52,67.43914951514392,
13926.0,3021830.53,1117098.72,-9879.94,-9489.81,-9649.37,-9723.01,-9852.8,-9897.33,-10020.44,12146.51,,
13927.0,3021830.63,1117097.72,-9879.97,-9489.85,-9649.41,-9723.05,-9852.85,-9897.37,-10020.48,12146.51,,
13928.0,3021830.73,1117096.73,-9880.01,-9489.9,-9649.45,-9723.09,-9852.89,-9897.41,-10020.53,12146.5,,
13929.0,3021830.83,1117095.73,-9880.04,-9489.94,-9649.5,-9723.13,-9852.93,-9897.45,-10020.57,12146.490000000002,59.45003458075188,
13930.0,3021830.93,1117094.74,-9880.08,-9489.98,-9649.54,-9723.18,-9852.97,-9897.5,-10020.61,12146.490000000002,58.932119543625774,
13931.0,3021831.02,1117093.75,-9880.12,-9490.02,-9649.58,-9723.22,-9853.01,-9897.54,-10020.65,12146.48,63.03136196513452,
13932.0,3021831.12,1117092.75,-9880.15,-9490.06,-9649.62,-9723.26,-9853.05,-9897.58,-10020.69,12146.48,64.3867566367624,
13933.0,3021831.22,1117091.76,-9880.19,-9490.1,-9649.66,-9723.3,-9853.1,-9897.62,-10020.74,12146.47,65.23525574013922,
13934.0,3021831.32,1117090.76,-9880.22,-9490.15,-9649.71,-9723.34,-9853.14,-9897.66,-10020.78,12146.47,66.92123447801782,
13935.0,3021831.43,1117089.77,-9880.26,-9490.19,-9649.75,-9723.39,-9853.18,-9897.71,-10020.82,12146.46,67.43914951514392,
13936.0,3021831.53,1117088.77,-9880.3,-9490.23,-9649.79,-9723.43,-9853.22,-9897.75,-10020.86,12146.45,,
13937.0,3021831.63,1117087.78,-9880.33,-9490.27,-9649.83,-9723.47,-9853.26,-9897.79,-10020.9,12146.45,65.69807343289021,
13938.0,3021831.73,1117086.79,-9880.37,-9490.31,-9649.87,-9723.51,-9853.3,-9897.83,-10020.94,12146.44,65.23525574013922,
13939.0,3021831.83,1117085.79,-9880.4,-9490.36,-9649.91,-9723.55,-9853.35,-9897.87,-10020.99,12146.44,,
13940.0,3021831.94,1117084.8,-9880.44,-9490.4,-9649.96,-9723.59,-9853.39,-9897.91,-10021.03,12146.43,64.90467167388852,
13941.0,3021832.04,1117083.8,-9880.48,-9490.44,-9650.0,-9723.64,-9853.43,-9897.96,-10021.07,12146.43,63.03136196513452,
13942.0,3021832.14,1117082.81,-9880.51,-9490.48,-9650.04,-9723.68,-9853.47,-9898.0,-10021.11,12146.42,,
13943.0,3021832.25,1117081.82,-9880.55,-9490.52,-9650.08,-9723.72,-9853.51,-9898.04,-10021.15,12146.42,,
13944.0,3021832.35,1117080.82,-9880.59,-9490.56,-9650.12,-9723.76,-9853.56,-9898.08,-10021.19,12146.41,,
13945.0,3021832.46,1117079.83,-9880.62,-9490.61,-9650.16,-9723.8,-9853.6,-9898.12,-10021.24,12146.41,,
13946.0,3021832.56,1117078.83,-9880.66,-9490.65,-9650.21,-9723.84,-9853.64,-9898.16,-10021.28,12146.4,,
13947.0,3021832.67,1117077.84,-9880.7,-9490.69,-9650.25,-9723.89,-9853.68,-9898.21,-10021.32,12146.4,64.57408760763781,
13948.0,3021832.78,1117076.85,-9880.74,-9490.73,-9650.29,-9723.93,-9853.72,-9898.25,-10021.36,12146.39,65.23525574013922,
13949.0,3021832.88,1117075.85,-9880.77,-9490.77,-9650.33,-9723.97,-9853.76,-9898.29,-10021.4,12146.39,63.89088053738636,
13950.0,3021832.99,1117074.86,-9880.81,-9490.81,-9650.37,-9724.01,-9853.81,-9898.33,-10021.45,12146.38,59.141489452251214,
13951.0,3021833.1,1117073.87,-9880.85,-9490.86,-9650.41,-9724.05,-9853.85,-9898.37,-10021.49,12146.38,60.5409619993792,
13952.0,3021833.21,1117072.87,-9880.88,-9490.9,-9650.46,-9724.1,-9853.89,-9898.42,-10021.53,12146.37,63.03136196513452,
13953.0,3021833.32,1117071.88,-9880.92,-9490.94,-9650.5,-9724.14,-9853.93,-9898.46,-10021.57,12146.37,,
13954.0,3021833.43,1117070.89,-9880.96,-9490.98,-9650.54,-9724.18,-9853.97,-9898.5,-10021.61,12146.37,,
13955.0,3021833.54,1117069.89,-9881.0,-9491.02,-9650.58,-9724.22,-9854.01,-9898.54,-10021.65,12146.36,62.70077789888382,
13956.0,3021833.65,1117068.9,-9881.03,-9491.07,-9650.62,-9724.26,-9854.06,-9898.58,-10021.7,12146.36,60.82746819012981,
13957.0,3021833.76,1117067.91,-9881.07,-9491.11,-9650.67,-9724.3,-9854.1,-9898.62,-10021.74,12146.35,61.7531035756318,
13958.0,3021833.87,1117066.91,-9881.11,-9491.15,-9650.71,-9724.35,-9854.14,-9898.67,-10021.78,12146.35,65.23525574013922,
13959.0,3021833.98,1117065.92,-9881.15,-9491.19,-9650.75,-9724.39,-9854.18,-9898.71,-10021.82,12146.34,,
13960.0,3021834.09,1117064.93,-9881.18,-9491.23,-9650.79,-9724.43,-9854.22,-9898.75,-10021.86,12146.34,67.43914951514392,
13961.0,3021834.21,1117063.94,-9881.22,-9491.27,-9650.83,-9724.47,-9854.27,-9898.79,-10021.9,12146.34,,
13962.0,3021834.32,1117062.94,-9881.26,-9491.32,-9650.87,-9724.51,-9854.31,-9898.83,-10021.95,12146.33,65.99559909251585,
13963.0,3021834.43,1117061.95,-9881.3,-9491.36,-9650.92,-9724.55,-9854.35,-9898.87,-10021.99,12146.33,65.23525574013922,
13964.0,3021834.55,1117060.96,-9881.34,-9491.4,-9650.96,-9724.6,-9854.39,-9898.92,-10022.03,12146.33,,
13965.0,3021834.66,1117059.96,-9881.37,-9491.44,-9651.0,-9724.64,-9854.43,-9898.96,-10022.07,12146.320000000002,,
13966.0,3021834.78,1117058.97,-9881.41,-9491.48,-9651.04,-9724.68,-9854.47,-9899.0,-10022.11,12146.320000000002,59.780618647002576,
13967.0,3021834.89,1117057.98,-9881.45,-9491.52,-9651.08,-9724.72,-9854.52,-9899.04,-10022.15,12146.31,58.62357441512511,
13968.0,3021835.01,1117056.99,-9881.49,-9491.57,-9651.12,-9724.76,-9854.56,-9899.08,-10022.2,12146.31,63.03136196513452,
13969.0,3021835.12,1117055.99,-9881.53,-9491.61,-9651.17,-9724.8,-9854.6,-9899.12,-10022.24,12146.31,,
13970.0,3021835.24,1117055.0,-9881.57,-9491.65,-9651.21,-9724.85,-9854.64,-9899.17,-10022.28,12146.3,64.00107522613658,
13971.0,3021835.36,1117054.01,-9881.6,-9491.69,-9651.25,-9724.89,-9854.68,-9899.21,-10022.32,12146.3,67.43914951514392,
13972.0,3021835.48,1117053.02,-9881.64,-9491.73,-9651.29,-9724.93,-9854.72,-9899.25,-10022.36,12146.3,66.45841678526683,
13973.0,3021835.59,1117052.03,-9881.68,-9491.77,-9651.33,-9724.97,-9854.77,-9899.29,-10022.41,12146.29,63.03136196513452,
13974.0,3021835.71,1117051.03,-9881.72,-9491.82,-9651.37,-9725.01,-9854.81,-9899.33,-10022.45,12146.29,,
13975.0,3021835.83,1117050.04,-9881.76,-9491.86,-9651.42,-9725.06,-9854.85,-9899.38,-10022.49,12146.29,65.23525574013922,
13976.0,3021835.95,1117049.05,-9881.8,-9491.9,-9651.46,-9725.1,-9854.89,-9899.42,-10022.53,12146.29,,
13977.0,3021836.07,1117048.06,-9881.84,-9491.94,-9651.5,-9725.14,-9854.93,-9899.46,-10022.57,12146.28,,
13978.0,3021836.19,1117047.06,-9881.87,-9491.98,-9651.54,-9725.18,-9854.97,-9899.5,-10022.61,12146.28,,
13979.0,3021836.31,1117046.07,-9881.91,-9492.03,-9651.58,-9725.22,-9855.02,-9899.54,-10022.66,12146.28,,
13980.0,3021836.43,1117045.08,-9881.95,-9492.07,-9651.63,-9725.26,-9855.06,-9899.58,-10022.7,12146.27,,
13981.0,3021836.56,1117044.09,-9881.99,-9492.11,-9651.67,-9725.31,-9855.1,-9899.63,-10022.74,12146.27,,
13982.0,3021836.68,1117043.1,-9882.03,-9492.15,-9651.71,-9725.35,-9855.14,-9899.67,-10022.78,12146.27,64.46389291888758,
13983.0,3021836.8,1117042.11,-9882.07,-9492.19,-9651.75,-9725.39,-9855.18,-9899.71,-10022.82,12146.27,60.82746819012981,
13984.0,3021836.92,1117041.11,-9882.11,-9492.23,-9651.79,-9725.43,-9855.22,-9899.75,-10022.86,12146.26,61.24620800738071,
13985.0,3021837.05,1117040.12,-9882.15,-9492.28,-9651.83,-9725.47,-9855.27,-9899.79,-10022.91,12146.26,63.03136196513452,
13986.0,3021837.17,1117039.13,-9882.19,-9492.32,-9651.88,-9725.51,-9855.31,-9899.83,-10022.95,12146.26,,
13987.0,3021837.3,1117038.14,-9882.23,-9492.36,-9651.92,-9725.56,-9855.35,-9899.88,-10022.99,12146.26,63.79170531751114,
13988.0,3021837.42,1117037.15,-9882.27,-9492.4,-9651.96,-9725.6,-9855.39,-9899.92,-10023.03,12146.26,65.23525574013922,
13989.0,3021837.55,1117036.16,-9882.31,-9492.44,-9652.0,-9725.64,-9855.43,-9899.96,-10023.07,12146.25,63.93495841288644,
13990.0,3021837.67,1117035.17,-9882.35,-9492.48,-9652.04,-9725.68,-9855.48,-9900.0,-10023.11,12146.25,63.03136196513452,
13991.0,3021837.8,1117034.17,-9882.39,-9492.53,-9652.08,-9725.72,-9855.52,-9900.04,-10023.16,12146.25,,
13992.0,3021837.93,1117033.18,-9882.43,-9492.57,-9652.13,-9725.76,-9855.56,-9900.08,-10023.2,12146.25,,
13993.0,3021838.05,1117032.19,-9882.47,-9492.61,-9652.17,-9725.81,-9855.6,-9900.13,-10023.24,12146.240000000002,,
13994.0,3021838.18,1117031.2,-9882.51,-9492.65,-9652.21,-9725.85,-9855.64,-9900.17,-10023.28,12146.240000000002,,
13995.0,3021838.3,1117030.21,-9882.54,-9492.69,-9652.25,-9725.89,-9855.68,-9900.21,-10023.32,12146.240000000002,,
13996.0,3021838.43,1117029.22,-9882.58,-9492.73,-9652.29,-9725.93,-9855.73,-9900.25,-10023.36,12146.240000000002,64.91569114276354,
13997.0,3021838.55,1117028.23,-9882.62,-9492.78,-9652.33,-9725.97,-9855.77,-9900.29,-10023.41,12146.23,64.78345751626327,
13998.0,3021838.67,1117027.23,-9882.66,-9492.82,-9652.38,-9726.02,-9855.81,-9900.33,-10023.45,12146.23,63.03136196513452,
13999.0,3021838.8,1117026.24,-9882.7,-9492.86,-9652.42,-9726.06,-9855.85,-9900.38,-10023.49,12146.23,,
14000.0,3021838.92,1117025.25,-9882.74,-9492.9,-9652.46,-9726.1,-9855.89,-9900.42,-10023.53,12146.23,69.64304329014863,
14001.0,3021839.04,1117024.26,-9882.78,-9492.94,-9652.5,-9726.14,-9855.93,-9900.46,-10023.57,12146.22,,
14002.0,3021839.16,1117023.27,-9882.82,-9492.98,-9652.54,-9726.18,-9855.98,-9900.5,-10023.62,12146.22,55.31773375261806,
14003.0,3021839.28,1117022.28,-9882.86,-9493.03,-9652.58,-9726.22,-9856.02,-9900.54,-10023.66,12146.22,56.56293373549571,
14004.0,3021839.4,1117021.28,-9882.89,-9493.07,-9652.63,-9726.27,-9856.06,-9900.59,-10023.7,12146.21,63.03136196513452,
14005.0,3021839.52,1117020.29,-9882.93,-9493.11,-9652.67,-9726.31,-9856.1,-9900.63,-10023.74,12146.21,,
14006.0,3021839.64,1117019.3,-9882.97,-9493.15,-9652.71,-9726.35,-9856.14,-9900.67,-10023.78,12146.21,65.23525574013922,
14007.0,3021839.76,1117018.31,-9883.01,-9493.19,-9652.75,-9726.39,-9856.18,-9900.71,-10023.82,12146.2,67.38405217076881,
14008.0,3021839.88,1117017.32,-9883.05,-9493.24,-9652.79,-9726.43,-9856.23,-9900.75,-10023.87,12146.2,67.86890880126984,
14009.0,3021840.0,1117016.32,-9883.08,-9493.28,-9652.84,-9726.47,-9856.27,-9900.79,-10023.91,12146.19,68.5080379960212,
14010.0,3021840.12,1117015.33,-9883.12,-9493.32,-9652.88,-9726.52,-9856.31,-9900.84,-10023.95,12146.19,69.64304329014863,
14011.0,3021840.23,1117014.34,-9883.16,-9493.36,-9652.92,-9726.56,-9856.35,-9900.88,-10023.99,12146.19,,
14012.0,3021840.35,1117013.35,-9883.2,-9493.4,-9652.96,-9726.6,-9856.39,-9900.92,-10024.03,12146.18,,
14013.0,3021840.47,1117012.35,-9883.23,-9493.44,-9653.0,-9726.64,-9856.44,-9900.96,-10024.07,12146.18,68.46396012052111,
14014.0,3021840.58,1117011.36,-9883.27,-9493.49,-9653.04,-9726.68,-9856.48,-9901.0,-10024.12,12146.17,66.13885218789115,
14015.0,3021840.7,1117010.37,-9883.31,-9493.53,-9653.09,-9726.72,-9856.52,-9901.04,-10024.16,12146.17,69.22430347289773,
14016.0,3021840.81,1117009.38,-9883.35,-9493.57,-9653.13,-9726.77,-9856.56,-9901.09,-10024.2,12146.16,67.91298667676993,
14017.0,3021840.92,1117008.38,-9883.38,-9493.61,-9653.17,-9726.81,-9856.6,-9901.13,-10024.24,12146.16,63.49417965788551,
14018.0,3021841.04,1117007.39,-9883.42,-9493.65,-9653.21,-9726.85,-9856.64,-9901.17,-10024.28,12146.15,67.37303270189378,
14019.0,3021841.15,1117006.4,-9883.46,-9493.69,-9653.25,-9726.89,-9856.69,-9901.21,-10024.32,12146.15,68.21051233639558,
14020.0,3021841.26,1117005.4,-9883.49,-9493.74,-9653.29,-9726.93,-9856.73,-9901.25,-10024.37,12146.15,68.14439552314543,
14021.0,3021841.37,1117004.41,-9883.53,-9493.78,-9653.34,-9726.98,-9856.77,-9901.29,-10024.41,12146.14,66.2600663455164,
14022.0,3021841.49,1117003.42,-9883.57,-9493.82,-9653.38,-9727.02,-9856.81,-9901.34,-10024.45,12146.13,71.84693706515334,
14023.0,3021841.6,1117002.42,-9883.6,-9493.86,-9653.42,-9727.06,-9856.85,-9901.38,-10024.49,12146.13,65.96254068589077,
14024.0,3021841.71,1117001.43,-9883.64,-9493.9,-9653.46,-9727.1,-9856.89,-9901.42,-10024.53,12146.12,64.00107522613658,
14025.0,3021841.82,1117000.44,-9883.68,-9493.94,-9653.5,-9727.14,-9856.94,-9901.46,-10024.58,12146.12,64.91569114276354,
14026.0,3021841.93,1116999.44,-9883.71,-9493.99,-9653.55,-9727.18,-9856.98,-9901.5,-10024.62,12146.11,68.2766291496457,
14027.0,3021842.04,1116998.45,-9883.75,-9494.03,-9653.59,-9727.23,-9857.02,-9901.55,-10024.66,12146.11,67.53832473501915,
14028.0,3021842.14,1116997.46,-9883.78,-9494.07,-9653.63,-9727.27,-9857.06,-9901.59,-10024.7,12146.1,67.59342207939426,
14029.0,3021842.25,1116996.46,-9883.82,-9494.11,-9653.67,-9727.31,-9857.1,-9901.63,-10024.74,12146.09,,
14030.0,3021842.36,1116995.47,-9883.85,-9494.15,-9653.71,-9727.35,-9857.14,-9901.67,-10024.78,12146.09,63.042381434009535,
14031.0,3021842.47,1116994.48,-9883.89,-9494.2,-9653.75,-9727.39,-9857.19,-9901.71,-10024.83,12146.08,58.39216556874961,
14032.0,3021842.57,1116993.48,-9883.92,-9494.24,-9653.8,-9727.43,-9857.23,-9901.75,-10024.87,12146.08,58.612554946250086,
14033.0,3021842.68,1116992.49,-9883.96,-9494.28,-9653.84,-9727.48,-9857.27,-9901.8,-10024.91,12146.070000000002,61.79718145113189,
14034.0,3021842.78,1116991.5,-9884.0,-9494.32,-9653.88,-9727.52,-9857.31,-9901.84,-10024.95,12146.06,63.03136196513452,
14035.0,3021842.89,1116990.5,-9884.03,-9494.36,-9653.92,-9727.56,-9857.35,-9901.88,-10024.99,12146.05,68.01216189664514,
14036.0,3021842.99,1116989.51,-9884.07,-9494.4,-9653.96,-9727.6,-9857.4,-9901.92,-10025.03,12146.05,69.64304329014863,
14037.0,3021843.1,1116988.51,-9884.1,-9494.45,-9654.0,-9727.64,-9857.44,-9901.96,-10025.08,12146.04,68.11133711652036,
14038.0,3021843.2,1116987.52,-9884.13,-9494.49,-9654.05,-9727.68,-9857.48,-9902.0,-10025.12,12146.03,65.23525574013922,
14039.0,3021843.3,1116986.53,-9884.17,-9494.53,-9654.09,-9727.73,-9857.52,-9902.05,-10025.16,12146.03,61.6649478246316,
14040.0,3021843.41,1116985.53,-9884.2,-9494.57,-9654.13,-9727.77,-9857.56,-9902.09,-10025.2,12146.02,62.248979675007845,
14041.0,3021843.51,1116984.54,-9884.24,-9494.61,-9654.17,-9727.81,-9857.6,-9902.13,-10025.24,12146.01,69.64304329014863,
14042.0,3021843.61,1116983.54,-9884.27,-9494.65,-9654.21,-9727.85,-9857.65,-9902.17,-10025.29,12146.01,71.49431406115258,
14043.0,3021843.71,1116982.55,-9884.31,-9494.7,-9654.25,-9727.89,-9857.69,-9902.21,-10025.33,12146.0,71.84693706515334,
14044.0,3021843.81,1116981.55,-9884.34,-9494.74,-9654.3,-9727.94,-9857.73,-9902.26,-10025.37,12145.990000000002,71.3180025591522,
14045.0,3021843.91,1116980.56,-9884.37,-9494.78,-9654.34,-9727.98,-9857.77,-9902.3,-10025.41,12145.98,69.64304329014863,
14046.0,3021844.01,1116979.57,-9884.41,-9494.82,-9654.38,-9728.02,-9857.81,-9902.34,-10025.45,12145.97,,
14047.0,3021844.11,1116978.57,-9884.44,-9494.86,-9654.42,-9728.06,-9857.85,-9902.38,-10025.49,12145.96,,
14048.0,3021844.21,1116977.58,-9884.48,-9494.91,-9654.46,-9728.1,-9857.9,-9902.42,-10025.54,12145.96,,
14049.0,3021844.31,1116976.58,-9884.51,-9494.95,-9654.51,-9728.14,-9857.94,-9902.46,-10025.58,12145.95,70.8441653975262,
14050.0,3021844.4,1116975.59,-9884.54,-9494.99,-9654.55,-9728.19,-9857.98,-9902.51,-10025.62,12145.94,71.84693706515334,
14051.0,3021844.5,1116974.59,-9884.58,-9495.03,-9654.59,-9728.23,-9858.02,-9902.55,-10025.66,12145.93,,
14052.0,3021844.6,1116973.6,-9884.61,-9495.07,-9654.63,-9728.27,-9858.06,-9902.59,-10025.7,12145.92,69.64304329014863,
14053.0,3021844.69,1116972.6,-9884.64,-9495.11,-9654.67,-9728.31,-9858.11,-9902.63,-10025.74,12145.91,,
14054.0,3021844.79,1116971.61,-9884.67,-9495.16,-9654.71,-9728.35,-9858.15,-9902.67,-10025.79,12145.91,,
14055.0,3021844.88,1116970.61,-9884.71,-9495.2,-9654.76,-9728.39,-9858.19,-9902.71,-10025.83,12145.9,,
14056.0,3021844.98,1116969.62,-9884.74,-9495.24,-9654.8,-9728.44,-9858.23,-9902.76,-10025.87,12145.89,75.15277772766039,
14057.0,3021845.07,1116968.62,-9884.77,-9495.28,-9654.84,-9728.48,-9858.27,-9902.8,-10025.91,12145.88,,
14058.0,3021845.17,1116967.63,-9884.8,-9495.32,-9654.88,-9728.52,-9858.31,-9902.84,-10025.95,12145.87,,
14059.0,3021845.26,1116966.63,-9884.84,-9495.36,-9654.92,-9728.56,-9858.36,-9902.88,-10026.0,12145.86,,
14060.0,3021845.35,1116965.64,-9884.87,-9495.41,-9654.96,-9728.6,-9858.4,-9902.92,-10026.04,12145.85,,
14061.0,3021845.44,1116964.64,-9884.9,-9495.45,-9655.01,-9728.65,-9858.44,-9902.97,-10026.08,12145.84,,
14062.0,3021845.54,1116963.65,-9884.93,-9495.49,-9655.05,-9728.69,-9858.48,-9903.01,-10026.12,12145.83,,
14063.0,3021845.63,1116962.65,-9884.97,-9495.53,-9655.09,-9728.73,-9858.52,-9903.05,-10026.16,12145.820000000002,67.43914951514392,
14064.0,3021845.72,1116961.66,-9885.0,-9495.57,-9655.13,-9728.77,-9858.56,-9903.09,-10026.2,12145.81,,
14065.0,3021845.81,1116960.66,-9885.03,-9495.62,-9655.17,-9728.81,-9858.61,-9903.13,-10026.25,12145.8,,
14066.0,3021845.9,1116959.67,-9885.06,-9495.66,-9655.22,-9728.85,-9858.65,-9903.17,-10026.29,12145.79,,
14067.0,3021845.99,1116958.67,-9885.09,-9495.7,-9655.26,-9728.9,-9858.69,-9903.22,-10026.33,12145.78,66.60166988064213,
14068.0,3021846.07,1116957.67,-9885.12,-9495.74,-9655.3,-9728.94,-9858.73,-9903.26,-10026.37,12145.77,68.04522030327021,
14069.0,3021846.16,1116956.68,-9885.15,-9495.78,-9655.34,-9728.98,-9858.77,-9903.3,-10026.41,12145.76,67.41711057739387,
14070.0,3021846.25,1116955.68,-9885.19,-9495.82,-9655.38,-9729.02,-9858.82,-9903.34,-10026.45,12145.75,65.90744334151566,
14071.0,3021846.34,1116954.69,-9885.22,-9495.87,-9655.42,-9729.06,-9858.86,-9903.38,-10026.5,12145.740000000002,66.78900085151754,
14072.0,3021846.42,1116953.69,-9885.25,-9495.91,-9655.47,-9729.1,-9858.9,-9903.42,-10026.54,12145.73,67.46118845289396,
14073.0,3021846.51,1116952.7,-9885.28,-9495.95,-9655.51,-9729.15,-9858.94,-9903.47,-10026.58,12145.72,67.49424685951904,
14074.0,3021846.6,1116951.7,-9885.31,-9495.99,-9655.55,-9729.19,-9858.98,-9903.51,-10026.62,12145.71,72.05630697377877,
14075.0,3021846.68,1116950.7,-9885.34,-9496.03,-9655.59,-9729.23,-9859.02,-9903.55,-10026.66,12145.69,74.55772640840911,
14076.0,3021846.76,1116949.71,-9885.37,-9496.07,-9655.63,-9729.27,-9859.07,-9903.59,-10026.71,12145.68,75.15277772766039,
14077.0,3021846.85,1116948.71,-9885.4,-9496.12,-9655.68,-9729.31,-9859.11,-9903.63,-10026.75,12145.67,,
14078.0,3021846.93,1116947.72,-9885.43,-9496.16,-9655.72,-9729.36,-9859.15,-9903.68,-10026.79,12145.66,,
14079.0,3021847.02,1116946.72,-9885.46,-9496.2,-9655.76,-9729.4,-9859.19,-9903.72,-10026.83,12145.65,69.64304329014863,
14080.0,3021847.1,1116945.72,-9885.49,-9496.24,-9655.8,-9729.44,-9859.23,-9903.76,-10026.87,12145.64,71.84693706515334,
14081.0,3021847.18,1116944.73,-9885.52,-9496.28,-9655.84,-9729.48,-9859.27,-9903.8,-10026.91,12145.63,,
14082.0,3021847.26,1116943.73,-9885.55,-9496.33,-9655.88,-9729.52,-9859.32,-9903.84,-10026.96,12145.61,75.15277772766039,
14083.0,3021847.34,1116942.74,-9885.58,-9496.37,-9655.93,-9729.56,-9859.36,-9903.88,-10027.0,12145.6,74.57976534615915,
14084.0,3021847.42,1116941.74,-9885.61,-9496.41,-9655.97,-9729.61,-9859.4,-9903.93,-10027.04,12145.59,75.84700426678687,
14085.0,3021847.5,1116940.74,-9885.64,-9496.45,-9656.01,-9729.65,-9859.44,-9903.97,-10027.08,12145.58,78.74512458091804,
14086.0,3021847.58,1116939.75,-9885.67,-9496.49,-9656.05,-9729.69,-9859.48,-9904.01,-10027.12,12145.56,79.5605652776698,
14087.0,3021847.66,1116938.75,-9885.7,-9496.53,-9656.09,-9729.73,-9859.53,-9904.05,-10027.16,12145.55,,
14088.0,3021847.74,1116937.75,-9885.73,-9496.58,-9656.13,-9729.77,-9859.57,-9904.09,-10027.21,12145.54,67.43914951514392,
14089.0,3021847.82,1116936.76,-9885.76,-9496.62,-9656.18,-9729.82,-9859.61,-9904.13,-10027.25,12145.53,68.34274596289585,
14090.0,3021847.9,1116935.76,-9885.79,-9496.66,-9656.22,-9729.86,-9859.65,-9904.18,-10027.29,12145.51,71.84693706515334,
14091.0,3021847.98,1116934.76,-9885.81,-9496.7,-9656.26,-9729.9,-9859.69,-9904.22,-10027.33,12145.5,71.37309990352732,
14092.0,3021848.06,1116933.77,-9885.84,-9496.74,-9656.3,-9729.94,-9859.73,-9904.26,-10027.37,12145.490000000002,69.64304329014863,
14093.0,3021848.14,1116932.77,-9885.87,-9496.78,-9656.34,-9729.98,-9859.78,-9904.3,-10027.42,12145.48,,
14094.0,3021848.22,1116931.77,-9885.9,-9496.83,-9656.39,-9730.02,-9859.82,-9904.34,-10027.46,12145.46,,
14095.0,3021848.3,1116930.78,-9885.93,-9496.87,-9656.43,-9730.07,-9859.86,-9904.39,-10027.5,12145.45,,
14096.0,3021848.38,1116929.78,-9885.96,-9496.91,-9656.47,-9730.11,-9859.9,-9904.43,-10027.54,12145.44,,
14097.0,3021848.46,1116928.79,-9885.99,-9496.95,-9656.51,-9730.15,-9859.94,-9904.47,-10027.58,12145.42,71.2739246836521,
14098.0,3021848.54,1116927.79,-9886.02,-9496.99,-9656.55,-9730.19,-9859.99,-9904.51,-10027.62,12145.41,71.84693706515334,
14099.0,3021848.62,1116926.79,-9886.04,-9497.04,-9656.59,-9730.23,-9860.03,-9904.55,-10027.67,12145.4,75.15277772766039,
14100.0,3021848.7,1116925.8,-9886.07,-9497.08,-9656.64,-9730.27,-9860.07,-9904.59,-10027.71,12145.38,,
14101.0,3021848.78,1116924.8,-9886.1,-9497.12,-9656.68,-9730.32,-9860.11,-9904.64,-10027.75,12145.37,68.02318136552017,
14102.0,3021848.86,1116923.8,-9886.13,-9497.16,-9656.72,-9730.36,-9860.15,-9904.68,-10027.79,12145.36,60.47484518612906,
14103.0,3021848.94,1116922.81,-9886.16,-9497.2,-9656.76,-9730.4,-9860.19,-9904.72,-10027.83,12145.34,62.193882330632725,
14104.0,3021849.02,1116921.81,-9886.19,-9497.24,-9656.8,-9730.44,-9860.24,-9904.76,-10027.87,12145.33,61.95145401538221,
14105.0,3021849.1,1116920.81,-9886.21,-9497.29,-9656.84,-9730.48,-9860.28,-9904.8,-10027.92,12145.31,63.03136196513452,
14106.0,3021849.18,1116919.82,-9886.24,-9497.33,-9656.89,-9730.53,-9860.32,-9904.85,-10027.96,12145.3,64.67326282751301,
14107.0,3021849.26,1116918.82,-9886.27,-9497.37,-9656.93,-9730.57,-9860.36,-9904.89,-10028.0,12145.29,67.54934420389415,
14108.0,3021849.34,1116917.83,-9886.3,-9497.41,-9656.97,-9730.61,-9860.4,-9904.93,-10028.04,12145.27,69.64304329014863,
14109.0,3021849.42,1116916.83,-9886.33,-9497.45,-9657.01,-9730.65,-9860.44,-9904.97,-10028.08,12145.26,,
14110.0,3021849.5,1116915.83,-9886.35,-9497.5,-9657.05,-9730.69,-9860.49,-9905.01,-10028.13,12145.25,,
14111.0,3021849.59,1116914.84,-9886.38,-9497.54,-9657.1,-9730.73,-9860.53,-9905.05,-10028.17,12145.23,73.0480591725309,
14112.0,3021849.67,1116913.84,-9886.41,-9497.58,-9657.14,-9730.78,-9860.57,-9905.1,-10028.21,12145.22,77.3566715026651,
14113.0,3021849.75,1116912.84,-9886.44,-9497.62,-9657.18,-9730.82,-9860.61,-9905.14,-10028.25,12145.2,71.26290521477709,
14114.0,3021849.83,1116911.85,-9886.46,-9497.66,-9657.22,-9730.86,-9860.65,-9905.18,-10028.29,12145.19,67.43914951514392,
14115.0,3021849.91,1116910.85,-9886.49,-9497.7,-9657.26,-9730.9,-9860.7,-9905.22,-10028.33,12145.17,71.20780787040198,
14116.0,3021849.99,1116909.86,-9886.52,-9497.75,-9657.3,-9730.94,-9860.74,-9905.26,-10028.38,12145.16,71.84693706515334,
14117.0,3021850.07,1116908.86,-9886.55,-9497.79,-9657.35,-9730.98,-9860.78,-9905.3,-10028.42,12145.15,,
14118.0,3021850.15,1116907.86,-9886.57,-9497.83,-9657.39,-9731.03,-9860.82,-9905.35,-10028.46,12145.13,,
14119.0,3021850.24,1116906.87,-9886.6,-9497.87,-9657.43,-9731.07,-9860.86,-9905.39,-10028.5,12145.12,,
14120.0,3021850.32,1116905.87,-9886.63,-9497.91,-9657.47,-9731.11,-9860.9,-9905.43,-10028.54,12145.1,77.3566715026651,
14121.0,3021850.4,1116904.87,-9886.65,-9497.95,-9657.51,-9731.15,-9860.95,-9905.47,-10028.59,12145.09,,
14122.0,3021850.48,1116903.88,-9886.68,-9498.0,-9657.55,-9731.19,-9860.99,-9905.51,-10028.63,12145.070000000002,76.57428921253842,
14123.0,3021850.56,1116902.88,-9886.71,-9498.04,-9657.6,-9731.24,-9861.03,-9905.56,-10028.67,12145.06,75.15277772766039,
14124.0,3021850.64,1116901.88,-9886.73,-9498.08,-9657.64,-9731.28,-9861.07,-9905.6,-10028.71,12145.04,,
14125.0,3021850.73,1116900.89,-9886.76,-9498.12,-9657.68,-9731.32,-9861.11,-9905.64,-10028.75,12145.03,,
14126.0,3021850.81,1116899.89,-9886.79,-9498.16,-9657.72,-9731.36,-9861.15,-9905.68,-10028.79,12145.01,,
14127.0,3021850.89,1116898.9,-9886.81,-9498.21,-9657.76,-9731.4,-9861.2,-9905.72,-10028.84,12145.0,,
14128.0,3021850.97,1116897.9,-9886.84,-9498.25,-9657.81,-9731.44,-9861.24,-9905.76,-10028.88,12144.98,,
14129.0,3021851.05,1116896.9,-9886.87,-9498.29,-9657.85,-9731.49,-9861.28,-9905.81,-10028.92,12144.97,71.20780787040198,
14130.0,3021851.14,1116895.91,-9886.89,-9498.33,-9657.89,-9731.53,-9861.32,-9905.85,-10028.96,12144.95,69.64304329014863,
14131.0,3021851.22,1116894.91,-9886.92,-9498.37,-9657.93,-9731.57,-9861.36,-9905.89,-10029.0,12144.94,,
14132.0,3021851.3,1116893.91,-9886.95,-9498.41,-9657.97,-9731.61,-9861.41,-9905.93,-10029.04,12144.92,,
14133.0,3021851.38,1116892.92,-9886.97,-9498.46,-9658.01,-9731.65,-9861.45,-9905.97,-10029.09,12144.9,,
14134.0,3021851.46,1116891.92,-9887.0,-9498.5,-9658.06,-9731.69,-9861.49,-9906.01,-10029.13,12144.89,,
14135.0,3021851.55,1116890.93,-9887.02,-9498.54,-9658.1,-9731.74,-9861.53,-9906.06,-10029.17,12144.87,70.8441653975262,
14136.0,3021851.63,1116889.93,-9887.05,-9498.58,-9658.14,-9731.78,-9861.57,-9906.1,-10029.21,12144.86,75.15277772766039,
14137.0,3021851.71,1116888.93,-9887.08,-9498.62,-9658.18,-9731.82,-9861.61,-9906.14,-10029.25,12144.84,72.90480607715558,
14138.0,3021851.8,1116887.94,-9887.1,-9498.66,-9658.22,-9731.86,-9861.66,-9906.18,-10029.3,12144.820000000002,71.84693706515334,
14139.0,3021851.88,1116886.94,-9887.13,-9498.71,-9658.27,-9731.9,-9861.7,-9906.22,-10029.34,12144.81,68.51905746489622,
14140.0,3021851.96,1116885.94,-9887.15,-9498.75,-9658.31,-9731.95,-9861.74,-9906.27,-10029.38,12144.79,62.458349583633286,
14141.0,3021852.04,1116884.95,-9887.18,-9498.79,-9658.35,-9731.99,-9861.78,-9906.31,-10029.42,12144.78,62.5575248035085,
14142.0,3021852.13,1116883.95,-9887.2,-9498.83,-9658.39,-9732.03,-9861.82,-9906.35,-10029.46,12144.76,67.43914951514392,
14143.0,3021852.21,1116882.96,-9887.23,-9498.87,-9658.43,-9732.07,-9861.86,-9906.39,-10029.5,12144.740000000002,67.81381145689473,
14144.0,3021852.29,1116881.96,-9887.26,-9498.92,-9658.47,-9732.11,-9861.91,-9906.43,-10029.55,12144.73,69.64304329014863,
14145.0,3021852.38,1116880.96,-9887.28,-9498.96,-9658.52,-9732.15,-9861.95,-9906.47,-10029.59,12144.71,70.65683442665079,
14146.0,3021852.46,1116879.97,-9887.31,-9499.0,-9658.56,-9732.2,-9861.99,-9906.52,-10029.63,12144.69,71.84693706515334,
14147.0,3021852.54,1116878.97,-9887.33,-9499.04,-9658.6,-9732.24,-9862.03,-9906.56,-10029.67,12144.68,,
14148.0,3021852.63,1116877.97,-9887.36,-9499.08,-9658.64,-9732.28,-9862.07,-9906.6,-10029.71,12144.66,,
14149.0,3021852.71,1116876.98,-9887.38,-9499.12,-9658.68,-9732.32,-9862.12,-9906.64,-10029.75,12144.64,,
14150.0,3021852.79,1116875.98,-9887.41,-9499.17,-9658.72,-9732.36,-9862.16,-9906.68,-10029.8,12144.63,,
14151.0,3021852.88,1116874.99,-9887.43,-9499.21,-9658.77,-9732.41,-9862.2,-9906.73,-10029.84,12144.61,70.59071761340066,
14152.0,3021852.96,1116873.99,-9887.46,-9499.25,-9658.81,-9732.45,-9862.24,-9906.77,-10029.88,12144.59,65.23525574013922,
14153.0,3021853.04,1116872.99,-9887.48,-9499.29,-9658.85,-9732.49,-9862.28,-9906.81,-10029.92,12144.58,65.70909290176523,
14154.0,3021853.13,1116872.0,-9887.51,-9499.33,-9658.89,-9732.53,-9862.32,-9906.85,-10029.96,12144.56,67.43914951514392,
14155.0,3021853.21,1116871.0,-9887.53,-9499.38,-9658.93,-9732.57,-9862.37,-9906.89,-10030.01,12144.54,66.4473973163918,
14156.0,3021853.29,1116870.01,-9887.55,-9499.42,-9658.98,-9732.61,-9862.41,-9906.93,-10030.05,12144.53,65.23525574013922,
14157.0,3021853.38,1116869.01,-9887.58,-9499.46,-9659.02,-9732.66,-9862.45,-9906.98,-10030.09,12144.51,,
14158.0,3021853.46,1116868.01,-9887.6,-9499.5,-9659.06,-9732.7,-9862.49,-9907.02,-10030.13,12144.490000000002,,
14159.0,3021853.55,1116867.02,-9887.63,-9499.54,-9659.1,-9732.74,-9862.53,-9907.06,-10030.17,12144.47,,
14160.0,3021853.63,1116866.02,-9887.65,-9499.58,-9659.14,-9732.78,-9862.58,-9907.1,-10030.21,12144.46,68.76148578014676,
14161.0,3021853.72,1116865.02,-9887.68,-9499.63,-9659.18,-9732.82,-9862.62,-9907.14,-10030.26,12144.44,71.84693706515334,
14162.0,3021853.8,1116864.03,-9887.7,-9499.67,-9659.23,-9732.86,-9862.66,-9907.18,-10030.3,12144.42,,
14163.0,3021853.88,1116863.03,-9887.73,-9499.71,-9659.27,-9732.91,-9862.7,-9907.23,-10030.34,12144.4,73.92961668253278,
14164.0,3021853.97,1116862.04,-9887.75,-9499.75,-9659.31,-9732.95,-9862.74,-9907.27,-10030.38,12144.39,75.15277772766039,
14165.0,3021854.05,1116861.04,-9887.77,-9499.79,-9659.35,-9732.99,-9862.78,-9907.31,-10030.42,12144.37,,
14166.0,3021854.14,1116860.04,-9887.8,-9499.83,-9659.39,-9733.03,-9862.83,-9907.35,-10030.47,12144.35,67.43914951514392,
14167.0,3021854.22,1116859.05,-9887.82,-9499.88,-9659.43,-9733.07,-9862.87,-9907.39,-10030.51,12144.33,67.76973358139463,
14168.0,3021854.31,1116858.05,-9887.84,-9499.92,-9659.48,-9733.12,-9862.91,-9907.44,-10030.55,12144.31,69.64304329014863,
14169.0,3021854.39,1116857.06,-9887.87,-9499.96,-9659.52,-9733.16,-9862.95,-9907.48,-10030.59,12144.3,,
14170.0,3021854.48,1116856.06,-9887.89,-9500.0,-9659.56,-9733.2,-9862.99,-9907.52,-10030.63,12144.28,71.84693706515334,
14171.0,3021854.56,1116855.06,-9887.92,-9500.04,-9659.6,-9733.24,-9863.03,-9907.56,-10030.67,12144.26,70.20503620277482,
14172.0,3021854.65,1116854.07,-9887.94,-9500.09,-9659.64,-9733.28,-9863.08,-9907.6,-10030.72,12144.240000000002,70.43644504915032,
14173.0,3021854.73,1116853.07,-9887.96,-9500.13,-9659.69,-9733.32,-9863.12,-9907.64,-10030.76,12144.22,73.99573349578293,
14174.0,3021854.82,1116852.07,-9887.99,-9500.17,-9659.73,-9733.37,-9863.16,-9907.69,-10030.8,12144.2,75.15277772766039,
14175.0,3021854.9,1116851.08,-9888.01,-9500.21,-9659.77,-9733.41,-9863.2,-9907.73,-10030.84,12144.19,73.73126624278235,
14176.0,3021854.99,1116850.08,-9888.03,-9500.25,-9659.81,-9733.45,-9863.24,-9907.77,-10030.88,12144.17,67.43914951514392,
14177.0,3021855.07,1116849.09,-9888.06,-9500.29,-9659.85,-9733.49,-9863.29,-9907.81,-10030.92,12144.15,67.91298667676993,
14178.0,3021855.16,1116848.09,-9888.08,-9500.34,-9659.89,-9733.53,-9863.33,-9907.85,-10030.97,12144.13,69.64304329014863,
14179.0,3021855.24,1116847.09,-9888.1,-9500.38,-9659.94,-9733.58,-9863.37,-9907.89,-10031.01,12144.11,68.6402716225215,
14180.0,3021855.33,1116846.1,-9888.12,-9500.42,-9659.98,-9733.62,-9863.41,-9907.94,-10031.05,12144.09,67.43914951514392,
14181.0,3021855.41,1116845.1,-9888.15,-9500.46,-9660.02,-9733.66,-9863.45,-9907.98,-10031.09,12144.070000000002,,
14182.0,3021855.5,1116844.11,-9888.17,-9500.5,-9660.06,-9733.7,-9863.49,-9908.02,-10031.13,12144.06,69.74221851002385,
14183.0,3021855.58,1116843.11,-9888.19,-9500.55,-9660.1,-9733.74,-9863.54,-9908.06,-10031.18,12144.04,71.84693706515334,
14184.0,3021855.67,1116842.11,-9888.22,-9500.59,-9660.15,-9733.78,-9863.58,-9908.1,-10031.22,12144.02,,
14185.0,3021855.76,1116841.12,-9888.24,-9500.63,-9660.19,-9733.83,-9863.62,-9908.15,-10031.26,12144.0,69.4446928503982,
14186.0,3021855.84,1116840.12,-9888.26,-9500.67,-9660.23,-9733.87,-9863.66,-9908.19,-10031.3,12143.98,67.43914951514392,
14187.0,3021855.93,1116839.13,-9888.29,-9500.71,-9660.27,-9733.91,-9863.7,-9908.23,-10031.34,12143.97,,
14188.0,3021856.02,1116838.13,-9888.31,-9500.75,-9660.31,-9733.95,-9863.75,-9908.27,-10031.38,12143.95,,
14189.0,3021856.1,1116837.13,-9888.34,-9500.8,-9660.35,-9733.99,-9863.79,-9908.31,-10031.43,12143.93,68.17745392977051,
14190.0,3021856.19,1116836.14,-9888.36,-9500.84,-9660.4,-9734.03,-9863.83,-9908.35,-10031.47,12143.91,68.97085568877219,
14191.0,3021856.27,1116835.14,-9888.38,-9500.88,-9660.44,-9734.08,-9863.87,-9908.4,-10031.51,12143.89,67.43914951514392,
14192.0,3021856.36,1116834.15,-9888.41,-9500.92,-9660.48,-9734.12,-9863.91,-9908.44,-10031.55,12143.88,72.69543616853014,
14193.0,3021856.45,1116833.15,-9888.43,-9500.96,-9660.52,-9734.16,-9863.95,-9908.48,-10031.59,12143.86,71.54941140552769,
14194.0,3021856.54,1116832.15,-9888.46,-9501.0,-9660.56,-9734.2,-9864.0,-9908.52,-10031.63,12143.84,69.64304329014863,
14195.0,3021856.62,1116831.16,-9888.48,-9501.05,-9660.6,-9734.24,-9864.04,-9908.56,-10031.68,12143.83,69.23532294177275,
14196.0,3021856.71,1116830.16,-9888.51,-9501.09,-9660.65,-9734.29,-9864.08,-9908.61,-10031.72,12143.81,67.43914951514392,
14197.0,3021856.8,1116829.17,-9888.53,-9501.13,-9660.69,-9734.33,-9864.12,-9908.65,-10031.76,12143.79,,
14198.0,3021856.88,1116828.17,-9888.56,-9501.17,-9660.73,-9734.37,-9864.16,-9908.69,-10031.8,12143.78,68.83862206227191,
14199.0,3021856.97,1116827.18,-9888.59,-9501.21,-9660.77,-9734.41,-9864.2,-9908.73,-10031.84,12143.76,69.64304329014863,
14200.0,3021857.06,1116826.18,-9888.61,-9501.26,-9660.81,-9734.45,-9864.25,-9908.77,-10031.89,12143.75,70.81110699090112,
14201.0,3021857.15,1116825.18,-9888.64,-9501.3,-9660.86,-9734.49,-9864.29,-9908.81,-10031.93,12143.73,71.84693706515334,
14202.0,3021857.23,1116824.19,-9888.66,-9501.34,-9660.9,-9734.54,-9864.33,-9908.86,-10031.97,12143.71,71.09761318165172,
14203.0,3021857.32,1116823.19,-9888.69,-9501.38,-9660.94,-9734.58,-9864.37,-9908.9,-10032.01,12143.7,71.4612556545275,
14204.0,3021857.41,1116822.2,-9888.72,-9501.42,-9660.98,-9734.62,-9864.41,-9908.94,-10032.05,12143.68,67.96808402114505,
14205.0,3021857.5,1116821.2,-9888.74,-9501.46,-9661.02,-9734.66,-9864.46,-9908.98,-10032.09,12143.67,68.30968755627077,
14206.0,3021857.59,1116820.2,-9888.77,-9501.51,-9661.06,-9734.7,-9864.5,-9909.02,-10032.14,12143.65,69.69814063452374,
14207.0,3021857.68,1116819.21,-9888.8,-9501.55,-9661.11,-9734.74,-9864.54,-9909.06,-10032.18,12143.64,69.87445213652411,
14208.0,3021857.76,1116818.21,-9888.82,-9501.59,-9661.15,-9734.79,-9864.58,-9909.11,-10032.22,12143.62,69.64304329014863,
14209.0,3021857.85,1116817.22,-9888.85,-9501.63,-9661.19,-9734.83,-9864.62,-9909.15,-10032.26,12143.61,68.83862206227191,
14210.0,3021857.94,1116816.22,-9888.88,-9501.67,-9661.23,-9734.87,-9864.66,-9909.19,-10032.3,12143.6,68.87168046889698,
14211.0,3021858.03,1116815.23,-9888.91,-9501.71,-9661.27,-9734.91,-9864.71,-9909.23,-10032.35,12143.58,64.44185398113753,
14212.0,3021858.12,1116814.23,-9888.93,-9501.76,-9661.32,-9734.95,-9864.75,-9909.27,-10032.39,12143.570000000002,66.75594244489247,
14213.0,3021858.21,1116813.23,-9888.96,-9501.8,-9661.36,-9735.0,-9864.79,-9909.32,-10032.43,12143.55,65.29035308451434,
14214.0,3021858.3,1116812.24,-9888.99,-9501.84,-9661.4,-9735.04,-9864.83,-9909.36,-10032.47,12143.54,69.08105037752243,
14215.0,3021858.39,1116811.24,-9889.02,-9501.88,-9661.44,-9735.08,-9864.87,-9909.4,-10032.51,12143.53,69.79731585439896,
14216.0,3021858.48,1116810.25,-9889.05,-9501.92,-9661.48,-9735.12,-9864.91,-9909.44,-10032.55,12143.51,67.43914951514392,
14217.0,3021858.56,1116809.25,-9889.08,-9501.97,-9661.52,-9735.16,-9864.96,-9909.48,-10032.6,12143.5,,
14218.0,3021858.65,1116808.26,-9889.11,-9502.01,-9661.57,-9735.2,-9865.0,-9909.52,-10032.64,12143.490000000002,,
14219.0,3021858.74,1116807.26,-9889.13,-9502.05,-9661.61,-9735.25,-9865.04,-9909.57,-10032.68,12143.47,,
14220.0,3021858.83,1116806.27,-9889.16,-9502.09,-9661.65,-9735.29,-9865.08,-9909.61,-10032.72,12143.46,66.3482220965166,
14221.0,3021858.92,1116805.27,-9889.19,-9502.13,-9661.69,-9735.33,-9865.12,-9909.65,-10032.76,12143.45,65.23525574013922,
14222.0,3021859.01,1116804.27,-9889.22,-9502.17,-9661.73,-9735.37,-9865.17,-9909.69,-10032.8,12143.44,,
14223.0,3021859.1,1116803.28,-9889.25,-9502.22,-9661.77,-9735.41,-9865.21,-9909.73,-10032.85,12143.43,69.9515884186493,
14224.0,3021859.19,1116802.28,-9889.28,-9502.26,-9661.82,-9735.46,-9865.25,-9909.77,-10032.89,12143.41,75.15277772766039,
14225.0,3021859.28,1116801.29,-9889.31,-9502.3,-9661.86,-9735.5,-9865.29,-9909.82,-10032.93,12143.4,,
14226.0,3021859.37,1116800.29,-9889.34,-9502.34,-9661.9,-9735.54,-9865.33,-9909.86,-10032.97,12143.39,,
14227.0,3021859.46,1116799.3,-9889.37,-9502.38,-9661.94,-9735.58,-9865.37,-9909.9,-10033.01,12143.38,,
14228.0,3021859.56,1116798.3,-9889.4,-9502.42,-9661.98,-9735.62,-9865.42,-9909.94,-10033.06,12143.37,67.43914951514392,
14229.0,3021859.65,1116797.31,-9889.43,-9502.47,-9662.03,-9735.66,-9865.46,-9909.98,-10033.1,12143.36,,
14230.0,3021859.74,1116796.31,-9889.46,-9502.51,-9662.07,-9735.71,-9865.5,-9910.03,-10033.14,12143.34,,
14231.0,3021859.83,1116795.32,-9889.49,-9502.55,-9662.11,-9735.75,-9865.54,-9910.07,-10033.18,12143.33,,
14232.0,3021859.92,1116794.32,-9889.53,-9502.59,-9662.15,-9735.79,-9865.58,-9910.11,-10033.22,12143.320000000002,,
14233.0,3021860.01,1116793.33,-9889.56,-9502.63,-9662.19,-9735.83,-9865.62,-9910.15,-10033.26,12143.31,,
14234.0,3021860.1,1116792.33,-9889.59,-9502.68,-9662.23,-9735.87,-9865.67,-9910.19,-10033.31,12143.3,,
14235.0,3021860.19,1116791.33,-9889.62,-9502.72,-9662.28,-9735.91,-9865.71,-9910.23,-10033.35,12143.29,68.5080379960212,
14236.0,3021860.28,1116790.34,-9889.65,-9502.76,-9662.32,-9735.96,-9865.75,-9910.28,-10033.39,12143.28,69.64304329014863,
14237.0,3021860.38,1116789.34,-9889.68,-9502.8,-9662.36,-9736.0,-9865.79,-9910.32,-10033.43,12143.27,68.7835247178968,
14238.0,3021860.47,1116788.35,-9889.72,-9502.84,-9662.4,-9736.04,-9865.83,-9910.36,-10033.47,12143.26,67.43914951514392,
14239.0,3021860.56,1116787.35,-9889.75,-9502.88,-9662.44,-9736.08,-9865.88,-9910.4,-10033.51,12143.25,,
14240.0,3021860.65,1116786.36,-9889.78,-9502.93,-9662.48,-9736.12,-9865.92,-9910.44,-10033.56,12143.240000000002,69.64304329014863,
14241.0,3021860.74,1116785.36,-9889.81,-9502.97,-9662.53,-9736.17,-9865.96,-9910.48,-10033.6,12143.23,,
14242.0,3021860.84,1116784.37,-9889.85,-9503.01,-9662.57,-9736.21,-9866.0,-9910.53,-10033.64,12143.23,,
14243.0,3021860.93,1116783.37,-9889.88,-9503.05,-9662.61,-9736.25,-9866.04,-9910.57,-10033.68,12143.22,,
14244.0,3021861.02,1116782.38,-9889.91,-9503.09,-9662.65,-9736.29,-9866.08,-9910.61,-10033.72,12143.21,65.70909290176523,
14245.0,3021861.11,1116781.38,-9889.95,-9503.14,-9662.69,-9736.33,-9866.13,-9910.65,-10033.77,12143.2,60.82746819012981,
14246.0,3021861.21,1116780.39,-9889.98,-9503.18,-9662.74,-9736.37,-9866.17,-9910.69,-10033.81,12143.19,,
14247.0,3021861.3,1116779.39,-9890.01,-9503.22,-9662.78,-9736.42,-9866.21,-9910.74,-10033.85,12143.18,,
14248.0,3021861.39,1116778.4,-9890.05,-9503.26,-9662.82,-9736.46,-9866.25,-9910.78,-10033.89,12143.18,62.87708940088419,
14249.0,3021861.48,1116777.4,-9890.08,-9503.3,-9662.86,-9736.5,-9866.29,-9910.82,-10033.93,12143.17,65.23525574013922,
14250.0,3021861.58,1116776.41,-9890.11,-9503.34,-9662.9,-9736.54,-9866.34,-9910.86,-10033.97,12143.16,63.84680266188626,
14251.0,3021861.67,1116775.41,-9890.15,-9503.39,-9662.94,-9736.58,-9866.38,-9910.9,-10034.02,12143.15,63.03136196513452,
14252.0,3021861.76,1116774.42,-9890.18,-9503.43,-9662.99,-9736.62,-9866.42,-9910.94,-10034.06,12143.14,,
14253.0,3021861.86,1116773.42,-9890.22,-9503.47,-9663.03,-9736.67,-9866.46,-9910.99,-10034.1,12143.14,,
14254.0,3021861.95,1116772.43,-9890.25,-9503.51,-9663.07,-9736.71,-9866.5,-9911.03,-10034.14,12143.13,,
14255.0,3021862.04,1116771.43,-9890.29,-9503.55,-9663.11,-9736.75,-9866.54,-9911.07,-10034.18,12143.12,67.43914951514392,
14256.0,3021862.14,1116770.44,-9890.32,-9503.59,-9663.15,-9736.79,-9866.59,-9911.11,-10034.22,12143.12,67.06448757339312,
14257.0,3021862.23,1116769.44,-9890.36,-9503.64,-9663.19,-9736.83,-9866.63,-9911.15,-10034.27,12143.11,65.23525574013922,
14258.0,3021862.32,1116768.45,-9890.39,-9503.68,-9663.24,-9736.88,-9866.67,-9911.19,-10034.31,12143.1,64.79447698513827,
14259.0,3021862.42,1116767.45,-9890.43,-9503.72,-9663.28,-9736.92,-9866.71,-9911.24,-10034.35,12143.1,63.03136196513452,
14260.0,3021862.51,1116766.46,-9890.46,-9503.76,-9663.32,-9736.96,-9866.75,-9911.28,-10034.39,12143.09,,
14261.0,3021862.61,1116765.46,-9890.5,-9503.8,-9663.36,-9737.0,-9866.79,-9911.32,-10034.43,12143.08,,
14262.0,3021862.7,1116764.47,-9890.54,-9503.85,-9663.4,-9737.04,-9866.84,-9911.36,-10034.48,12143.08,64.12228938376184,
14263.0,3021862.8,1116763.47,-9890.57,-9503.89,-9663.45,-9737.08,-9866.88,-9911.4,-10034.52,12143.070000000002,65.23525574013922,
14264.0,3021862.89,1116762.48,-9890.61,-9503.93,-9663.49,-9737.13,-9866.92,-9911.45,-10034.56,12143.070000000002,,
14265.0,3021862.98,1116761.48,-9890.64,-9503.97,-9663.53,-9737.17,-9866.96,-9911.49,-10034.6,12143.06,,
14266.0,3021863.08,1116760.49,-9890.68,-9504.01,-9663.57,-9737.21,-9867.0,-9911.53,-10034.64,12143.06,63.03136196513452,
14267.0,3021863.17,1116759.49,-9890.72,-9504.05,-9663.61,-9737.25,-9867.05,-9911.57,-10034.68,12143.05,66.60166988064213,
14268.0,3021863.27,1116758.5,-9890.75,-9504.1,-9663.65,-9737.29,-9867.09,-9911.61,-10034.73,12143.05,67.43914951514392,
14269.0,3021863.36,1116757.5,-9890.79,-9504.14,-9663.7,-9737.33,-9867.13,-9911.65,-10034.77,12143.04,,
14270.0,3021863.46,1116756.51,-9890.83,-9504.18,-9663.74,-9737.38,-9867.17,-9911.7,-10034.81,12143.04,63.92393894401143,
14271.0,3021863.55,1116755.51,-9890.87,-9504.22,-9663.78,-9737.42,-9867.21,-9911.74,-10034.85,12143.03,63.03136196513452,
14272.0,3021863.65,1116754.52,-9890.9,-9504.26,-9663.82,-9737.46,-9867.25,-9911.78,-10034.89,12143.03,61.21314960075564,
14273.0,3021863.75,1116753.52,-9890.94,-9504.3,-9663.86,-9737.5,-9867.3,-9911.82,-10034.93,12143.03,60.82746819012981,
14274.0,3021863.84,1116752.53,-9890.98,-9504.35,-9663.9,-9737.54,-9867.34,-9911.86,-10034.98,12143.02,66.19394953226626,
14275.0,3021863.94,1116751.53,-9891.02,-9504.39,-9663.95,-9737.59,-9867.38,-9911.9,-10035.02,12143.02,67.43914951514392,
14276.0,3021864.03,1116750.54,-9891.06,-9504.43,-9663.99,-9737.63,-9867.42,-9911.95,-10035.06,12143.01,65.73113183951529,
14277.0,3021864.13,1116749.55,-9891.09,-9504.47,-9664.03,-9737.67,-9867.46,-9911.99,-10035.1,12143.01,65.23525574013922,
14278.0,3021864.22,1116748.55,-9891.13,-9504.51,-9664.07,-9737.71,-9867.5,-9912.03,-10035.14,12143.01,,
14279.0,3021864.32,1116747.56,-9891.17,-9504.55,-9664.11,-9737.75,-9867.55,-9912.07,-10035.19,12143.0,68.7945441867718,
14280.0,3021864.41,1116746.56,-9891.21,-9504.6,-9664.16,-9737.79,-9867.59,-9912.11,-10035.23,12143.0,69.64304329014863,
14281.0,3021864.51,1116745.57,-9891.25,-9504.64,-9664.2,-9737.84,-9867.63,-9912.16,-10035.27,12143.0,71.52737246777764,
14282.0,3021864.6,1116744.57,-9891.28,-9504.68,-9664.24,-9737.88,-9867.67,-9912.2,-10035.31,12142.990000000002,71.84693706515334,
14283.0,3021864.69,1116743.58,-9891.32,-9504.72,-9664.28,-9737.92,-9867.71,-9912.24,-10035.35,12142.990000000002,70.14993885839971,
14284.0,3021864.79,1116742.58,-9891.36,-9504.76,-9664.32,-9737.96,-9867.75,-9912.28,-10035.39,12142.98,69.64304329014863,
14285.0,3021864.88,1116741.59,-9891.4,-9504.81,-9664.36,-9738.0,-9867.8,-9912.32,-10035.44,12142.98,64.36471769901236,
14286.0,3021864.97,1116740.59,-9891.43,-9504.85,-9664.41,-9738.04,-9867.84,-9912.36,-10035.48,12142.97,63.7696663797611,
14287.0,3021865.07,1116739.6,-9891.47,-9504.89,-9664.45,-9738.09,-9867.88,-9912.41,-10035.52,12142.97,65.16913892688908,
14288.0,3021865.16,1116738.6,-9891.51,-9504.93,-9664.49,-9738.13,-9867.92,-9912.45,-10035.56,12142.96,65.86336546601555,
14289.0,3021865.25,1116737.61,-9891.54,-9504.97,-9664.53,-9738.17,-9867.96,-9912.49,-10035.6,12142.96,71.84693706515334,
14290.0,3021865.34,1116736.61,-9891.58,-9505.01,-9664.57,-9738.21,-9868.01,-9912.53,-10035.64,12142.95,70.3372698292751,
14291.0,3021865.44,1116735.62,-9891.62,-9505.06,-9664.61,-9738.25,-9868.05,-9912.57,-10035.69,12142.95,65.23525574013922,
14292.0,3021865.53,1116734.62,-9891.65,-9505.1,-9664.66,-9738.3,-9868.09,-9912.61,-10035.73,12142.94,,
14293.0,3021865.62,1116733.63,-9891.69,-9505.14,-9664.7,-9738.34,-9868.13,-9912.66,-10035.77,12142.94,,
14294.0,3021865.71,1116732.63,-9891.73,-9505.18,-9664.74,-9738.38,-9868.17,-9912.7,-10035.81,12142.93,71.84693706515334,
14295.0,3021865.8,1116731.64,-9891.76,-9505.22,-9664.78,-9738.42,-9868.21,-9912.74,-10035.85,12142.93,,
14296.0,3021865.89,1116730.64,-9891.8,-9505.26,-9664.82,-9738.46,-9868.26,-9912.78,-10035.9,12142.92,72.71747510628018,
14297.0,3021865.98,1116729.65,-9891.84,-9505.31,-9664.87,-9738.5,-9868.3,-9912.82,-10035.94,12142.92,73.53291580303194,
14298.0,3021866.07,1116728.65,-9891.87,-9505.35,-9664.91,-9738.55,-9868.34,-9912.87,-10035.98,12142.91,69.1581866596476,
14299.0,3021866.16,1116727.65,-9891.91,-9505.39,-9664.95,-9738.59,-9868.38,-9912.91,-10036.02,12142.91,70.3372698292751,
14300.0,3021866.25,1116726.66,-9891.94,-9505.43,-9664.99,-9738.63,-9868.42,-9912.95,-10036.06,12142.9,71.84693706515334,
14301.0,3021866.34,1116725.66,-9891.98,-9505.47,-9665.03,-9738.67,-9868.46,-9912.99,-10036.1,12142.9,69.64304329014863,
14302.0,3021866.43,1116724.67,-9892.02,-9505.52,-9665.07,-9738.71,-9868.51,-9913.03,-10036.15,12142.89,74.4585511885339,
14303.0,3021866.52,1116723.67,-9892.05,-9505.56,-9665.12,-9738.75,-9868.55,-9913.07,-10036.19,12142.88,71.84693706515334,
14304.0,3021866.61,1116722.68,-9892.09,-9505.6,-9665.16,-9738.8,-9868.59,-9913.12,-10036.23,12142.88,69.64304329014863,
14305.0,3021866.69,1116721.68,-9892.12,-9505.64,-9665.2,-9738.84,-9868.63,-9913.16,-10036.27,12142.87,67.7587141125196,
14306.0,3021866.78,1116720.69,-9892.16,-9505.68,-9665.24,-9738.88,-9868.67,-9913.2,-10036.31,12142.86,69.34551763052299,
14307.0,3021866.87,1116719.69,-9892.19,-9505.72,-9665.28,-9738.92,-9868.72,-9913.24,-10036.35,12142.86,68.51905746489622,
14308.0,3021866.96,1116718.7,-9892.23,-9505.77,-9665.32,-9738.96,-9868.76,-9913.28,-10036.4,12142.85,68.21051233639558,
14309.0,3021867.04,1116717.7,-9892.26,-9505.81,-9665.37,-9739.01,-9868.8,-9913.32,-10036.44,12142.84,73.0480591725309,
14310.0,3021867.13,1116716.7,-9892.3,-9505.85,-9665.41,-9739.05,-9868.84,-9913.37,-10036.48,12142.84,71.84693706515334,
14311.0,3021867.22,1116715.71,-9892.33,-9505.89,-9665.45,-9739.09,-9868.88,-9913.41,-10036.52,12142.83,,
14312.0,3021867.3,1116714.71,-9892.37,-9505.93,-9665.49,-9739.13,-9868.92,-9913.45,-10036.56,12142.820000000002,69.8634326676491,
14313.0,3021867.39,1116713.72,-9892.4,-9505.97,-9665.53,-9739.17,-9868.97,-9913.49,-10036.61,12142.820000000002,67.43914951514392,
14314.0,3021867.48,1116712.72,-9892.44,-9506.02,-9665.58,-9739.21,-9869.01,-9913.53,-10036.65,12142.81,75.15277772766039,
14315.0,3021867.56,1116711.73,-9892.47,-9506.06,-9665.62,-9739.26,-9869.05,-9913.58,-10036.69,12142.8,74.00675296465793,
14316.0,3021867.65,1116710.73,-9892.51,-9506.1,-9665.66,-9739.3,-9869.09,-9913.62,-10036.73,12142.79,67.43914951514392,
14317.0,3021867.73,1116709.73,-9892.54,-9506.14,-9665.7,-9739.34,-9869.13,-9913.66,-10036.77,12142.79,69.64304329014863,
14318.0,3021867.82,1116708.74,-9892.58,-9506.18,-9665.74,-9739.38,-9869.17,-9913.7,-10036.81,12142.78,,
14319.0,3021867.9,1116707.74,-9892.61,-9506.23,-9665.78,-9739.42,-9869.22,-9913.74,-10036.86,12142.77,65.23525574013922,
14320.0,3021867.99,1116706.75,-9892.64,-9506.27,-9665.83,-9739.46,-9869.26,-9913.78,-10036.9,12142.77,,
14321.0,3021868.07,1116705.75,-9892.68,-9506.31,-9665.87,-9739.51,-9869.3,-9913.83,-10036.94,12142.76,67.27385748201857,
14322.0,3021868.15,1116704.76,-9892.71,-9506.35,-9665.91,-9739.55,-9869.34,-9913.87,-10036.98,12142.75,,
14323.0,3021868.24,1116703.76,-9892.75,-9506.39,-9665.95,-9739.59,-9869.38,-9913.91,-10037.02,12142.740000000002,,
14324.0,3021868.32,1116702.76,-9892.78,-9506.43,-9665.99,-9739.63,-9869.43,-9913.95,-10037.06,12142.73,74.38141490640874,
14325.0,3021868.4,1116701.77,-9892.81,-9506.48,-9666.03,-9739.67,-9869.47,-9913.99,-10037.11,12142.73,74.44753171965888,
14326.0,3021868.49,1116700.77,-9892.85,-9506.52,-9666.08,-9739.72,-9869.51,-9914.03,-10037.15,12142.72,71.84693706515334,
14327.0,3021868.57,1116699.78,-9892.88,-9506.56,-9666.12,-9739.76,-9869.55,-9914.08,-10037.19,12142.71,,
14328.0,3021868.65,1116698.78,-9892.91,-9506.6,-9666.16,-9739.8,-9869.59,-9914.12,-10037.23,12142.7,,
14329.0,3021868.73,1116697.78,-9892.95,-9506.64,-9666.2,-9739.84,-9869.63,-9914.16,-10037.27,12142.69,74.6899600349094,
14330.0,3021868.82,1116696.79,-9892.98,-9506.68,-9666.24,-9739.88,-9869.68,-9914.2,-10037.32,12142.68,73.20233173678122,
14331.0,3021868.9,1116695.79,-9893.01,-9506.73,-9666.29,-9739.92,-9869.72,-9914.24,-10037.36,12142.68,69.64304329014863,
14332.0,3021868.98,1116694.8,-9893.05,-9506.77,-9666.33,-9739.97,-9869.76,-9914.29,-10037.4,12142.67,72.04528750490375,
14333.0,3021869.06,1116693.8,-9893.08,-9506.81,-9666.37,-9740.01,-9869.8,-9914.33,-10037.44,12142.66,75.26297241641062,
14334.0,3021869.14,1116692.8,-9893.11,-9506.85,-9666.41,-9740.05,-9869.84,-9914.37,-10037.48,12142.65,77.3566715026651,
14335.0,3021869.22,1116691.81,-9893.15,-9506.89,-9666.45,-9740.09,-9869.89,-9914.41,-10037.52,12142.64,,
14336.0,3021869.3,1116690.81,-9893.18,-9506.94,-9666.49,-9740.13,-9869.93,-9914.45,-10037.57,12142.63,76.24370514628771,
14337.0,3021869.38,1116689.81,-9893.21,-9506.98,-9666.54,-9740.17,-9869.97,-9914.49,-10037.61,12142.62,75.15277772766039,
14338.0,3021869.46,1116688.82,-9893.24,-9507.02,-9666.58,-9740.22,-9870.01,-9914.54,-10037.65,12142.61,72.33179369565437,
14339.0,3021869.54,1116687.82,-9893.28,-9507.06,-9666.62,-9740.26,-9870.05,-9914.58,-10037.69,12142.6,71.84693706515334,
14340.0,3021869.62,1116686.82,-9893.31,-9507.1,-9666.66,-9740.3,-9870.09,-9914.62,-10037.73,12142.59,77.3566715026651,
14341.0,3021869.7,1116685.83,-9893.34,-9507.14,-9666.7,-9740.34,-9870.14,-9914.66,-10037.77,12142.58,,
14342.0,3021869.78,1116684.83,-9893.37,-9507.19,-9666.74,-9740.38,-9870.18,-9914.7,-10037.82,12142.570000000002,75.84700426678687,
14343.0,3021869.85,1116683.84,-9893.4,-9507.23,-9666.79,-9740.43,-9870.22,-9914.74,-10037.86,12142.56,69.64304329014863,
14344.0,3021869.93,1116682.84,-9893.44,-9507.27,-9666.83,-9740.47,-9870.26,-9914.79,-10037.9,12142.55,,
14345.0,3021870.01,1116681.84,-9893.47,-9507.31,-9666.87,-9740.51,-9870.3,-9914.83,-10037.94,12142.54,,
14346.0,3021870.09,1116680.85,-9893.5,-9507.35,-9666.91,-9740.55,-9870.34,-9914.87,-10037.98,12142.53,,
14347.0,3021870.17,1116679.85,-9893.53,-9507.4,-9666.95,-9740.59,-9870.39,-9914.91,-10038.03,12142.52,67.43914951514392,
14348.0,3021870.24,1116678.85,-9893.56,-9507.44,-9667.0,-9740.63,-9870.43,-9914.95,-10038.07,12142.51,69.29042028614786,
14349.0,3021870.32,1116677.86,-9893.59,-9507.48,-9667.04,-9740.68,-9870.47,-9915.0,-10038.11,12142.5,69.64304329014863,
14350.0,3021870.4,1116676.86,-9893.63,-9507.52,-9667.08,-9740.72,-9870.51,-9915.04,-10038.15,12142.490000000002,,
14351.0,3021870.47,1116675.86,-9893.66,-9507.56,-9667.12,-9740.76,-9870.55,-9915.08,-10038.19,12142.48,65.23525574013922,
14352.0,3021870.55,1116674.87,-9893.69,-9507.6,-9667.16,-9740.8,-9870.6,-9915.12,-10038.23,12142.47,,
14353.0,3021870.62,1116673.87,-9893.72,-9507.65,-9667.2,-9740.84,-9870.64,-9915.16,-10038.28,12142.46,69.64304329014863,
14354.0,3021870.7,1116672.87,-9893.75,-9507.69,-9667.25,-9740.88,-9870.68,-9915.2,-10038.32,12142.45,,
14355.0,3021870.77,1116671.88,-9893.78,-9507.73,-9667.29,-9740.93,-9870.72,-9915.25,-10038.36,12142.44,,
14356.0,3021870.85,1116670.88,-9893.81,-9507.77,-9667.33,-9740.97,-9870.76,-9915.29,-10038.4,12142.43,70.67887336440084,
14357.0,3021870.92,1116669.88,-9893.84,-9507.81,-9667.37,-9741.01,-9870.8,-9915.33,-10038.44,12142.42,74.05083084015804,
14358.0,3021871.0,1116668.89,-9893.87,-9507.85,-9667.41,-9741.05,-9870.85,-9915.37,-10038.48,12142.41,,
14359.0,3021871.07,1116667.89,-9893.9,-9507.9,-9667.45,-9741.09,-9870.89,-9915.41,-10038.53,12142.4,71.84693706515334,
14360.0,3021871.15,1116666.89,-9893.93,-9507.94,-9667.5,-9741.14,-9870.93,-9915.46,-10038.57,12142.38,73.01500076590582,
14361.0,3021871.22,1116665.9,-9893.97,-9507.98,-9667.54,-9741.18,-9870.97,-9915.5,-10038.61,12142.37,75.15277772766039,
14362.0,3021871.29,1116664.9,-9894.0,-9508.02,-9667.58,-9741.22,-9871.01,-9915.54,-10038.65,12142.36,,
14363.0,3021871.37,1116663.9,-9894.03,-9508.06,-9667.62,-9741.26,-9871.05,-9915.58,-10038.69,12142.35,,
14364.0,3021871.44,1116662.91,-9894.06,-9508.11,-9667.66,-9741.3,-9871.1,-9915.62,-10038.74,12142.34,69.12512825302252,
14365.0,3021871.51,1116661.91,-9894.09,-9508.15,-9667.71,-9741.34,-9871.14,-9915.66,-10038.78,12142.33,67.43914951514392,
14366.0,3021871.59,1116660.91,-9894.12,-9508.19,-9667.75,-9741.39,-9871.18,-9915.71,-10038.82,12142.31,,
14367.0,3021871.66,1116659.92,-9894.15,-9508.23,-9667.79,-9741.43,-9871.22,-9915.75,-10038.86,12142.3,,
14368.0,3021871.73,1116658.92,-9894.18,-9508.27,-9667.83,-9741.47,-9871.26,-9915.79,-10038.9,12142.29,,
14369.0,3021871.8,1116657.92,-9894.2,-9508.31,-9667.87,-9741.51,-9871.31,-9915.83,-10038.94,12142.28,69.64304329014863,
14370.0,3021871.87,1116656.92,-9894.23,-9508.36,-9667.91,-9741.55,-9871.35,-9915.87,-10038.99,12142.27,68.81658312452187,
14371.0,3021871.94,1116655.93,-9894.26,-9508.4,-9667.96,-9741.59,-9871.39,-9915.91,-10039.03,12142.25,67.43914951514392,
14372.0,3021872.02,1116654.93,-9894.29,-9508.44,-9668.0,-9741.64,-9871.43,-9915.96,-10039.07,12142.240000000002,,
14373.0,3021872.09,1116653.93,-9894.32,-9508.48,-9668.04,-9741.68,-9871.47,-9916.0,-10039.11,12142.23,,
14374.0,3021872.16,1116652.94,-9894.35,-9508.52,-9668.08,-9741.72,-9871.51,-9916.04,-10039.15,12142.22,,
14375.0,3021872.23,1116651.94,-9894.38,-9508.56,-9668.12,-9741.76,-9871.56,-9916.08,-10039.2,12142.2,,
14376.0,3021872.3,1116650.94,-9894.41,-9508.61,-9668.16,-9741.8,-9871.6,-9916.12,-10039.24,12142.19,,
14377.0,3021872.37,1116649.94,-9894.44,-9508.65,-9668.21,-9741.85,-9871.64,-9916.17,-10039.28,12142.18,,
14378.0,3021872.44,1116648.95,-9894.47,-9508.69,-9668.25,-9741.89,-9871.68,-9916.21,-10039.32,12142.17,69.26838134839782,
14379.0,3021872.51,1116647.95,-9894.5,-9508.73,-9668.29,-9741.93,-9871.72,-9916.25,-10039.36,12142.16,69.64304329014863,
14380.0,3021872.58,1116646.95,-9894.53,-9508.77,-9668.33,-9741.97,-9871.76,-9916.29,-10039.4,12142.14,65.23525574013922,
14381.0,3021872.65,1116645.96,-9894.56,-9508.82,-9668.37,-9742.01,-9871.81,-9916.33,-10039.45,12142.13,66.9542928846429,
14382.0,3021872.72,1116644.96,-9894.59,-9508.86,-9668.42,-9742.05,-9871.85,-9916.37,-10039.49,12142.12,65.79724865276542,
14383.0,3021872.79,1116643.96,-9894.62,-9508.9,-9668.46,-9742.1,-9871.89,-9916.42,-10039.53,12142.11,64.4749123877626,
14384.0,3021872.86,1116642.97,-9894.65,-9508.94,-9668.5,-9742.14,-9871.93,-9916.46,-10039.57,12142.09,67.43914951514392,
14385.0,3021872.93,1116641.97,-9894.67,-9508.98,-9668.54,-9742.18,-9871.97,-9916.5,-10039.61,12142.08,65.23525574013922,
14386.0,3021873.0,1116640.97,-9894.7,-9509.02,-9668.58,-9742.22,-9872.02,-9916.54,-10039.65,12142.070000000002,,
14387.0,3021873.07,1116639.97,-9894.73,-9509.07,-9668.62,-9742.26,-9872.06,-9916.58,-10039.7,12142.06,63.45010178238541,
14388.0,3021873.14,1116638.98,-9894.76,-9509.11,-9668.67,-9742.3,-9872.1,-9916.62,-10039.74,12142.04,61.940434546507184,
14389.0,3021873.21,1116637.98,-9894.79,-9509.15,-9668.71,-9742.35,-9872.14,-9916.67,-10039.78,12142.03,60.82746819012981,
14390.0,3021873.27,1116636.98,-9894.82,-9509.19,-9668.75,-9742.39,-9872.18,-9916.71,-10039.82,12142.02,63.03136196513452,
14391.0,3021873.34,1116635.98,-9894.85,-9509.23,-9668.79,-9742.43,-9872.22,-9916.75,-10039.86,12142.0,64.4749123877626,
14392.0,3021873.41,1116634.99,-9894.88,-9509.27,-9668.83,-9742.47,-9872.27,-9916.79,-10039.91,12141.990000000002,65.23525574013922,
14393.0,3021873.48,1116633.99,-9894.91,-9509.32,-9668.87,-9742.51,-9872.31,-9916.83,-10039.95,12141.98,64.27656194801217,
14394.0,3021873.55,1116632.99,-9894.94,-9509.36,-9668.92,-9742.56,-9872.35,-9916.88,-10039.99,12141.97,60.82746819012981,
14395.0,3021873.62,1116632.0,-9894.97,-9509.4,-9668.96,-9742.6,-9872.39,-9916.92,-10040.03,12141.95,64.22146460363706,
14396.0,3021873.69,1116631.0,-9895.0,-9509.44,-9669.0,-9742.64,-9872.43,-9916.96,-10040.07,12141.94,65.23525574013922,
14397.0,3021873.75,1116630.0,-9895.02,-9509.48,-9669.04,-9742.68,-9872.47,-9917.0,-10040.11,12141.93,,
14398.0,3021873.82,1116629.0,-9895.05,-9509.53,-9669.08,-9742.72,-9872.52,-9917.04,-10040.16,12141.92,64.29860088576221,
14399.0,3021873.89,1116628.01,-9895.08,-9509.57,-9669.13,-9742.76,-9872.56,-9917.08,-10040.2,12141.9,63.03136196513452,
14400.0,3021873.96,1116627.01,-9895.11,-9509.61,-9669.17,-9742.81,-9872.6,-9917.13,-10040.24,12141.89,,
14401.0,3021874.02,1116626.01,-9895.14,-9509.65,-9669.21,-9742.85,-9872.64,-9917.17,-10040.28,12141.88,,
14402.0,3021874.09,1116625.01,-9895.17,-9509.69,-9669.25,-9742.89,-9872.68,-9917.21,-10040.32,12141.86,,
14403.0,3021874.16,1116624.02,-9895.2,-9509.73,-9669.29,-9742.93,-9872.73,-9917.25,-10040.36,12141.85,,
14404.0,3021874.23,1116623.02,-9895.23,-9509.78,-9669.33,-9742.97,-9872.77,-9917.29,-10040.41,12141.84,61.11397438088042,
14405.0,3021874.29,1116622.02,-9895.26,-9509.82,-9669.38,-9743.01,-9872.81,-9917.33,-10040.45,12141.83,58.62357441512511,
14406.0,3021874.36,1116621.03,-9895.28,-9509.86,-9669.42,-9743.06,-9872.85,-9917.38,-10040.49,12141.81,59.90183280462784,
14407.0,3021874.43,1116620.03,-9895.31,-9509.9,-9669.46,-9743.1,-9872.89,-9917.42,-10040.53,12141.8,60.82746819012981,
14408.0,3021874.49,1116619.03,-9895.34,-9509.94,-9669.5,-9743.14,-9872.93,-9917.46,-10040.57,12141.79,,
14409.0,3021874.56,1116618.03,-9895.37,-9509.98,-9669.54,-9743.18,-9872.98,-9917.5,-10040.62,12141.77,,
14410.0,3021874.63,1116617.04,-9895.4,-9510.03,-9669.59,-9743.22,-9873.02,-9917.54,-10040.66,12141.76,,
14411.0,3021874.69,1116616.04,-9895.43,-9510.07,-9669.63,-9743.27,-9873.06,-9917.59,-10040.7,12141.75,58.62357441512511,
14412.0,3021874.76,1116615.04,-9895.46,-9510.11,-9669.67,-9743.31,-9873.1,-9917.63,-10040.74,12141.73,59.075372639001074,
14413.0,3021874.83,1116614.04,-9895.49,-9510.15,-9669.71,-9743.35,-9873.14,-9917.67,-10040.78,12141.72,60.82746819012981,
14414.0,3021874.89,1116613.05,-9895.51,-9510.19,-9669.75,-9743.39,-9873.18,-9917.71,-10040.82,12141.71,59.43901511187685,
14415.0,3021874.96,1116612.05,-9895.54,-9510.24,-9669.79,-9743.43,-9873.23,-9917.75,-10040.87,12141.7,58.62357441512511,
14416.0,3021875.02,1116611.05,-9895.57,-9510.28,-9669.84,-9743.47,-9873.27,-9917.79,-10040.91,12141.68,,
14417.0,3021875.09,1116610.05,-9895.6,-9510.32,-9669.88,-9743.52,-9873.31,-9917.84,-10040.95,12141.67,53.11383997761335,
14418.0,3021875.15,1116609.06,-9895.63,-9510.36,-9669.92,-9743.56,-9873.35,-9917.88,-10040.99,12141.66,53.94030014324012,
14419.0,3021875.22,1116608.06,-9895.66,-9510.4,-9669.96,-9743.6,-9873.39,-9917.92,-10041.03,12141.64,58.62357441512511,
14420.0,3021875.28,1116607.06,-9895.69,-9510.44,-9670.0,-9743.64,-9873.44,-9917.96,-10041.07,12141.63,60.948682347755074,
14421.0,3021875.35,1116606.06,-9895.71,-9510.49,-9670.04,-9743.68,-9873.48,-9918.0,-10041.12,12141.62,63.03136196513452,
14422.0,3021875.41,1116605.07,-9895.74,-9510.53,-9670.09,-9743.72,-9873.52,-9918.04,-10041.16,12141.6,61.466597384881176,
14423.0,3021875.48,1116604.07,-9895.77,-9510.57,-9670.13,-9743.77,-9873.56,-9918.09,-10041.2,12141.59,60.82746819012981,
14424.0,3021875.54,1116603.07,-9895.8,-9510.61,-9670.17,-9743.81,-9873.6,-9918.13,-10041.24,12141.58,,
14425.0,3021875.61,1116602.07,-9895.83,-9510.65,-9670.21,-9743.85,-9873.64,-9918.17,-10041.28,12141.56,55.31773375261806,
14426.0,3021875.67,1116601.08,-9895.86,-9510.69,-9670.25,-9743.89,-9873.69,-9918.21,-10041.33,12141.55,56.90453727062144,
14427.0,3021875.74,1116600.08,-9895.89,-9510.74,-9670.3,-9743.93,-9873.73,-9918.25,-10041.37,12141.54,60.82746819012981,
14428.0,3021875.8,1116599.08,-9895.91,-9510.78,-9670.34,-9743.98,-9873.77,-9918.3,-10041.41,12141.52,,
14429.0,3021875.87,1116598.08,-9895.94,-9510.82,-9670.38,-9744.02,-9873.81,-9918.34,-10041.45,12141.51,,
14430.0,3021875.93,1116597.09,-9895.97,-9510.86,-9670.42,-9744.06,-9873.85,-9918.38,-10041.49,12141.5,59.00925582575093,
14431.0,3021875.99,1116596.09,-9896.0,-9510.9,-9670.46,-9744.1,-9873.89,-9918.42,-10041.53,12141.48,58.62357441512511,
14432.0,3021876.06,1116595.09,-9896.03,-9510.95,-9670.5,-9744.14,-9873.94,-9918.46,-10041.58,12141.47,,
14433.0,3021876.12,1116594.09,-9896.06,-9510.99,-9670.55,-9744.18,-9873.98,-9918.5,-10041.62,12141.46,60.41974784175394,
14434.0,3021876.18,1116593.1,-9896.08,-9511.03,-9670.59,-9744.23,-9874.02,-9918.55,-10041.66,12141.44,61.16907172525555,
14435.0,3021876.25,1116592.1,-9896.11,-9511.07,-9670.63,-9744.27,-9874.06,-9918.59,-10041.7,12141.43,63.03136196513452,
14436.0,3021876.31,1116591.1,-9896.14,-9511.11,-9670.67,-9744.31,-9874.1,-9918.63,-10041.74,12141.42,,
14437.0,3021876.37,1116590.1,-9896.17,-9511.15,-9670.71,-9744.35,-9874.15,-9918.67,-10041.78,12141.4,,
14438.0,3021876.44,1116589.11,-9896.2,-9511.2,-9670.75,-9744.39,-9874.19,-9918.71,-10041.83,12141.39,62.2710186127579,
14439.0,3021876.5,1116588.11,-9896.23,-9511.24,-9670.8,-9744.44,-9874.23,-9918.75,-10041.87,12141.38,60.82746819012981,
14440.0,3021876.56,1116587.11,-9896.25,-9511.28,-9670.84,-9744.48,-9874.27,-9918.8,-10041.91,12141.36,,
14441.0,3021876.63,1116586.11,-9896.28,-9511.32,-9670.88,-9744.52,-9874.31,-9918.84,-10041.95,12141.35,64.93773008051357,
14442.0,3021876.69,1116585.12,-9896.31,-9511.36,-9670.92,-9744.56,-9874.35,-9918.88,-10041.99,12141.34,67.43914951514392,
14443.0,3021876.75,1116584.12,-9896.34,-9511.4,-9670.96,-9744.6,-9874.4,-9918.92,-10042.04,12141.320000000002,61.99553189088231,
14444.0,3021876.81,1116583.12,-9896.37,-9511.45,-9671.01,-9744.64,-9874.44,-9918.96,-10042.08,12141.31,60.82746819012981,
14445.0,3021876.87,1116582.12,-9896.39,-9511.49,-9671.05,-9744.69,-9874.48,-9919.01,-10042.12,12141.29,,
14446.0,3021876.94,1116581.13,-9896.42,-9511.53,-9671.09,-9744.73,-9874.52,-9919.05,-10042.16,12141.28,,
14447.0,3021877.0,1116580.13,-9896.45,-9511.57,-9671.13,-9744.77,-9874.56,-9919.09,-10042.2,12141.27,63.03136196513452,
14448.0,3021877.06,1116579.13,-9896.48,-9511.61,-9671.17,-9744.81,-9874.6,-9919.13,-10042.24,12141.25,,
14449.0,3021877.12,1116578.13,-9896.51,-9511.66,-9671.21,-9744.85,-9874.65,-9919.17,-10042.29,12141.240000000002,63.47214072013545,
14450.0,3021877.18,1116577.13,-9896.54,-9511.7,-9671.26,-9744.89,-9874.69,-9919.21,-10042.33,12141.23,65.23525574013922,
14451.0,3021877.25,1116576.14,-9896.56,-9511.74,-9671.3,-9744.94,-9874.73,-9919.26,-10042.37,12141.21,64.72836017188813,
14452.0,3021877.31,1116575.14,-9896.59,-9511.78,-9671.34,-9744.98,-9874.77,-9919.3,-10042.41,12141.2,63.03136196513452,
14453.0,3021877.37,1116574.14,-9896.62,-9511.82,-9671.38,-9745.02,-9874.81,-9919.34,-10042.45,12141.18,,
14454.0,3021877.43,1116573.14,-9896.65,-9511.86,-9671.42,-9745.06,-9874.86,-9919.38,-10042.49,12141.17,,
14455.0,3021877.49,1116572.15,-9896.67,-9511.91,-9671.46,-9745.1,-9874.9,-9919.42,-10042.54,12141.16,64.08923097713676,
14456.0,3021877.55,1116571.15,-9896.7,-9511.95,-9671.51,-9745.15,-9874.94,-9919.46,-10042.58,12141.14,65.23525574013922,
14457.0,3021877.61,1116570.15,-9896.73,-9511.99,-9671.55,-9745.19,-9874.98,-9919.51,-10042.62,12141.13,,
14458.0,3021877.67,1116569.15,-9896.76,-9512.03,-9671.59,-9745.23,-9875.02,-9919.55,-10042.66,12141.12,62.46936905250831,
14459.0,3021877.73,1116568.15,-9896.79,-9512.07,-9671.63,-9745.27,-9875.06,-9919.59,-10042.7,12141.1,60.82746819012981,
14460.0,3021877.79,1116567.16,-9896.81,-9512.11,-9671.67,-9745.31,-9875.11,-9919.63,-10042.75,12141.09,62.293057550507946,
14461.0,3021877.85,1116566.16,-9896.84,-9512.16,-9671.72,-9745.35,-9875.15,-9919.67,-10042.79,12141.070000000002,,
14462.0,3021877.91,1116565.16,-9896.87,-9512.2,-9671.76,-9745.4,-9875.19,-9919.72,-10042.83,12141.06,,
14463.0,3021877.97,1116564.16,-9896.9,-9512.24,-9671.8,-9745.44,-9875.23,-9919.76,-10042.87,12141.05,,
14464.0,3021878.03,1116563.17,-9896.93,-9512.28,-9671.84,-9745.48,-9875.27,-9919.8,-10042.91,12141.03,,
14465.0,3021878.09,1116562.17,-9896.95,-9512.32,-9671.88,-9745.52,-9875.31,-9919.84,-10042.95,12141.02,,
14466.0,3021878.15,1116561.17,-9896.98,-9512.37,-9671.92,-9745.56,-9875.36,-9919.88,-10043.0,12141.0,,
14467.0,3021878.21,1116560.17,-9897.01,-9512.41,-9671.97,-9745.6,-9875.4,-9919.92,-10043.04,12140.990000000002,67.43914951514392,
14468.0,3021878.27,1116559.17,-9897.04,-9512.45,-9672.01,-9745.65,-9875.44,-9919.97,-10043.08,12140.98,,
14469.0,3021878.33,1116558.18,-9897.06,-9512.49,-9672.05,-9745.69,-9875.48,-9920.01,-10043.12,12140.96,65.23525574013922,
14470.0,3021878.39,1116557.18,-9897.09,-9512.53,-9672.09,-9745.73,-9875.52,-9920.05,-10043.16,12140.95,,
14471.0,3021878.45,1116556.18,-9897.12,-9512.57,-9672.13,-9745.77,-9875.57,-9920.09,-10043.2,12140.93,,
14472.0,3021878.51,1116555.18,-9897.15,-9512.62,-9672.17,-9745.81,-9875.61,-9920.13,-10043.25,12140.92,65.87438493489059,
14473.0,3021878.57,1116554.18,-9897.18,-9512.66,-9672.22,-9745.86,-9875.65,-9920.17,-10043.29,12140.91,69.64304329014863,
14474.0,3021878.63,1116553.19,-9897.2,-9512.7,-9672.26,-9745.9,-9875.69,-9920.22,-10043.33,12140.89,,
14475.0,3021878.69,1116552.19,-9897.23,-9512.74,-9672.3,-9745.94,-9875.73,-9920.26,-10043.37,12140.88,66.14987165676618,
14476.0,3021878.75,1116551.19,-9897.26,-9512.78,-9672.34,-9745.98,-9875.77,-9920.3,-10043.41,12140.86,65.23525574013922,
14477.0,3021878.81,1116550.19,-9897.29,-9512.82,-9672.38,-9746.02,-9875.82,-9920.34,-10043.46,12140.85,67.43914951514392,
14478.0,3021878.86,1116549.2,-9897.31,-9512.87,-9672.43,-9746.06,-9875.86,-9920.38,-10043.5,12140.83,,
14479.0,3021878.92,1116548.2,-9897.34,-9512.91,-9672.47,-9746.11,-9875.9,-9920.43,-10043.54,12140.820000000002,66.68982563164232,
14480.0,3021878.98,1116547.2,-9897.37,-9512.95,-9672.51,-9746.15,-9875.94,-9920.47,-10043.58,12140.81,63.03136196513452,
14481.0,3021879.04,1116546.2,-9897.4,-9512.99,-9672.55,-9746.19,-9875.98,-9920.51,-10043.62,12140.79,65.23525574013922,
14482.0,3021879.1,1116545.2,-9897.42,-9513.03,-9672.59,-9746.23,-9876.02,-9920.55,-10043.66,12140.78,,
14483.0,3021879.16,1116544.21,-9897.45,-9513.08,-9672.63,-9746.27,-9876.07,-9920.59,-10043.71,12140.76,64.11126991488682,
14484.0,3021879.22,1116543.21,-9897.48,-9513.12,-9672.68,-9746.31,-9876.11,-9920.63,-10043.75,12140.75,63.03136196513452,
14485.0,3021879.28,1116542.21,-9897.51,-9513.16,-9672.72,-9746.36,-9876.15,-9920.68,-10043.79,12140.740000000002,,
14486.0,3021879.34,1116541.21,-9897.53,-9513.2,-9672.76,-9746.4,-9876.19,-9920.72,-10043.83,12140.72,,
14487.0,3021879.4,1116540.21,-9897.56,-9513.24,-9672.8,-9746.44,-9876.23,-9920.76,-10043.87,12140.71,69.64304329014863,
14488.0,3021879.45,1116539.22,-9897.59,-9513.28,-9672.84,-9746.48,-9876.28,-9920.8,-10043.91,12140.69,68.67333002914656,
14489.0,3021879.51,1116538.22,-9897.62,-9513.33,-9672.88,-9746.52,-9876.32,-9920.84,-10043.96,12140.68,65.23525574013922,
14490.0,3021879.57,1116537.22,-9897.64,-9513.37,-9672.93,-9746.57,-9876.36,-9920.88,-10044.0,12140.66,,
14491.0,3021879.63,1116536.22,-9897.67,-9513.41,-9672.97,-9746.61,-9876.4,-9920.93,-10044.04,12140.65,66.9542928846429,
14492.0,3021879.69,1116535.23,-9897.7,-9513.45,-9673.01,-9746.65,-9876.44,-9920.97,-10044.08,12140.64,67.946045083395,
14493.0,3021879.75,1116534.23,-9897.73,-9513.49,-9673.05,-9746.69,-9876.48,-9921.01,-10044.12,12140.62,69.64304329014863,
14494.0,3021879.81,1116533.23,-9897.75,-9513.53,-9673.09,-9746.73,-9876.53,-9921.05,-10044.17,12140.61,,
14495.0,3021879.87,1116532.23,-9897.78,-9513.58,-9673.14,-9746.77,-9876.57,-9921.09,-10044.21,12140.59,65.23525574013922,
14496.0,3021879.92,1116531.23,-9897.81,-9513.62,-9673.18,-9746.82,-9876.61,-9921.14,-10044.25,12140.58,66.76696191376749,
14497.0,3021879.98,1116530.24,-9897.84,-9513.66,-9673.22,-9746.86,-9876.65,-9921.18,-10044.29,12140.56,66.97633182239294,
14498.0,3021880.04,1116529.24,-9897.86,-9513.7,-9673.26,-9746.9,-9876.69,-9921.22,-10044.33,12140.55,65.23525574013922,
14499.0,3021880.1,1116528.24,-9897.89,-9513.74,-9673.3,-9746.94,-9876.73,-9921.26,-10044.37,12140.54,66.2600663455164,
14500.0,3021880.16,1116527.24,-9897.92,-9513.79,-9673.34,-9746.98,-9876.78,-9921.3,-10044.42,12140.52,69.64304329014863,
14501.0,3021880.22,1116526.24,-9897.95,-9513.83,-9673.39,-9747.02,-9876.82,-9921.34,-10044.46,12140.51,67.90196720789491,
14502.0,3021880.27,1116525.25,-9897.97,-9513.87,-9673.43,-9747.07,-9876.86,-9921.39,-10044.5,12140.490000000002,67.43914951514392,
14503.0,3021880.33,1116524.25,-9898.0,-9513.91,-9673.47,-9747.11,-9876.9,-9921.43,-10044.54,12140.48,71.84693706515334,
14504.0,3021880.39,1116523.25,-9898.03,-9513.95,-9673.51,-9747.15,-9876.94,-9921.47,-10044.58,12140.46,,
14505.0,3021880.45,1116522.25,-9898.06,-9513.99,-9673.55,-9747.19,-9876.99,-9921.51,-10044.62,12140.45,69.57692647689849,
14506.0,3021880.51,1116521.25,-9898.08,-9514.04,-9673.59,-9747.23,-9877.03,-9921.55,-10044.67,12140.44,67.43914951514392,
14507.0,3021880.57,1116520.26,-9898.11,-9514.08,-9673.64,-9747.28,-9877.07,-9921.59,-10044.71,12140.42,64.98180795601368,
14508.0,3021880.62,1116519.26,-9898.14,-9514.12,-9673.68,-9747.32,-9877.11,-9921.64,-10044.75,12140.41,63.03136196513452,
14509.0,3021880.68,1116518.26,-9898.17,-9514.16,-9673.72,-9747.36,-9877.15,-9921.68,-10044.79,12140.39,,
14510.0,3021880.74,1116517.26,-9898.19,-9514.2,-9673.76,-9747.4,-9877.19,-9921.72,-10044.83,12140.38,,
14511.0,3021880.8,1116516.26,-9898.22,-9514.24,-9673.8,-9747.44,-9877.24,-9921.76,-10044.88,12140.36,65.23525574013922,
14512.0,3021880.86,1116515.27,-9898.25,-9514.29,-9673.85,-9747.48,-9877.28,-9921.8,-10044.92,12140.35,65.70909290176523,
14513.0,3021880.91,1116514.27,-9898.27,-9514.33,-9673.89,-9747.53,-9877.32,-9921.85,-10044.96,12140.33,67.43914951514392,
14514.0,3021880.97,1116513.27,-9898.3,-9514.37,-9673.93,-9747.57,-9877.36,-9921.89,-10045.0,12140.320000000002,,
14515.0,3021881.03,1116512.27,-9898.33,-9514.41,-9673.97,-9747.61,-9877.4,-9921.93,-10045.04,12140.31,,
14516.0,3021881.09,1116511.27,-9898.36,-9514.45,-9674.01,-9747.65,-9877.44,-9921.97,-10045.08,12140.29,,
14517.0,3021881.15,1116510.28,-9898.38,-9514.5,-9674.05,-9747.69,-9877.49,-9922.01,-10045.13,12140.28,69.90751054314919,
14518.0,3021881.2,1116509.28,-9898.41,-9514.54,-9674.1,-9747.73,-9877.53,-9922.05,-10045.17,12140.26,71.84693706515334,
14519.0,3021881.26,1116508.28,-9898.44,-9514.58,-9674.14,-9747.78,-9877.57,-9922.1,-10045.21,12140.25,,
14520.0,3021881.32,1116507.28,-9898.47,-9514.62,-9674.18,-9747.82,-9877.61,-9922.14,-10045.25,12140.23,,
14521.0,3021881.38,1116506.29,-9898.49,-9514.66,-9674.22,-9747.86,-9877.65,-9922.18,-10045.29,12140.22,70.81110699090112,
14522.0,3021881.43,1116505.29,-9898.52,-9514.7,-9674.26,-9747.9,-9877.7,-9922.22,-10045.33,12140.2,65.23525574013922,
14523.0,3021881.49,1116504.29,-9898.55,-9514.75,-9674.3,-9747.94,-9877.74,-9922.26,-10045.38,12140.19,,
14524.0,3021881.55,1116503.29,-9898.57,-9514.79,-9674.35,-9747.98,-9877.78,-9922.3,-10045.42,12140.17,,
14525.0,3021881.61,1116502.29,-9898.6,-9514.83,-9674.39,-9748.03,-9877.82,-9922.35,-10045.46,12140.16,,
14526.0,3021881.66,1116501.3,-9898.63,-9514.87,-9674.43,-9748.07,-9877.86,-9922.39,-10045.5,12140.15,67.49424685951904,
14527.0,3021881.72,1116500.3,-9898.66,-9514.91,-9674.47,-9748.11,-9877.9,-9922.43,-10045.54,12140.13,69.64304329014863,
14528.0,3021881.78,1116499.3,-9898.68,-9514.95,-9674.51,-9748.15,-9877.95,-9922.47,-10045.59,12140.12,,
14529.0,3021881.84,1116498.3,-9898.71,-9515.0,-9674.56,-9748.19,-9877.99,-9922.51,-10045.63,12140.1,73.25742908115635,
14530.0,3021881.89,1116497.3,-9898.74,-9515.04,-9674.6,-9748.24,-9878.03,-9922.56,-10045.67,12140.09,71.24086627702704,
14531.0,3021881.95,1116496.31,-9898.76,-9515.08,-9674.64,-9748.28,-9878.07,-9922.6,-10045.71,12140.070000000002,69.64304329014863,
14532.0,3021882.01,1116495.31,-9898.79,-9515.12,-9674.68,-9748.32,-9878.11,-9922.64,-10045.75,12140.06,,
14533.0,3021882.07,1116494.31,-9898.82,-9515.16,-9674.72,-9748.36,-9878.15,-9922.68,-10045.79,12140.04,,
14534.0,3021882.12,1116493.31,-9898.85,-9515.21,-9674.76,-9748.4,-9878.2,-9922.72,-10045.84,12140.03,,
14535.0,3021882.18,1116492.31,-9898.87,-9515.25,-9674.81,-9748.44,-9878.24,-9922.76,-10045.88,12140.01,,
14536.0,3021882.24,1116491.32,-9898.9,-9515.29,-9674.85,-9748.49,-9878.28,-9922.81,-10045.92,12140.0,68.5080379960212,
14537.0,3021882.29,1116490.32,-9898.93,-9515.33,-9674.89,-9748.53,-9878.32,-9922.85,-10045.96,12139.98,67.43914951514392,
14538.0,3021882.35,1116489.32,-9898.95,-9515.37,-9674.93,-9748.57,-9878.36,-9922.89,-10046.0,12139.97,63.03136196513452,
14539.0,3021882.41,1116488.32,-9898.98,-9515.41,-9674.97,-9748.61,-9878.41,-9922.93,-10046.04,12139.95,,
14540.0,3021882.47,1116487.32,-9899.01,-9515.46,-9675.01,-9748.65,-9878.45,-9922.97,-10046.09,12139.94,,
14541.0,3021882.52,1116486.33,-9899.04,-9515.5,-9675.06,-9748.69,-9878.49,-9923.01,-10046.13,12139.93,67.14162385551828,
14542.0,3021882.58,1116485.33,-9899.06,-9515.54,-9675.1,-9748.74,-9878.53,-9923.06,-10046.17,12139.91,71.84693706515334,
14543.0,3021882.64,1116484.33,-9899.09,-9515.58,-9675.14,-9748.78,-9878.57,-9923.1,-10046.21,12139.9,,
14544.0,3021882.69,1116483.33,-9899.12,-9515.62,-9675.18,-9748.82,-9878.61,-9923.14,-10046.25,12139.88,63.03136196513452,
14545.0,3021882.75,1116482.33,-9899.14,-9515.66,-9675.22,-9748.86,-9878.66,-9923.18,-10046.3,12139.87,,
14546.0,3021882.81,1116481.34,-9899.17,-9515.71,-9675.27,-9748.9,-9878.7,-9923.22,-10046.34,12139.85,65.23525574013922,
14547.0,3021882.86,1116480.34,-9899.2,-9515.75,-9675.31,-9748.95,-9878.74,-9923.27,-10046.38,12139.84,67.11958491776824,
14548.0,3021882.92,1116479.34,-9899.22,-9515.79,-9675.35,-9748.99,-9878.78,-9923.31,-10046.42,12139.820000000002,67.43914951514392,
14549.0,3021882.98,1116478.34,-9899.25,-9515.83,-9675.39,-9749.03,-9878.82,-9923.35,-10046.46,12139.81,,
14550.0,3021883.03,1116477.34,-9899.28,-9515.87,-9675.43,-9749.07,-9878.86,-9923.39,-10046.5,12139.79,,
14551.0,3021883.09,1116476.35,-9899.31,-9515.92,-9675.47,-9749.11,-9878.91,-9923.43,-10046.55,12139.78,69.21328400402271,
14552.0,3021883.15,1116475.35,-9899.33,-9515.96,-9675.52,-9749.15,-9878.95,-9923.47,-10046.59,12139.76,69.31245922389793,
14553.0,3021883.2,1116474.35,-9899.36,-9516.0,-9675.56,-9749.2,-9878.99,-9923.52,-10046.63,12139.75,,
14554.0,3021883.26,1116473.35,-9899.39,-9516.04,-9675.6,-9749.24,-9879.03,-9923.56,-10046.67,12139.73,65.36748936663949,
14555.0,3021883.32,1116472.35,-9899.41,-9516.08,-9675.64,-9749.28,-9879.07,-9923.6,-10046.71,12139.72,63.03136196513452,
14556.0,3021883.37,1116471.36,-9899.44,-9516.12,-9675.68,-9749.32,-9879.12,-9923.64,-10046.75,12139.7,64.02311416388663,
14557.0,3021883.43,1116470.36,-9899.47,-9516.17,-9675.72,-9749.36,-9879.16,-9923.68,-10046.8,12139.69,67.43914951514392,
14558.0,3021883.49,1116469.36,-9899.49,-9516.21,-9675.77,-9749.4,-9879.2,-9923.72,-10046.84,12139.67,65.69807343289021,
14559.0,3021883.54,1116468.36,-9899.52,-9516.25,-9675.81,-9749.45,-9879.24,-9923.77,-10046.88,12139.66,65.88540440376562,
14560.0,3021883.6,1116467.36,-9899.55,-9516.29,-9675.85,-9749.49,-9879.28,-9923.81,-10046.92,12139.64,69.64304329014863,
14561.0,3021883.66,1116466.36,-9899.57,-9516.33,-9675.89,-9749.53,-9879.32,-9923.85,-10046.96,12139.63,,
14562.0,3021883.71,1116465.37,-9899.6,-9516.37,-9675.93,-9749.57,-9879.37,-9923.89,-10047.01,12139.61,67.79177251914467,
14563.0,3021883.77,1116464.37,-9899.63,-9516.42,-9675.98,-9749.61,-9879.41,-9923.93,-10047.05,12139.6,67.91298667676993,
14564.0,3021883.83,1116463.37,-9899.66,-9516.46,-9676.02,-9749.66,-9879.45,-9923.98,-10047.09,12139.59,68.25459021189566,
14565.0,3021883.88,1116462.37,-9899.68,-9516.5,-9676.06,-9749.7,-9879.49,-9924.02,-10047.13,12139.570000000002,67.43914951514392,
14566.0,3021883.94,1116461.37,-9899.71,-9516.54,-9676.1,-9749.74,-9879.53,-9924.06,-10047.17,12139.56,,
14567.0,3021884.0,1116460.38,-9899.74,-9516.58,-9676.14,-9749.78,-9879.57,-9924.1,-10047.21,12139.54,,
14568.0,3021884.05,1116459.38,-9899.76,-9516.63,-9676.18,-9749.82,-9879.62,-9924.14,-10047.26,12139.53,67.13060438664327,
14569.0,3021884.11,1116458.38,-9899.79,-9516.67,-9676.23,-9749.86,-9879.66,-9924.18,-10047.3,12139.51,65.23525574013922,
14570.0,3021884.17,1116457.38,-9899.82,-9516.71,-9676.27,-9749.91,-9879.7,-9924.23,-10047.34,12139.5,56.77230364412115,
14571.0,3021884.23,1116456.38,-9899.84,-9516.75,-9676.31,-9749.95,-9879.74,-9924.27,-10047.38,12139.48,64.90467167388852,
14572.0,3021884.29,1116455.39,-9899.87,-9516.79,-9676.35,-9749.98,-9879.78,-9924.3,-10047.42,12139.47,65.69807343289021,
14573.0,3021884.35,1116454.39,-9899.9,-9516.82,-9676.38,-9750.02,-9879.81,-9924.34,-10047.45,12139.46,65.23525574013922,
14574.0,3021884.4,1116453.39,-9899.93,-9516.86,-9676.42,-9750.06,-9879.85,-9924.38,-10047.49,12139.46,,
14575.0,3021884.46,1116452.39,-9899.95,-9516.89,-9676.45,-9750.09,-9879.89,-9924.41,-10047.52,12139.45,65.80826812164044,
14576.0,3021884.52,1116451.4,-9899.98,-9516.93,-9676.49,-9750.13,-9879.92,-9924.45,-10047.56,12139.44,66.94327341576786,
14577.0,3021884.58,1116450.4,-9900.01,-9516.97,-9676.52,-9750.16,-9879.96,-9924.48,-10047.6,12139.43,67.43914951514392,
14578.0,3021884.64,1116449.4,-9900.04,-9517.0,-9676.56,-9750.2,-9879.99,-9924.52,-10047.63,12139.42,65.36748936663949,
14579.0,3021884.7,1116448.4,-9900.06,-9517.04,-9676.6,-9750.24,-9880.03,-9924.56,-10047.67,12139.41,64.78345751626327,
14580.0,3021884.76,1116447.4,-9900.09,-9517.07,-9676.63,-9750.27,-9880.07,-9924.59,-10047.7,12139.4,65.57685927526495,
14581.0,3021884.82,1116446.41,-9900.12,-9517.11,-9676.67,-9750.31,-9880.1,-9924.63,-10047.74,12139.4,67.43914951514392,
14582.0,3021884.88,1116445.41,-9900.14,-9517.13,-9676.69,-9750.33,-9880.12,-9924.65,-10047.76,12139.4,,
14583.0,3021884.94,1116444.41,-9900.17,-9517.15,-9676.71,-9750.35,-9880.15,-9924.67,-10047.78,12139.41,,
14584.0,3021885.0,1116443.41,-9900.2,-9517.18,-9676.74,-9750.37,-9880.17,-9924.69,-10047.81,12139.41,,
14585.0,3021885.06,1116442.41,-9900.23,-9517.2,-9676.76,-9750.4,-9880.19,-9924.72,-10047.83,12139.42,,
14586.0,3021885.12,1116441.42,-9900.25,-9517.22,-9676.78,-9750.42,-9880.21,-9924.74,-10047.85,12139.42,,
14587.0,3021885.18,1116440.42,-9900.28,-9517.24,-9676.8,-9750.44,-9880.23,-9924.76,-10047.87,12139.43,66.6788061627673,
14588.0,3021885.24,1116439.42,-9900.31,-9517.27,-9676.82,-9750.46,-9880.26,-9924.78,-10047.9,12139.43,65.23525574013922,
14589.0,3021885.3,1116438.42,-9900.34,-9517.29,-9676.85,-9750.48,-9880.28,-9924.8,-10047.92,12139.44,,
14590.0,3021885.36,1116437.43,-9900.36,-9517.31,-9676.87,-9750.51,-9880.3,-9924.83,-10047.94,12139.44,69.64304329014863,
14591.0,3021885.42,1116436.43,-9900.39,-9517.33,-9676.89,-9750.53,-9880.32,-9924.85,-10047.96,12139.45,,
14592.0,3021885.48,1116435.43,-9900.42,-9517.35,-9676.91,-9750.55,-9880.35,-9924.87,-10047.98,12139.45,75.15277772766039,
14593.0,3021885.54,1116434.43,-9900.45,-9517.38,-9676.93,-9750.57,-9880.37,-9924.89,-10048.01,12139.46,69.64304329014863,
14594.0,3021885.6,1116433.43,-9900.47,-9517.4,-9676.96,-9750.6,-9880.39,-9924.92,-10048.03,12139.46,68.06725924102027,
14595.0,3021885.67,1116432.44,-9900.5,-9517.42,-9676.98,-9750.62,-9880.41,-9924.94,-10048.05,12139.47,65.23525574013922,
14596.0,3021885.73,1116431.44,-9900.53,-9517.44,-9677.0,-9750.64,-9880.43,-9924.96,-10048.07,12139.48,,
14597.0,3021885.79,1116430.44,-9900.56,-9517.46,-9677.02,-9750.66,-9880.46,-9924.98,-10048.1,12139.48,,
14598.0,3021885.85,1116429.44,-9900.59,-9517.49,-9677.05,-9750.68,-9880.48,-9925.0,-10048.12,12139.490000000002,,
14599.0,3021885.91,1116428.45,-9900.61,-9517.51,-9677.07,-9750.71,-9880.5,-9925.03,-10048.14,12139.490000000002,,
14600.0,3021885.98,1116427.45,-9900.64,-9517.53,-9677.09,-9750.73,-9880.52,-9925.05,-10048.16,12139.5,75.15277772766039,
14601.0,3021886.04,1116426.45,-9900.67,-9517.55,-9677.11,-9750.75,-9880.54,-9925.07,-10048.18,12139.5,68.66231056027154,
14602.0,3021886.1,1116425.45,-9900.7,-9517.58,-9677.13,-9750.77,-9880.57,-9925.09,-10048.21,12139.51,60.82746819012981,
14603.0,3021886.16,1116424.46,-9900.72,-9517.6,-9677.16,-9750.79,-9880.59,-9925.11,-10048.23,12139.52,,
14604.0,3021886.23,1116423.46,-9900.75,-9517.62,-9677.18,-9750.82,-9880.61,-9925.14,-10048.25,12139.52,67.43914951514392,
14605.0,3021886.29,1116422.46,-9900.78,-9517.64,-9677.2,-9750.84,-9880.63,-9925.16,-10048.27,12139.53,66.41433890976673,
14606.0,3021886.35,1116421.46,-9900.81,-9517.66,-9677.22,-9750.86,-9880.66,-9925.18,-10048.29,12139.53,65.23525574013922,
14607.0,3021886.42,1116420.47,-9900.84,-9517.69,-9677.24,-9750.88,-9880.68,-9925.2,-10048.32,12139.54,67.02040969789303,
14608.0,3021886.48,1116419.47,-9900.86,-9517.71,-9677.27,-9750.91,-9880.7,-9925.23,-10048.34,12139.54,68.57415480927135,
14609.0,3021886.54,1116418.47,-9900.89,-9517.73,-9677.29,-9750.93,-9880.72,-9925.25,-10048.36,12139.55,75.15277772766039,
14610.0,3021886.61,1116417.47,-9900.92,-9517.75,-9677.31,-9750.95,-9880.74,-9925.27,-10048.38,12139.56,,
14611.0,3021886.67,1116416.47,-9900.95,-9517.77,-9677.33,-9750.97,-9880.77,-9925.29,-10048.41,12139.56,69.2573618795228,
14612.0,3021886.74,1116415.48,-9900.98,-9517.8,-9677.36,-9750.99,-9880.79,-9925.31,-10048.43,12139.570000000002,67.43914951514392,
14613.0,3021886.8,1116414.48,-9901.0,-9517.82,-9677.38,-9751.02,-9880.81,-9925.34,-10048.45,12139.570000000002,69.64304329014863,
14614.0,3021886.86,1116413.48,-9901.03,-9517.84,-9677.4,-9751.04,-9880.83,-9925.36,-10048.47,12139.58,,
14615.0,3021886.93,1116412.48,-9901.06,-9517.86,-9677.42,-9751.06,-9880.85,-9925.38,-10048.49,12139.59,,
14616.0,3021886.99,1116411.49,-9901.09,-9517.89,-9677.44,-9751.08,-9880.88,-9925.4,-10048.52,12139.59,70.99843796177652,
14617.0,3021887.06,1116410.49,-9901.12,-9517.91,-9677.47,-9751.1,-9880.9,-9925.42,-10048.54,12139.6,71.84693706515334,
14618.0,3021887.12,1116409.49,-9901.14,-9517.93,-9677.49,-9751.13,-9880.92,-9925.45,-10048.56,12139.6,70.11688045177463,
14619.0,3021887.19,1116408.49,-9901.17,-9517.95,-9677.51,-9751.15,-9880.94,-9925.47,-10048.58,12139.61,63.03136196513452,
14620.0,3021887.25,1116407.5,-9901.2,-9517.97,-9677.53,-9751.17,-9880.97,-9925.49,-10048.6,12139.61,,
14621.0,3021887.32,1116406.5,-9901.23,-9518.0,-9677.55,-9751.19,-9880.99,-9925.51,-10048.63,12139.62,,
14622.0,3021887.39,1116405.5,-9901.26,-9518.02,-9677.58,-9751.22,-9881.01,-9925.54,-10048.65,12139.63,,
14623.0,3021887.45,1116404.5,-9901.29,-9518.04,-9677.6,-9751.24,-9881.03,-9925.56,-10048.67,12139.63,,
14624.0,3021887.52,1116403.51,-9901.31,-9518.06,-9677.62,-9751.26,-9881.05,-9925.58,-10048.69,12139.64,,
14625.0,3021887.58,1116402.51,-9901.34,-9518.09,-9677.64,-9751.28,-9881.08,-9925.6,-10048.72,12139.65,,
14626.0,3021887.65,1116401.51,-9901.37,-9518.11,-9677.67,-9751.3,-9881.1,-9925.62,-10048.74,12139.65,64.80549645401331,
14627.0,3021887.72,1116400.52,-9901.4,-9518.13,-9677.69,-9751.33,-9881.12,-9925.65,-10048.76,12139.66,65.23525574013922,
14628.0,3021887.78,1116399.52,-9901.43,-9518.15,-9677.71,-9751.35,-9881.14,-9925.67,-10048.78,12139.66,63.03136196513452,
14629.0,3021887.85,1116398.52,-9901.46,-9518.17,-9677.73,-9751.37,-9881.16,-9925.69,-10048.8,12139.67,,
14630.0,3021887.92,1116397.52,-9901.48,-9518.2,-9677.75,-9751.39,-9881.19,-9925.71,-10048.83,12139.68,,
14631.0,3021887.98,1116396.53,-9901.51,-9518.22,-9677.78,-9751.42,-9881.21,-9925.73,-10048.85,12139.68,,
14632.0,3021888.05,1116395.53,-9901.54,-9518.24,-9677.8,-9751.44,-9881.23,-9925.76,-10048.87,12139.69,,
14633.0,3021888.12,1116394.53,-9901.57,-9518.26,-9677.82,-9751.46,-9881.25,-9925.78,-10048.89,12139.7,,
14634.0,3021888.18,1116393.53,-9901.6,-9518.28,-9677.84,-9751.48,-9881.28,-9925.8,-10048.91,12139.7,65.23525574013922,
14635.0,3021888.25,1116392.54,-9901.63,-9518.31,-9677.87,-9751.5,-9881.3,-9925.82,-10048.94,12139.71,64.19942566588702,
14636.0,3021888.32,1116391.54,-9901.66,-9518.33,-9677.89,-9751.53,-9881.32,-9925.85,-10048.96,12139.71,63.03136196513452,
14637.0,3021888.39,1116390.54,-9901.68,-9518.35,-9677.91,-9751.55,-9881.34,-9925.87,-10048.98,12139.72,,
14638.0,3021888.45,1116389.54,-9901.71,-9518.37,-9677.93,-9751.57,-9881.36,-9925.89,-10049.0,12139.73,69.64304329014863,
14639.0,3021888.52,1116388.55,-9901.74,-9518.4,-9677.95,-9751.59,-9881.39,-9925.91,-10049.03,12139.73,,
14640.0,3021888.59,1116387.55,-9901.77,-9518.42,-9677.98,-9751.61,-9881.41,-9925.93,-10049.05,12139.740000000002,,
14641.0,3021888.66,1116386.55,-9901.8,-9518.44,-9678.0,-9751.64,-9881.43,-9925.96,-10049.07,12139.75,66.77798138264251,
14642.0,3021888.73,1116385.56,-9901.83,-9518.46,-9678.02,-9751.66,-9881.45,-9925.98,-10049.09,12139.75,65.23525574013922,
14643.0,3021888.8,1116384.56,-9901.86,-9518.48,-9678.04,-9751.68,-9881.48,-9926.0,-10049.11,12139.76,67.43914951514392,
14644.0,3021888.87,1116383.56,-9901.88,-9518.51,-9678.06,-9751.7,-9881.5,-9926.02,-10049.14,12139.77,66.91021500914279,
14645.0,3021888.93,1116382.56,-9901.91,-9518.53,-9678.09,-9751.73,-9881.52,-9926.05,-10049.16,12139.77,65.23525574013922,
14646.0,3021889.0,1116381.57,-9901.94,-9518.55,-9678.11,-9751.75,-9881.54,-9926.07,-10049.18,12139.78,,
14647.0,3021889.07,1116380.57,-9901.97,-9518.57,-9678.13,-9751.77,-9881.56,-9926.09,-10049.2,12139.79,,
14648.0,3021889.14,1116379.57,-9902.0,-9518.59,-9678.15,-9751.79,-9881.59,-9926.11,-10049.23,12139.79,66.23802740776637,
14649.0,3021889.21,1116378.58,-9902.03,-9518.62,-9678.18,-9751.81,-9881.61,-9926.13,-10049.25,12139.8,71.84693706515334,
14650.0,3021889.28,1116377.58,-9902.06,-9518.64,-9678.2,-9751.84,-9881.63,-9926.16,-10049.27,12139.81,70.9433406174014,
14651.0,3021889.35,1116376.58,-9902.09,-9518.66,-9678.22,-9751.86,-9881.65,-9926.18,-10049.29,12139.81,67.43914951514392,
14652.0,3021889.42,1116375.58,-9902.12,-9518.68,-9678.24,-9751.88,-9881.67,-9926.2,-10049.31,12139.820000000002,,
14653.0,3021889.49,1116374.59,-9902.14,-9518.71,-9678.26,-9751.9,-9881.7,-9926.22,-10049.34,12139.83,67.13060438664327,
14654.0,3021889.56,1116373.59,-9902.17,-9518.73,-9678.29,-9751.92,-9881.72,-9926.24,-10049.36,12139.83,65.23525574013922,
14655.0,3021889.63,1116372.59,-9902.2,-9518.75,-9678.31,-9751.95,-9881.74,-9926.27,-10049.38,12139.84,,
14656.0,3021889.7,1116371.6,-9902.23,-9518.77,-9678.33,-9751.97,-9881.76,-9926.29,-10049.4,12139.85,68.38682383839596,
14657.0,3021889.77,1116370.6,-9902.26,-9518.79,-9678.35,-9751.99,-9881.79,-9926.31,-10049.42,12139.85,71.84693706515334,
14658.0,3021889.84,1116369.6,-9902.29,-9518.82,-9678.37,-9752.01,-9881.81,-9926.33,-10049.45,12139.86,65.24627520901424,
14659.0,3021889.91,1116368.6,-9902.32,-9518.84,-9678.4,-9752.04,-9881.83,-9926.36,-10049.47,12139.87,65.23525574013922,
14660.0,3021889.98,1116367.61,-9902.35,-9518.86,-9678.42,-9752.06,-9881.85,-9926.38,-10049.49,12139.87,,
14661.0,3021890.05,1116366.61,-9902.37,-9518.88,-9678.44,-9752.08,-9881.87,-9926.4,-10049.51,12139.88,,
14662.0,3021890.12,1116365.61,-9902.4,-9518.9,-9678.46,-9752.1,-9881.9,-9926.42,-10049.54,12139.89,66.71186456939238,
14663.0,3021890.19,1116364.62,-9902.43,-9518.93,-9678.49,-9752.12,-9881.92,-9926.44,-10049.56,12139.89,71.84693706515334,
14664.0,3021890.26,1116363.62,-9902.46,-9518.95,-9678.51,-9752.15,-9881.94,-9926.47,-10049.58,12139.9,67.63749995489434,
14665.0,3021890.33,1116362.62,-9902.49,-9518.97,-9678.53,-9752.17,-9881.96,-9926.49,-10049.6,12139.9,65.23525574013922,
14666.0,3021890.4,1116361.62,-9902.52,-9518.99,-9678.55,-9752.19,-9881.98,-9926.51,-10049.62,12139.91,67.0975459800182,
14667.0,3021890.47,1116360.63,-9902.55,-9519.02,-9678.57,-9752.21,-9882.01,-9926.53,-10049.65,12139.92,67.13060438664327,
14668.0,3021890.54,1116359.63,-9902.57,-9519.04,-9678.6,-9752.23,-9882.03,-9926.55,-10049.67,12139.92,65.23525574013922,
14669.0,3021890.61,1116358.63,-9902.6,-9519.06,-9678.62,-9752.26,-9882.05,-9926.58,-10049.69,12139.93,,
14670.0,3021890.68,1116357.64,-9902.63,-9519.08,-9678.64,-9752.28,-9882.07,-9926.6,-10049.71,12139.94,,
14671.0,3021890.75,1116356.64,-9902.66,-9519.1,-9678.66,-9752.3,-9882.1,-9926.62,-10049.73,12139.94,66.061715905766,
14672.0,3021890.81,1116355.64,-9902.69,-9519.13,-9678.68,-9752.32,-9882.12,-9926.64,-10049.76,12139.95,66.8220592581426,
14673.0,3021890.88,1116354.64,-9902.71,-9519.15,-9678.71,-9752.35,-9882.14,-9926.67,-10049.78,12139.95,63.03136196513452,
14674.0,3021890.95,1116353.65,-9902.74,-9519.17,-9678.73,-9752.37,-9882.16,-9926.69,-10049.8,12139.96,67.43914951514392,
14675.0,3021891.02,1116352.65,-9902.77,-9519.19,-9678.75,-9752.39,-9882.18,-9926.71,-10049.82,12139.97,68.45294065164609,
14676.0,3021891.09,1116351.65,-9902.8,-9519.22,-9678.77,-9752.41,-9882.21,-9926.73,-10049.85,12139.97,67.02040969789303,
14677.0,3021891.16,1116350.65,-9902.83,-9519.24,-9678.8,-9752.43,-9882.23,-9926.75,-10049.87,12139.98,69.64304329014863,
14678.0,3021891.22,1116349.66,-9902.85,-9519.26,-9678.82,-9752.46,-9882.25,-9926.78,-10049.89,12139.98,69.03697250202234,
14679.0,3021891.29,1116348.66,-9902.88,-9519.28,-9678.84,-9752.48,-9882.27,-9926.8,-10049.91,12139.990000000002,68.22153180527059,
14680.0,3021891.36,1116347.66,-9902.91,-9519.3,-9678.86,-9752.5,-9882.29,-9926.82,-10049.93,12139.990000000002,66.97633182239294,
14681.0,3021891.43,1116346.67,-9902.94,-9519.33,-9678.88,-9752.52,-9882.32,-9926.84,-10049.96,12140.0,69.1581866596476,
14682.0,3021891.5,1116345.67,-9902.96,-9519.35,-9678.91,-9752.55,-9882.34,-9926.86,-10049.98,12140.0,66.73390350714241,
14683.0,3021891.56,1116344.67,-9902.99,-9519.37,-9678.93,-9752.57,-9882.36,-9926.89,-10050.0,12140.01,66.84409819589266,
14684.0,3021891.63,1116343.67,-9903.02,-9519.39,-9678.95,-9752.59,-9882.38,-9926.91,-10050.02,12140.02,68.29866808739577,
14685.0,3021891.7,1116342.68,-9903.05,-9519.41,-9678.97,-9752.61,-9882.41,-9926.93,-10050.04,12140.02,66.66778669389228,
14686.0,3021891.77,1116341.68,-9903.07,-9519.44,-9679.0,-9752.63,-9882.43,-9926.95,-10050.07,12140.03,68.49701852714618,
14687.0,3021891.83,1116340.68,-9903.1,-9519.46,-9679.02,-9752.66,-9882.45,-9926.98,-10050.09,12140.03,67.20774066876842,
14688.0,3021891.9,1116339.68,-9903.13,-9519.48,-9679.04,-9752.68,-9882.47,-9927.0,-10050.11,12140.04,65.57685927526495,
14689.0,3021891.97,1116338.69,-9903.16,-9519.5,-9679.06,-9752.7,-9882.49,-9927.02,-10050.13,12140.04,70.00668576302441,
14690.0,3021892.03,1116337.69,-9903.18,-9519.53,-9679.08,-9752.72,-9882.52,-9927.04,-10050.16,12140.05,67.43914951514392,
14691.0,3021892.1,1116336.69,-9903.21,-9519.55,-9679.11,-9752.74,-9882.54,-9927.06,-10050.18,12140.05,,
14692.0,3021892.17,1116335.69,-9903.24,-9519.57,-9679.13,-9752.77,-9882.56,-9927.09,-10050.2,12140.06,,
14693.0,3021892.23,1116334.7,-9903.27,-9519.59,-9679.15,-9752.79,-9882.58,-9927.11,-10050.22,12140.06,65.23525574013922,
14694.0,3021892.3,1116333.7,-9903.29,-9519.61,-9679.17,-9752.81,-9882.61,-9927.13,-10050.24,12140.070000000002,66.62370881839217,
14695.0,3021892.37,1116332.7,-9903.32,-9519.64,-9679.19,-9752.83,-9882.63,-9927.15,-10050.27,12140.070000000002,69.4887707258983,
14696.0,3021892.43,1116331.7,-9903.35,-9519.66,-9679.22,-9752.86,-9882.65,-9927.18,-10050.29,12140.08,71.84693706515334,
14697.0,3021892.5,1116330.71,-9903.37,-9519.68,-9679.24,-9752.88,-9882.67,-9927.2,-10050.31,12140.08,,
14698.0,3021892.57,1116329.71,-9903.4,-9519.7,-9679.26,-9752.9,-9882.69,-9927.22,-10050.33,12140.08,65.23525574013922,
14699.0,3021892.63,1116328.71,-9903.43,-9519.72,-9679.28,-9752.92,-9882.72,-9927.24,-10050.36,12140.09,,
14700.0,3021892.7,1116327.71,-9903.45,-9519.75,-9679.31,-9752.94,-9882.74,-9927.26,-10050.38,12140.09,,
14701.0,3021892.76,1116326.72,-9903.48,-9519.77,-9679.33,-9752.97,-9882.76,-9927.29,-10050.4,12140.1,,
14702.0,3021892.83,1116325.72,-9903.51,-9519.79,-9679.35,-9752.99,-9882.78,-9927.31,-10050.42,12140.1,,
14703.0,3021892.89,1116324.72,-9903.53,-9519.81,-9679.37,-9753.01,-9882.8,-9927.33,-10050.44,12140.11,,
14704.0,3021892.96,1116323.72,-9903.56,-9519.84,-9679.39,-9753.03,-9882.83,-9927.35,-10050.47,12140.11,,
14705.0,3021893.03,1116322.73,-9903.59,-9519.86,-9679.42,-9753.05,-9882.85,-9927.37,-10050.49,12140.12,66.2049690011413,
14706.0,3021893.09,1116321.73,-9903.61,-9519.88,-9679.44,-9753.08,-9882.87,-9927.4,-10050.51,12140.12,67.43914951514392,
14707.0,3021893.16,1116320.73,-9903.64,-9519.9,-9679.46,-9753.1,-9882.89,-9927.42,-10050.53,12140.12,,
14708.0,3021893.22,1116319.73,-9903.67,-9519.92,-9679.48,-9753.12,-9882.92,-9927.44,-10050.55,12140.13,,
14709.0,3021893.29,1116318.74,-9903.69,-9519.95,-9679.5,-9753.14,-9882.94,-9927.46,-10050.58,12140.13,65.72011237064025,
14710.0,3021893.35,1116317.74,-9903.72,-9519.97,-9679.53,-9753.17,-9882.96,-9927.49,-10050.6,12140.14,65.23525574013922,
14711.0,3021893.42,1116316.74,-9903.74,-9519.99,-9679.55,-9753.19,-9882.98,-9927.51,-10050.62,12140.14,,
14712.0,3021893.48,1116315.74,-9903.77,-9520.01,-9679.57,-9753.21,-9883.0,-9927.53,-10050.64,12140.15,,
14713.0,3021893.55,1116314.75,-9903.8,-9520.03,-9679.59,-9753.23,-9883.03,-9927.55,-10050.67,12140.15,65.98457962364081,
14714.0,3021893.61,1116313.75,-9903.82,-9520.06,-9679.62,-9753.25,-9883.05,-9927.57,-10050.69,12140.15,69.64304329014863,
14715.0,3021893.67,1116312.75,-9903.85,-9520.08,-9679.64,-9753.28,-9883.07,-9927.6,-10050.71,12140.16,68.99289462652224,
14716.0,3021893.74,1116311.75,-9903.87,-9520.1,-9679.66,-9753.3,-9883.09,-9927.62,-10050.73,12140.16,67.43914951514392,
14717.0,3021893.8,1116310.76,-9903.9,-9520.12,-9679.68,-9753.32,-9883.11,-9927.64,-10050.75,12140.16,68.61823268477144,
14718.0,3021893.87,1116309.76,-9903.93,-9520.15,-9679.7,-9753.34,-9883.14,-9927.66,-10050.78,12140.17,69.64304329014863,
14719.0,3021893.93,1116308.76,-9903.95,-9520.17,-9679.73,-9753.36,-9883.16,-9927.68,-10050.8,12140.17,,
14720.0,3021894.0,1116307.76,-9903.98,-9520.19,-9679.75,-9753.39,-9883.18,-9927.71,-10050.82,12140.17,,
14721.0,3021894.06,1116306.77,-9904.0,-9520.21,-9679.77,-9753.41,-9883.2,-9927.73,-10050.84,12140.18,,
14722.0,3021894.12,1116305.77,-9904.03,-9520.23,-9679.79,-9753.43,-9883.23,-9927.75,-10050.86,12140.18,65.23525574013922,
14723.0,3021894.19,1116304.77,-9904.05,-9520.26,-9679.81,-9753.45,-9883.25,-9927.77,-10050.89,12140.19,,
14724.0,3021894.25,1116303.77,-9904.08,-9520.28,-9679.84,-9753.48,-9883.27,-9927.8,-10050.91,12140.19,,
14725.0,3021894.31,1116302.78,-9904.1,-9520.3,-9679.86,-9753.5,-9883.29,-9927.82,-10050.93,12140.19,67.35099376414374,
14726.0,3021894.38,1116301.78,-9904.13,-9520.32,-9679.88,-9753.52,-9883.31,-9927.84,-10050.95,12140.19,77.3566715026651,
14727.0,3021894.44,1116300.78,-9904.16,-9520.35,-9679.9,-9753.54,-9883.34,-9927.86,-10050.98,12140.2,,
14728.0,3021894.5,1116299.78,-9904.18,-9520.37,-9679.93,-9753.56,-9883.36,-9927.88,-10051.0,12140.2,65.23525574013922,
14729.0,3021894.57,1116298.78,-9904.21,-9520.39,-9679.95,-9753.59,-9883.38,-9927.91,-10051.02,12140.2,,
14730.0,3021894.63,1116297.79,-9904.23,-9520.41,-9679.97,-9753.61,-9883.4,-9927.93,-10051.04,12140.21,68.7835247178968,
14731.0,3021894.69,1116296.79,-9904.26,-9520.43,-9679.99,-9753.63,-9883.42,-9927.95,-10051.06,12140.21,69.64304329014863,
14732.0,3021894.75,1116295.79,-9904.28,-9520.46,-9680.01,-9753.65,-9883.45,-9927.97,-10051.09,12140.21,71.45023618565249,
14733.0,3021894.82,1116294.79,-9904.31,-9520.48,-9680.04,-9753.68,-9883.47,-9928.0,-10051.11,12140.22,71.84693706515334,
14734.0,3021894.88,1116293.8,-9904.33,-9520.5,-9680.06,-9753.7,-9883.49,-9928.02,-10051.13,12140.22,63.03136196513452,
14735.0,3021894.94,1116292.8,-9904.36,-9520.52,-9680.08,-9753.72,-9883.51,-9928.04,-10051.15,12140.22,63.8688415996363,
14736.0,3021895.01,1116291.8,-9904.38,-9520.54,-9680.1,-9753.74,-9883.54,-9928.06,-10051.17,12140.22,67.43914951514392,
14737.0,3021895.07,1116290.8,-9904.41,-9520.57,-9680.13,-9753.76,-9883.56,-9928.08,-10051.2,12140.23,,
14738.0,3021895.13,1116289.81,-9904.43,-9520.59,-9680.15,-9753.79,-9883.58,-9928.11,-10051.22,12140.23,66.14987165676618,
14739.0,3021895.19,1116288.81,-9904.46,-9520.61,-9680.17,-9753.81,-9883.6,-9928.13,-10051.24,12140.23,65.23525574013922,
14740.0,3021895.25,1116287.81,-9904.48,-9520.63,-9680.19,-9753.83,-9883.62,-9928.15,-10051.26,12140.240000000002,67.43914951514392,
14741.0,3021895.32,1116286.81,-9904.51,-9520.66,-9680.21,-9753.85,-9883.65,-9928.17,-10051.29,12140.240000000002,,
14742.0,3021895.38,1116285.81,-9904.53,-9520.68,-9680.24,-9753.87,-9883.67,-9928.19,-10051.31,12140.240000000002,65.23525574013922,
14743.0,3021895.44,1116284.82,-9904.55,-9520.7,-9680.26,-9753.9,-9883.69,-9928.22,-10051.33,12140.240000000002,,
14744.0,3021895.5,1116283.82,-9904.58,-9520.72,-9680.28,-9753.92,-9883.71,-9928.24,-10051.35,12140.25,,
14745.0,3021895.56,1116282.82,-9904.6,-9520.74,-9680.3,-9753.94,-9883.74,-9928.26,-10051.37,12140.25,,
14746.0,3021895.62,1116281.82,-9904.63,-9520.77,-9680.32,-9753.96,-9883.76,-9928.28,-10051.4,12140.25,65.88540440376562,
14747.0,3021895.68,1116280.83,-9904.65,-9520.79,-9680.35,-9753.99,-9883.78,-9928.31,-10051.42,12140.25,67.43914951514392,
14748.0,3021895.75,1116279.83,-9904.68,-9520.81,-9680.37,-9754.01,-9883.8,-9928.33,-10051.44,12140.25,65.99559909251585,
14749.0,3021895.81,1116278.83,-9904.7,-9520.83,-9680.39,-9754.03,-9883.82,-9928.35,-10051.46,12140.26,65.23525574013922,
14750.0,3021895.87,1116277.83,-9904.73,-9520.85,-9680.41,-9754.05,-9883.85,-9928.37,-10051.49,12140.26,68.08929817877032,
14751.0,3021895.93,1116276.83,-9904.75,-9520.88,-9680.44,-9754.07,-9883.87,-9928.39,-10051.51,12140.26,69.64304329014863,
14752.0,3021895.99,1116275.84,-9904.77,-9520.9,-9680.46,-9754.1,-9883.89,-9928.42,-10051.53,12140.26,67.76973358139463,
14753.0,3021896.05,1116274.84,-9904.8,-9520.92,-9680.48,-9754.12,-9883.91,-9928.44,-10051.55,12140.26,67.43914951514392,
14754.0,3021896.11,1116273.84,-9904.82,-9520.94,-9680.5,-9754.14,-9883.93,-9928.46,-10051.57,12140.27,,
14755.0,3021896.18,1116272.84,-9904.85,-9520.97,-9680.52,-9754.16,-9883.96,-9928.48,-10051.6,12140.27,65.23525574013922,
14756.0,3021896.24,1116271.84,-9904.87,-9520.99,-9680.55,-9754.18,-9883.98,-9928.5,-10051.62,12140.27,,
14757.0,3021896.3,1116270.85,-9904.89,-9521.01,-9680.57,-9754.21,-9884.0,-9928.53,-10051.64,12140.27,,
14758.0,3021896.36,1116269.85,-9904.92,-9521.03,-9680.59,-9754.23,-9884.02,-9928.55,-10051.66,12140.27,,
14759.0,3021896.42,1116268.85,-9904.94,-9521.05,-9680.61,-9754.25,-9884.05,-9928.57,-10051.68,12140.27,,
14760.0,3021896.49,1116267.85,-9904.97,-9521.08,-9680.63,-9754.27,-9884.07,-9928.59,-10051.71,12140.28,57.2130823991221,
14761.0,3021896.55,1116266.86,-9904.99,-9521.1,-9680.66,-9754.3,-9884.09,-9928.62,-10051.73,12140.28,67.5713831416442,
14762.0,3021896.61,1116265.86,-9905.01,-9521.12,-9680.68,-9754.32,-9884.11,-9928.64,-10051.75,12140.28,67.00939022901801,
14763.0,3021896.67,1116264.86,-9905.04,-9521.14,-9680.7,-9754.34,-9884.13,-9928.66,-10051.77,12140.28,67.35099376414374,
14764.0,3021896.74,1116263.86,-9905.06,-9521.16,-9680.72,-9754.36,-9884.16,-9928.68,-10051.8,12140.28,68.94881675102214,
14765.0,3021896.8,1116262.86,-9905.08,-9521.19,-9680.75,-9754.38,-9884.18,-9928.7,-10051.82,12140.28,65.23525574013922,
14766.0,3021896.86,1116261.87,-9905.11,-9521.21,-9680.77,-9754.41,-9884.2,-9928.73,-10051.84,12140.28,66.21598847001631,
14767.0,3021896.92,1116260.87,-9905.13,-9521.23,-9680.79,-9754.43,-9884.22,-9928.75,-10051.86,12140.29,69.64304329014863,
14768.0,3021896.99,1116259.87,-9905.15,-9521.25,-9680.81,-9754.45,-9884.24,-9928.77,-10051.88,12140.29,,
14769.0,3021897.05,1116258.87,-9905.18,-9521.28,-9680.83,-9754.47,-9884.27,-9928.79,-10051.91,12140.29,67.43914951514392,
14770.0,3021897.11,1116257.88,-9905.2,-9521.3,-9680.86,-9754.5,-9884.29,-9928.81,-10051.93,12140.29,,
14771.0,3021897.18,1116256.88,-9905.22,-9521.32,-9680.88,-9754.52,-9884.31,-9928.84,-10051.95,12140.29,,
14772.0,3021897.24,1116255.88,-9905.25,-9521.34,-9680.9,-9754.54,-9884.33,-9928.86,-10051.97,12140.29,,
14773.0,3021897.31,1116254.88,-9905.27,-9521.36,-9680.92,-9754.56,-9884.36,-9928.88,-10051.99,12140.29,67.78075305026965,
14774.0,3021897.37,1116253.89,-9905.29,-9521.39,-9680.94,-9754.58,-9884.38,-9928.9,-10052.02,12140.29,69.64304329014863,
14775.0,3021897.43,1116252.89,-9905.31,-9521.41,-9680.97,-9754.61,-9884.4,-9928.93,-10052.04,12140.29,,
14776.0,3021897.5,1116251.89,-9905.34,-9521.43,-9680.99,-9754.63,-9884.42,-9928.95,-10052.06,12140.29,67.87992827014486,
14777.0,3021897.56,1116250.89,-9905.36,-9521.45,-9681.01,-9754.65,-9884.44,-9928.97,-10052.08,12140.29,65.86336546601555,
14778.0,3021897.63,1116249.89,-9905.38,-9521.48,-9681.03,-9754.67,-9884.47,-9928.99,-10052.11,12140.3,63.03136196513452,
14779.0,3021897.69,1116248.9,-9905.41,-9521.5,-9681.06,-9754.69,-9884.49,-9929.01,-10052.13,12140.3,,
14780.0,3021897.76,1116247.9,-9905.43,-9521.52,-9681.08,-9754.72,-9884.51,-9929.04,-10052.15,12140.3,67.43914951514392,
14781.0,3021897.82,1116246.9,-9905.45,-9521.54,-9681.1,-9754.74,-9884.53,-9929.06,-10052.17,12140.3,,
14782.0,3021897.89,1116245.9,-9905.47,-9521.56,-9681.12,-9754.76,-9884.55,-9929.08,-10052.19,12140.3,65.23525574013922,
14783.0,3021897.95,1116244.91,-9905.5,-9521.59,-9681.14,-9754.78,-9884.58,-9929.1,-10052.22,12140.3,67.43914951514392,
14784.0,3021898.02,1116243.91,-9905.52,-9521.61,-9681.17,-9754.81,-9884.6,-9929.13,-10052.24,12140.3,,
14785.0,3021898.08,1116242.91,-9905.54,-9521.63,-9681.19,-9754.83,-9884.62,-9929.15,-10052.26,12140.3,,
14786.0,3021898.15,1116241.91,-9905.56,-9521.65,-9681.21,-9754.85,-9884.64,-9929.17,-10052.28,12140.3,,
14787.0,3021898.21,1116240.92,-9905.59,-9521.67,-9681.23,-9754.87,-9884.67,-9929.19,-10052.3,12140.3,,
14788.0,3021898.28,1116239.92,-9905.61,-9521.7,-9681.26,-9754.89,-9884.69,-9929.21,-10052.33,12140.3,,
14789.0,3021898.34,1116238.92,-9905.63,-9521.72,-9681.28,-9754.92,-9884.71,-9929.24,-10052.35,12140.3,71.84693706515334,
14790.0,3021898.41,1116237.92,-9905.65,-9521.74,-9681.3,-9754.94,-9884.73,-9929.26,-10052.37,12140.3,70.60173708227566,
14791.0,3021898.48,1116236.93,-9905.67,-9521.76,-9681.32,-9754.96,-9884.75,-9929.28,-10052.39,12140.3,65.23525574013922,
14792.0,3021898.54,1116235.93,-9905.7,-9521.79,-9681.34,-9754.98,-9884.78,-9929.3,-10052.42,12140.3,71.6485866254029,
14793.0,3021898.61,1116234.93,-9905.72,-9521.81,-9681.37,-9755.0,-9884.8,-9929.32,-10052.44,12140.3,75.15277772766039,
14794.0,3021898.68,1116233.93,-9905.74,-9521.83,-9681.39,-9755.03,-9884.82,-9929.35,-10052.46,12140.3,,
14795.0,3021898.74,1116232.94,-9905.76,-9521.85,-9681.41,-9755.05,-9884.84,-9929.37,-10052.48,12140.3,70.8000875220261,
14796.0,3021898.81,1116231.94,-9905.78,-9521.87,-9681.43,-9755.07,-9884.87,-9929.39,-10052.5,12140.3,69.64304329014863,
14797.0,3021898.88,1116230.94,-9905.81,-9521.9,-9681.45,-9755.09,-9884.89,-9929.41,-10052.53,12140.3,,
14798.0,3021898.94,1116229.94,-9905.83,-9521.92,-9681.48,-9755.12,-9884.91,-9929.44,-10052.55,12140.3,67.64851942376937,
14799.0,3021899.01,1116228.95,-9905.85,-9521.94,-9681.5,-9755.14,-9884.93,-9929.46,-10052.57,12140.3,65.23525574013922,
14800.0,3021899.08,1116227.95,-9905.87,-9521.96,-9681.52,-9755.16,-9884.95,-9929.48,-10052.59,12140.3,66.2600663455164,
14801.0,3021899.14,1116226.95,-9905.89,-9521.98,-9681.54,-9755.18,-9884.98,-9929.5,-10052.62,12140.3,67.43914951514392,
14802.0,3021899.21,1116225.95,-9905.91,-9522.01,-9681.57,-9755.2,-9885.0,-9929.52,-10052.64,12140.3,,
14803.0,3021899.28,1116224.96,-9905.94,-9522.03,-9681.59,-9755.23,-9885.02,-9929.55,-10052.66,12140.29,,
14804.0,3021899.35,1116223.96,-9905.96,-9522.05,-9681.61,-9755.25,-9885.04,-9929.57,-10052.68,12140.29,66.3041442210165,
14805.0,3021899.41,1116222.96,-9905.98,-9522.07,-9681.63,-9755.27,-9885.06,-9929.59,-10052.7,12140.29,65.23525574013922,
14806.0,3021899.48,1116221.96,-9906.0,-9522.1,-9681.65,-9755.29,-9885.09,-9929.61,-10052.73,12140.29,65.63195661964006,
14807.0,3021899.55,1116220.97,-9906.02,-9522.12,-9681.68,-9755.31,-9885.11,-9929.63,-10052.75,12140.29,67.43914951514392,
14808.0,3021899.62,1116219.97,-9906.04,-9522.14,-9681.7,-9755.34,-9885.13,-9929.66,-10052.77,12140.29,66.6788061627673,
14809.0,3021899.69,1116218.97,-9906.06,-9522.16,-9681.72,-9755.36,-9885.15,-9929.68,-10052.79,12140.29,65.04792476926382,
14810.0,3021899.75,1116217.97,-9906.08,-9522.18,-9681.74,-9755.38,-9885.18,-9929.7,-10052.81,12140.29,65.38952830438956,
14811.0,3021899.82,1116216.98,-9906.11,-9522.21,-9681.76,-9755.4,-9885.2,-9929.72,-10052.84,12140.29,64.72836017188813,
14812.0,3021899.89,1116215.98,-9906.13,-9522.23,-9681.79,-9755.43,-9885.22,-9929.75,-10052.86,12140.29,65.23525574013922,
14813.0,3021899.96,1116214.98,-9906.15,-9522.25,-9681.81,-9755.45,-9885.24,-9929.77,-10052.88,12140.28,,
14814.0,3021900.03,1116213.98,-9906.17,-9522.27,-9681.83,-9755.47,-9885.26,-9929.79,-10052.9,12140.28,71.84693706515334,
14815.0,3021900.1,1116212.99,-9906.19,-9522.3,-9681.85,-9755.49,-9885.29,-9929.81,-10052.93,12140.28,66.81103978926758,
14816.0,3021900.17,1116211.99,-9906.21,-9522.32,-9681.88,-9755.51,-9885.31,-9929.83,-10052.95,12140.28,65.23525574013922,
14817.0,3021900.24,1116210.99,-9906.23,-9522.34,-9681.9,-9755.54,-9885.33,-9929.86,-10052.97,12140.28,,
14818.0,3021900.3,1116209.99,-9906.25,-9522.36,-9681.92,-9755.56,-9885.35,-9929.88,-10052.99,12140.28,64.12228938376184,
14819.0,3021900.37,1116209.0,-9906.27,-9522.38,-9681.94,-9755.58,-9885.37,-9929.9,-10053.01,12140.28,63.03136196513452,
14820.0,3021900.44,1116208.0,-9906.29,-9522.41,-9681.96,-9755.6,-9885.4,-9929.92,-10053.04,12140.27,,
14821.0,3021900.51,1116207.0,-9906.31,-9522.43,-9681.99,-9755.63,-9885.42,-9929.94,-10053.06,12140.27,63.92393894401143,
14822.0,3021900.58,1116206.0,-9906.33,-9522.45,-9682.01,-9755.65,-9885.44,-9929.97,-10053.08,12140.27,67.43914951514392,
14823.0,3021900.65,1116205.01,-9906.35,-9522.47,-9682.03,-9755.67,-9885.46,-9929.99,-10053.1,12140.27,67.02040969789303,
14824.0,3021900.72,1116204.01,-9906.37,-9522.49,-9682.05,-9755.69,-9885.49,-9930.01,-10053.12,12140.27,65.23525574013922,
14825.0,3021900.79,1116203.01,-9906.39,-9522.52,-9682.08,-9755.71,-9885.51,-9930.03,-10053.15,12140.27,,
14826.0,3021900.86,1116202.02,-9906.42,-9522.54,-9682.1,-9755.74,-9885.53,-9930.06,-10053.17,12140.26,63.03136196513452,
14827.0,3021900.93,1116201.02,-9906.44,-9522.56,-9682.12,-9755.76,-9885.55,-9930.08,-10053.19,12140.26,,
14828.0,3021901.0,1116200.02,-9906.46,-9522.58,-9682.14,-9755.78,-9885.57,-9930.1,-10053.21,12140.26,68.12235658539538,
14829.0,3021901.07,1116199.02,-9906.48,-9522.61,-9682.16,-9755.8,-9885.6,-9930.12,-10053.24,12140.26,69.64304329014863,
14830.0,3021901.15,1116198.03,-9906.5,-9522.63,-9682.19,-9755.82,-9885.62,-9930.14,-10053.26,12140.26,66.09477431239105,
14831.0,3021901.22,1116197.03,-9906.52,-9522.65,-9682.21,-9755.85,-9885.64,-9930.17,-10053.28,12140.25,65.5548203375149,
14832.0,3021901.29,1116196.03,-9906.54,-9522.67,-9682.23,-9755.87,-9885.66,-9930.19,-10053.3,12140.25,67.43914951514392,
14833.0,3021901.36,1116195.03,-9906.56,-9522.69,-9682.25,-9755.89,-9885.69,-9930.21,-10053.32,12140.25,63.03136196513452,
14834.0,3021901.43,1116194.04,-9906.58,-9522.72,-9682.27,-9755.91,-9885.71,-9930.23,-10053.35,12140.25,,
14835.0,3021901.5,1116193.04,-9906.6,-9522.74,-9682.3,-9755.94,-9885.73,-9930.26,-10053.37,12140.240000000002,64.7614185785132,
14836.0,3021901.57,1116192.04,-9906.62,-9522.76,-9682.32,-9755.96,-9885.75,-9930.28,-10053.39,12140.240000000002,67.43914951514392,
14837.0,3021901.64,1116191.04,-9906.63,-9522.78,-9682.34,-9755.98,-9885.77,-9930.3,-10053.41,12140.240000000002,65.23525574013922,
14838.0,3021901.72,1116190.05,-9906.65,-9522.8,-9682.36,-9756.0,-9885.8,-9930.32,-10053.44,12140.240000000002,66.01763803026589,
14839.0,3021901.79,1116189.05,-9906.67,-9522.83,-9682.39,-9756.02,-9885.82,-9930.34,-10053.46,12140.23,67.43914951514392,
14840.0,3021901.86,1116188.05,-9906.69,-9522.85,-9682.41,-9756.05,-9885.84,-9930.37,-10053.48,12140.23,63.70354956651096,
14841.0,3021901.93,1116187.06,-9906.71,-9522.87,-9682.43,-9756.07,-9885.86,-9930.39,-10053.5,12140.23,63.03136196513452,
14842.0,3021902.0,1116186.06,-9906.73,-9522.89,-9682.45,-9756.09,-9885.88,-9930.41,-10053.52,12140.23,64.19942566588702,
14843.0,3021902.08,1116185.06,-9906.75,-9522.92,-9682.47,-9756.11,-9885.91,-9930.43,-10053.55,12140.22,65.23525574013922,
14844.0,3021902.15,1116184.06,-9906.77,-9522.94,-9682.5,-9756.13,-9885.93,-9930.45,-10053.57,12140.22,,
14845.0,3021902.22,1116183.07,-9906.79,-9522.96,-9682.52,-9756.16,-9885.95,-9930.48,-10053.59,12140.22,64.92671061163857,
14846.0,3021902.29,1116182.07,-9906.81,-9522.98,-9682.54,-9756.18,-9885.97,-9930.5,-10053.61,12140.22,63.03136196513452,
14847.0,3021902.37,1116181.07,-9906.83,-9523.0,-9682.56,-9756.2,-9886.0,-9930.52,-10053.63,12140.21,,
14848.0,3021902.44,1116180.08,-9906.85,-9523.03,-9682.58,-9756.22,-9886.02,-9930.54,-10053.66,12140.21,71.84693706515334,
14849.0,3021902.51,1116179.08,-9906.87,-9523.05,-9682.61,-9756.25,-9886.04,-9930.57,-10053.68,12140.21,71.06455477502665,
14850.0,3021902.58,1116178.08,-9906.89,-9523.07,-9682.63,-9756.27,-9886.06,-9930.59,-10053.7,12140.21,67.43914951514392,
14851.0,3021902.66,1116177.08,-9906.91,-9523.09,-9682.65,-9756.29,-9886.08,-9930.61,-10053.72,12140.2,66.40331944089172,
14852.0,3021902.73,1116176.09,-9906.93,-9523.12,-9682.67,-9756.31,-9886.11,-9930.63,-10053.75,12140.2,63.03136196513452,
14853.0,3021902.8,1116175.09,-9906.95,-9523.14,-9682.7,-9756.33,-9886.13,-9930.65,-10053.77,12140.2,64.73937964076316,
14854.0,3021902.87,1116174.09,-9906.97,-9523.16,-9682.72,-9756.36,-9886.15,-9930.68,-10053.79,12140.2,65.23525574013922,
14855.0,3021902.95,1116173.1,-9906.99,-9523.18,-9682.74,-9756.38,-9886.17,-9930.7,-10053.81,12140.19,66.97633182239294,
14856.0,3021903.02,1116172.1,-9907.01,-9523.2,-9682.76,-9756.4,-9886.19,-9930.72,-10053.83,12140.19,61.65392835575658,
14857.0,3021903.09,1116171.1,-9907.03,-9523.23,-9682.78,-9756.42,-9886.22,-9930.74,-10053.86,12140.19,63.9129194751364,
14858.0,3021903.17,1116170.1,-9907.05,-9523.25,-9682.81,-9756.45,-9886.24,-9930.77,-10053.88,12140.19,66.48045572301687,
14859.0,3021903.24,1116169.11,-9907.07,-9523.27,-9682.83,-9756.47,-9886.26,-9930.79,-10053.9,12140.18,63.03136196513452,
14860.0,3021903.31,1116168.11,-9907.09,-9523.29,-9682.85,-9756.49,-9886.28,-9930.81,-10053.92,12140.18,64.16636725926195,
14861.0,3021903.38,1116167.11,-9907.1,-9523.31,-9682.87,-9756.51,-9886.31,-9930.83,-10053.94,12140.18,65.598898213015,
14862.0,3021903.46,1116166.12,-9907.12,-9523.34,-9682.9,-9756.53,-9886.33,-9930.85,-10053.97,12140.18,67.43914951514392,
14863.0,3021903.53,1116165.12,-9907.14,-9523.36,-9682.92,-9756.56,-9886.35,-9930.88,-10053.99,12140.17,,
14864.0,3021903.6,1116164.12,-9907.16,-9523.38,-9682.94,-9756.58,-9886.37,-9930.9,-10054.01,12140.17,,
14865.0,3021903.68,1116163.12,-9907.18,-9523.4,-9682.96,-9756.6,-9886.39,-9930.92,-10054.03,12140.17,,
14866.0,3021903.75,1116162.13,-9907.2,-9523.43,-9682.98,-9756.62,-9886.42,-9930.94,-10054.06,12140.17,67.93502561451999,
14867.0,3021903.82,1116161.13,-9907.22,-9523.45,-9683.01,-9756.64,-9886.44,-9930.96,-10054.08,12140.17,69.64304329014863,
14868.0,3021903.9,1116160.13,-9907.24,-9523.47,-9683.03,-9756.67,-9886.46,-9930.99,-10054.1,12140.16,65.95152121701574,
14869.0,3021903.97,1116159.14,-9907.26,-9523.49,-9683.05,-9756.69,-9886.48,-9931.01,-10054.12,12140.16,64.36471769901236,
14870.0,3021904.04,1116158.14,-9907.28,-9523.51,-9683.07,-9756.71,-9886.51,-9931.03,-10054.14,12140.16,60.82746819012981,
14871.0,3021904.12,1116157.14,-9907.3,-9523.54,-9683.09,-9756.73,-9886.53,-9931.05,-10054.17,12140.16,62.49140799025836,
14872.0,3021904.19,1116156.14,-9907.32,-9523.56,-9683.12,-9756.76,-9886.55,-9931.08,-10054.19,12140.15,65.23525574013922,
14873.0,3021904.26,1116155.15,-9907.34,-9523.58,-9683.14,-9756.78,-9886.57,-9931.1,-10054.21,12140.15,,
14874.0,3021904.34,1116154.15,-9907.36,-9523.6,-9683.16,-9756.8,-9886.59,-9931.12,-10054.23,12140.15,,
14875.0,3021904.41,1116153.15,-9907.39,-9523.62,-9683.18,-9756.82,-9886.62,-9931.14,-10054.26,12140.15,,
14876.0,3021904.48,1116152.16,-9907.41,-9523.65,-9683.21,-9756.84,-9886.64,-9931.16,-10054.28,12140.15,,
14877.0,3021904.56,1116151.16,-9907.43,-9523.67,-9683.23,-9756.87,-9886.66,-9931.19,-10054.3,12140.14,,
14878.0,3021904.63,1116150.16,-9907.45,-9523.69,-9683.25,-9756.89,-9886.68,-9931.21,-10054.32,12140.14,66.061715905766,
14879.0,3021904.7,1116149.16,-9907.47,-9523.71,-9683.27,-9756.91,-9886.7,-9931.23,-10054.34,12140.14,67.43914951514392,
14880.0,3021904.78,1116148.17,-9907.49,-9523.74,-9683.29,-9756.93,-9886.73,-9931.25,-10054.37,12140.14,,
14881.0,3021904.85,1116147.17,-9907.51,-9523.76,-9683.32,-9756.95,-9886.75,-9931.27,-10054.39,12140.14,,
14882.0,3021904.93,1116146.17,-9907.53,-9523.78,-9683.34,-9756.98,-9886.77,-9931.3,-10054.41,12140.14,,
14883.0,3021905.0,1116145.18,-9907.55,-9523.8,-9683.36,-9757.0,-9886.79,-9931.32,-10054.43,12140.13,63.03136196513452,
14884.0,3021905.07,1116144.18,-9907.57,-9523.82,-9683.38,-9757.02,-9886.82,-9931.34,-10054.45,12140.13,64.77243804738823,
14885.0,3021905.15,1116143.18,-9907.59,-9523.85,-9683.4,-9757.04,-9886.84,-9931.36,-10054.48,12140.13,64.88263273613846,
14886.0,3021905.22,1116142.19,-9907.61,-9523.87,-9683.43,-9757.07,-9886.86,-9931.39,-10054.5,12140.13,63.03136196513452,
14887.0,3021905.29,1116141.19,-9907.63,-9523.89,-9683.45,-9757.09,-9886.88,-9931.41,-10054.52,12140.13,,
14888.0,3021905.37,1116140.19,-9907.65,-9523.91,-9683.47,-9757.11,-9886.9,-9931.43,-10054.54,12140.13,64.69530176526307,
14889.0,3021905.44,1116139.19,-9907.67,-9523.94,-9683.49,-9757.13,-9886.93,-9931.45,-10054.57,12140.12,65.23525574013922,
14890.0,3021905.52,1116138.2,-9907.69,-9523.96,-9683.52,-9757.15,-9886.95,-9931.47,-10054.59,12140.12,71.84693706515334,
14891.0,3021905.59,1116137.2,-9907.71,-9523.98,-9683.54,-9757.18,-9886.97,-9931.5,-10054.61,12140.12,69.819354792149,
14892.0,3021905.67,1116136.2,-9907.73,-9524.0,-9683.56,-9757.2,-9886.99,-9931.52,-10054.63,12140.12,67.43914951514392,
14893.0,3021905.74,1116135.21,-9907.75,-9524.02,-9683.58,-9757.22,-9887.01,-9931.54,-10054.65,12140.12,71.18576893265191,
14894.0,3021905.81,1116134.21,-9907.77,-9524.05,-9683.6,-9757.24,-9887.04,-9931.56,-10054.68,12140.12,71.84693706515334,
14895.0,3021905.89,1116133.21,-9907.79,-9524.07,-9683.63,-9757.27,-9887.06,-9931.59,-10054.7,12140.11,69.40061497489812,
14896.0,3021905.96,1116132.22,-9907.81,-9524.09,-9683.65,-9757.29,-9887.08,-9931.61,-10054.72,12140.11,67.43914951514392,
14897.0,3021906.04,1116131.22,-9907.84,-9524.11,-9683.67,-9757.31,-9887.1,-9931.63,-10054.74,12140.11,65.23525574013922,
14898.0,3021906.11,1116130.22,-9907.86,-9524.13,-9683.69,-9757.33,-9887.13,-9931.65,-10054.76,12140.11,66.08375484351603,
14899.0,3021906.19,1116129.22,-9907.88,-9524.16,-9683.72,-9757.35,-9887.15,-9931.67,-10054.79,12140.11,,
14900.0,3021906.26,1116128.23,-9907.9,-9524.18,-9683.74,-9757.38,-9887.17,-9931.7,-10054.81,12140.11,68.89371940664702,
14901.0,3021906.33,1116127.23,-9907.92,-9524.2,-9683.76,-9757.4,-9887.19,-9931.72,-10054.83,12140.11,69.64304329014863,
14902.0,3021906.41,1116126.23,-9907.94,-9524.22,-9683.78,-9757.42,-9887.21,-9931.74,-10054.85,12140.1,,
14903.0,3021906.48,1116125.24,-9907.96,-9524.25,-9683.8,-9757.44,-9887.24,-9931.76,-10054.88,12140.1,,
14904.0,3021906.56,1116124.24,-9907.98,-9524.27,-9683.83,-9757.46,-9887.26,-9931.78,-10054.9,12140.1,66.73390350714241,
14905.0,3021906.63,1116123.24,-9908.0,-9524.29,-9683.85,-9757.49,-9887.28,-9931.81,-10054.92,12140.1,65.23525574013922,
14906.0,3021906.71,1116122.24,-9908.02,-9524.31,-9683.87,-9757.51,-9887.3,-9931.83,-10054.94,12140.1,,
14907.0,3021906.78,1116121.25,-9908.04,-9524.33,-9683.89,-9757.53,-9887.33,-9931.85,-10054.96,12140.1,68.59619374702139,
14908.0,3021906.86,1116120.25,-9908.07,-9524.36,-9683.91,-9757.55,-9887.35,-9931.87,-10054.99,12140.1,69.64304329014863,
14909.0,3021906.93,1116119.25,-9908.09,-9524.38,-9683.94,-9757.58,-9887.37,-9931.9,-10055.01,12140.1,68.69536896689661,
14910.0,3021907.01,1116118.26,-9908.11,-9524.4,-9683.96,-9757.6,-9887.39,-9931.92,-10055.03,12140.1,63.03136196513452,
14911.0,3021907.08,1116117.26,-9908.13,-9524.42,-9683.98,-9757.62,-9887.41,-9931.94,-10055.05,12140.09,67.00939022901801,
14912.0,3021907.16,1116116.26,-9908.15,-9524.44,-9684.0,-9757.64,-9887.44,-9931.96,-10055.08,12140.09,69.64304329014863,
14913.0,3021907.23,1116115.27,-9908.17,-9524.47,-9684.03,-9757.66,-9887.46,-9931.98,-10055.1,12140.09,67.43914951514392,
14914.0,3021907.31,1116114.27,-9908.19,-9524.49,-9684.05,-9757.69,-9887.48,-9932.01,-10055.12,12140.09,66.08375484351603,
14915.0,3021907.38,1116113.27,-9908.21,-9524.51,-9684.07,-9757.71,-9887.5,-9932.03,-10055.14,12140.09,60.82746819012981,
14916.0,3021907.46,1116112.28,-9908.23,-9524.53,-9684.09,-9757.73,-9887.52,-9932.05,-10055.16,12140.09,,
14917.0,3021907.53,1116111.28,-9908.26,-9524.56,-9684.11,-9757.75,-9887.55,-9932.07,-10055.19,12140.09,65.23525574013922,
14918.0,3021907.61,1116110.28,-9908.28,-9524.58,-9684.14,-9757.77,-9887.57,-9932.09,-10055.21,12140.09,,
14919.0,3021907.68,1116109.28,-9908.3,-9524.6,-9684.16,-9757.8,-9887.59,-9932.12,-10055.23,12140.09,63.03136196513452,
14920.0,3021907.76,1116108.29,-9908.32,-9524.62,-9684.18,-9757.82,-9887.61,-9932.14,-10055.25,12140.09,67.43914951514392,
14921.0,3021907.83,1116107.29,-9908.34,-9524.64,-9684.2,-9757.84,-9887.64,-9932.16,-10055.27,12140.09,,
14922.0,3021907.91,1116106.29,-9908.36,-9524.67,-9684.22,-9757.86,-9887.66,-9932.18,-10055.3,12140.08,,
14923.0,3021907.98,1116105.3,-9908.38,-9524.69,-9684.25,-9757.89,-9887.68,-9932.21,-10055.32,12140.08,,
14924.0,3021908.06,1116104.3,-9908.41,-9524.71,-9684.27,-9757.91,-9887.7,-9932.23,-10055.34,12140.08,63.75864691088607,
14925.0,3021908.13,1116103.3,-9908.43,-9524.73,-9684.29,-9757.93,-9887.72,-9932.25,-10055.36,12140.08,63.94597788176147,
14926.0,3021908.21,1116102.31,-9908.45,-9524.76,-9684.31,-9757.95,-9887.75,-9932.27,-10055.39,12140.08,67.43914951514392,
14927.0,3021908.28,1116101.31,-9908.47,-9524.78,-9684.34,-9757.97,-9887.77,-9932.29,-10055.41,12140.08,69.13614772189754,
14928.0,3021908.36,1116100.31,-9908.49,-9524.8,-9684.36,-9758.0,-9887.79,-9932.32,-10055.43,12140.08,69.64304329014863,
14929.0,3021908.43,1116099.32,-9908.51,-9524.82,-9684.38,-9758.02,-9887.81,-9932.34,-10055.45,12140.08,,
14930.0,3021908.51,1116098.32,-9908.53,-9524.84,-9684.4,-9758.04,-9887.83,-9932.36,-10055.47,12140.08,,
14931.0,3021908.58,1116097.32,-9908.56,-9524.87,-9684.42,-9758.06,-9887.86,-9932.38,-10055.5,12140.08,66.81103978926758,
14932.0,3021908.66,1116096.32,-9908.58,-9524.89,-9684.45,-9758.09,-9887.88,-9932.41,-10055.52,12140.08,65.23525574013922,
14933.0,3021908.74,1116095.33,-9908.6,-9524.91,-9684.47,-9758.11,-9887.9,-9932.43,-10055.54,12140.08,,
14934.0,3021908.81,1116094.33,-9908.62,-9524.93,-9684.49,-9758.13,-9887.92,-9932.45,-10055.56,12140.08,66.09477431239105,
14935.0,3021908.89,1116093.33,-9908.64,-9524.95,-9684.51,-9758.15,-9887.95,-9932.47,-10055.58,12140.08,67.43914951514392,
14936.0,3021908.96,1116092.34,-9908.66,-9524.98,-9684.54,-9758.17,-9887.97,-9932.49,-10055.61,12140.08,61.86329826438202,
14937.0,3021909.04,1116091.34,-9908.69,-9525.0,-9684.56,-9758.2,-9887.99,-9932.52,-10055.63,12140.08,60.82746819012981,
14938.0,3021909.11,1116090.34,-9908.71,-9525.02,-9684.58,-9758.22,-9888.01,-9932.54,-10055.65,12140.08,62.31509648825799,
14939.0,3021909.19,1116089.35,-9908.73,-9525.04,-9684.6,-9758.24,-9888.03,-9932.56,-10055.67,12140.08,67.43914951514392,
14940.0,3021909.27,1116088.35,-9908.75,-9525.07,-9684.62,-9758.26,-9888.06,-9932.58,-10055.7,12140.08,70.85518486640122,
14941.0,3021909.34,1116087.35,-9908.77,-9525.09,-9684.65,-9758.28,-9888.08,-9932.6,-10055.72,12140.070000000002,70.89926274190131,
14942.0,3021909.42,1116086.36,-9908.8,-9525.11,-9684.67,-9758.31,-9888.1,-9932.63,-10055.74,12140.070000000002,67.43914951514392,
14943.0,3021909.5,1116085.36,-9908.82,-9525.13,-9684.69,-9758.33,-9888.12,-9932.65,-10055.76,12140.08,69.09206984639745,
14944.0,3021909.58,1116084.36,-9908.84,-9525.15,-9684.71,-9758.35,-9888.15,-9932.67,-10055.78,12140.08,69.64304329014863,
14945.0,3021909.65,1116083.37,-9908.86,-9525.18,-9684.73,-9758.37,-9888.17,-9932.69,-10055.81,12140.08,69.3014397550229,
14946.0,3021909.73,1116082.37,-9908.89,-9525.2,-9684.76,-9758.4,-9888.19,-9932.72,-10055.83,12140.08,67.43914951514392,
14947.0,3021909.81,1116081.37,-9908.91,-9525.22,-9684.78,-9758.42,-9888.21,-9932.74,-10055.85,12140.08,63.48316018901048,
14948.0,3021909.89,1116080.38,-9908.93,-9525.24,-9684.8,-9758.44,-9888.23,-9932.76,-10055.87,12140.08,60.82746819012981,
14949.0,3021909.97,1116079.38,-9908.95,-9525.26,-9684.82,-9758.46,-9888.26,-9932.78,-10055.9,12140.08,67.43914951514392,
14950.0,3021910.05,1116078.38,-9908.98,-9525.29,-9684.85,-9758.48,-9888.28,-9932.8,-10055.92,12140.08,,
14951.0,3021910.13,1116077.39,-9909.0,-9525.31,-9684.87,-9758.51,-9888.3,-9932.83,-10055.94,12140.08,,
14952.0,3021910.21,1116076.39,-9909.02,-9525.33,-9684.89,-9758.53,-9888.32,-9932.85,-10055.96,12140.08,,
14953.0,3021910.29,1116075.39,-9909.04,-9525.35,-9684.91,-9758.55,-9888.34,-9932.87,-10055.98,12140.08,65.24627520901424,
14954.0,3021910.38,1116074.4,-9909.07,-9525.38,-9684.93,-9758.57,-9888.37,-9932.89,-10056.01,12140.08,63.89088053738636,
14955.0,3021910.46,1116073.4,-9909.09,-9525.4,-9684.96,-9758.59,-9888.39,-9932.91,-10056.03,12140.08,65.23525574013922,
14956.0,3021910.54,1116072.4,-9909.11,-9525.42,-9684.98,-9758.62,-9888.41,-9932.94,-10056.05,12140.08,69.54386807027342,
14957.0,3021910.62,1116071.41,-9909.14,-9525.44,-9685.0,-9758.64,-9888.43,-9932.96,-10056.07,12140.08,71.6485866254029,
14958.0,3021910.71,1116070.41,-9909.16,-9525.46,-9685.02,-9758.66,-9888.46,-9932.98,-10056.09,12140.08,71.03149636840159,
14959.0,3021910.79,1116069.42,-9909.18,-9525.49,-9685.04,-9758.68,-9888.48,-9933.0,-10056.12,12140.08,69.64304329014863,
14960.0,3021910.87,1116068.42,-9909.21,-9525.51,-9685.07,-9758.71,-9888.5,-9933.03,-10056.14,12140.09,68.9267778132721,
14961.0,3021910.96,1116067.42,-9909.23,-9525.53,-9685.09,-9758.73,-9888.52,-9933.05,-10056.16,12140.09,65.23525574013922,
14962.0,3021911.04,1116066.43,-9909.25,-9525.55,-9685.11,-9758.75,-9888.54,-9933.07,-10056.18,12140.09,66.9542928846429,
14963.0,3021911.13,1116065.43,-9909.28,-9525.58,-9685.13,-9758.77,-9888.57,-9933.09,-10056.21,12140.09,68.98187515764721,
14964.0,3021911.21,1116064.43,-9909.3,-9525.6,-9685.16,-9758.79,-9888.59,-9933.11,-10056.23,12140.09,75.15277772766039,
14965.0,3021911.3,1116063.44,-9909.32,-9525.62,-9685.18,-9758.82,-9888.61,-9933.14,-10056.25,12140.09,68.87168046889698,
14966.0,3021911.39,1116062.44,-9909.35,-9525.64,-9685.2,-9758.84,-9888.63,-9933.16,-10056.27,12140.09,65.23525574013922,
14967.0,3021911.47,1116061.45,-9909.37,-9525.66,-9685.22,-9758.86,-9888.65,-9933.18,-10056.29,12140.1,65.68705396401518,
14968.0,3021911.56,1116060.45,-9909.4,-9525.69,-9685.24,-9758.88,-9888.68,-9933.2,-10056.32,12140.1,67.43914951514392,
14969.0,3021911.65,1116059.45,-9909.42,-9525.71,-9685.27,-9758.91,-9888.7,-9933.23,-10056.34,12140.1,68.61823268477144,
14970.0,3021911.73,1116058.46,-9909.44,-9525.73,-9685.29,-9758.93,-9888.72,-9933.25,-10056.36,12140.1,69.64304329014863,
14971.0,3021911.82,1116057.46,-9909.47,-9525.75,-9685.31,-9758.95,-9888.74,-9933.27,-10056.38,12140.1,,
14972.0,3021911.91,1116056.47,-9909.49,-9525.77,-9685.33,-9758.97,-9888.77,-9933.29,-10056.4,12140.11,,
14973.0,3021912.0,1116055.47,-9909.52,-9525.8,-9685.36,-9758.99,-9888.79,-9933.31,-10056.43,12140.11,67.43914951514392,
14974.0,3021912.09,1116054.48,-9909.54,-9525.82,-9685.38,-9759.02,-9888.81,-9933.34,-10056.45,12140.11,,
14975.0,3021912.18,1116053.48,-9909.56,-9525.84,-9685.4,-9759.04,-9888.83,-9933.36,-10056.47,12140.11,63.9129194751364,
14976.0,3021912.27,1116052.48,-9909.59,-9525.86,-9685.42,-9759.06,-9888.85,-9933.38,-10056.49,12140.11,63.03136196513452,
14977.0,3021912.36,1116051.49,-9909.61,-9525.89,-9685.44,-9759.08,-9888.88,-9933.4,-10056.52,12140.12,67.43914951514392,
14978.0,3021912.45,1116050.49,-9909.64,-9525.91,-9685.47,-9759.1,-9888.9,-9933.42,-10056.54,12140.12,,
14979.0,3021912.54,1116049.5,-9909.66,-9525.93,-9685.49,-9759.13,-9888.92,-9933.45,-10056.56,12140.12,,
14980.0,3021912.63,1116048.5,-9909.69,-9525.95,-9685.51,-9759.15,-9888.94,-9933.47,-10056.58,12140.12,66.08375484351603,
14981.0,3021912.72,1116047.51,-9909.71,-9525.97,-9685.53,-9759.17,-9888.97,-9933.49,-10056.6,12140.13,65.23525574013922,
14982.0,3021912.81,1116046.51,-9909.74,-9526.0,-9685.55,-9759.19,-9888.99,-9933.51,-10056.63,12140.13,,
14983.0,3021912.91,1116045.52,-9909.76,-9526.02,-9685.58,-9759.22,-9889.01,-9933.54,-10056.65,12140.13,,
14984.0,3021913.0,1116044.52,-9909.79,-9526.04,-9685.6,-9759.24,-9889.03,-9933.56,-10056.67,12140.14,,
14985.0,3021913.09,1116043.53,-9909.81,-9526.06,-9685.62,-9759.26,-9889.05,-9933.58,-10056.69,12140.14,60.82746819012981,
14986.0,3021913.19,1116042.53,-9909.84,-9526.08,-9685.64,-9759.28,-9889.08,-9933.6,-10056.72,12140.14,61.15805225638052,
14987.0,3021913.28,1116041.53,-9909.86,-9526.11,-9685.67,-9759.3,-9889.1,-9933.62,-10056.74,12140.15,63.03136196513452,
14988.0,3021913.38,1116040.54,-9909.89,-9526.13,-9685.69,-9759.33,-9889.12,-9933.65,-10056.76,12140.15,,
14989.0,3021913.47,1116039.54,-9909.91,-9526.15,-9685.71,-9759.35,-9889.14,-9933.67,-10056.78,12140.15,,
14990.0,3021913.57,1116038.55,-9909.94,-9526.17,-9685.73,-9759.37,-9889.16,-9933.69,-10056.8,12140.15,,
14991.0,3021913.66,1116037.55,-9909.97,-9526.2,-9685.75,-9759.39,-9889.19,-9933.71,-10056.83,12140.16,65.23525574013922,
14992.0,3021913.76,1116036.56,-9909.99,-9526.22,-9685.78,-9759.41,-9889.21,-9933.73,-10056.85,12140.16,65.67603449514016,
14993.0,3021913.85,1116035.56,-9910.02,-9526.24,-9685.8,-9759.44,-9889.23,-9933.76,-10056.87,12140.17,67.43914951514392,
14994.0,3021913.95,1116034.57,-9910.04,-9526.26,-9685.82,-9759.46,-9889.25,-9933.78,-10056.89,12140.17,,
14995.0,3021914.05,1116033.57,-9910.07,-9526.28,-9685.84,-9759.48,-9889.28,-9933.8,-10056.91,12140.17,,
14996.0,3021914.14,1116032.58,-9910.09,-9526.31,-9685.86,-9759.5,-9889.3,-9933.82,-10056.94,12140.18,66.19394953226626,
14997.0,3021914.24,1116031.58,-9910.12,-9526.33,-9685.89,-9759.53,-9889.32,-9933.85,-10056.96,12140.18,65.23525574013922,
14998.0,3021914.34,1116030.59,-9910.15,-9526.35,-9685.91,-9759.55,-9889.34,-9933.87,-10056.98,12140.18,,
14999.0,3021914.44,1116029.59,-9910.17,-9526.37,-9685.93,-9759.57,-9889.36,-9933.89,-10057.0,12140.19,,
15000.0,3021914.54,1116028.6,-9910.2,-9526.4,-9685.95,-9759.59,-9889.39,-9933.91,-10057.03,12140.19,,
15001.0,3021914.64,1116027.61,-9910.23,-9526.42,-9685.98,-9759.61,-9889.41,-9933.93,-10057.05,12140.2,,
15002.0,3021914.74,1116026.61,-9910.25,-9526.44,-9686.0,-9759.64,-9889.43,-9933.96,-10057.07,12140.2,,
15003.0,3021914.84,1116025.62,-9910.28,-9526.46,-9686.02,-9759.66,-9889.45,-9933.98,-10057.09,12140.21,,
15004.0,3021914.94,1116024.62,-9910.3,-9526.48,-9686.04,-9759.68,-9889.47,-9934.0,-10057.11,12140.21,,
15005.0,3021915.04,1116023.63,-9910.33,-9526.51,-9686.06,-9759.7,-9889.5,-9934.02,-10057.14,12140.21,75.15277772766039,
15006.0,3021915.14,1116022.63,-9910.36,-9526.53,-9686.09,-9759.73,-9889.52,-9934.04,-10057.16,12140.22,,
15007.0,3021915.24,1116021.64,-9910.38,-9526.55,-9686.11,-9759.75,-9889.54,-9934.07,-10057.18,12140.22,67.43914951514392,
15008.0,3021915.34,1116020.64,-9910.41,-9526.57,-9686.13,-9759.77,-9889.56,-9934.09,-10057.2,12140.23,,
15009.0,3021915.44,1116019.65,-9910.44,-9526.59,-9686.15,-9759.79,-9889.59,-9934.11,-10057.22,12140.23,,
15010.0,3021915.55,1116018.65,-9910.46,-9526.62,-9686.18,-9759.81,-9889.61,-9934.13,-10057.25,12140.240000000002,,
15011.0,3021915.65,1116017.66,-9910.49,-9526.64,-9686.2,-9759.84,-9889.63,-9934.16,-10057.27,12140.240000000002,,
15012.0,3021915.75,1116016.67,-9910.52,-9526.66,-9686.22,-9759.86,-9889.65,-9934.18,-10057.29,12140.25,65.72011237064025,
15013.0,3021915.86,1116015.67,-9910.55,-9526.68,-9686.24,-9759.88,-9889.67,-9934.2,-10057.31,12140.25,65.23525574013922,
15014.0,3021915.96,1116014.68,-9910.57,-9526.71,-9686.26,-9759.9,-9889.7,-9934.22,-10057.34,12140.26,,
15015.0,3021916.07,1116013.68,-9910.6,-9526.73,-9686.29,-9759.92,-9889.72,-9934.24,-10057.36,12140.26,67.43914951514392,
15016.0,3021916.17,1116012.69,-9910.63,-9526.75,-9686.31,-9759.95,-9889.74,-9934.27,-10057.38,12140.27,,
15017.0,3021916.28,1116011.7,-9910.66,-9526.77,-9686.33,-9759.97,-9889.76,-9934.29,-10057.4,12140.27,,
15018.0,3021916.38,1116010.7,-9910.68,-9526.79,-9686.35,-9759.99,-9889.79,-9934.31,-10057.42,12140.28,,
15019.0,3021916.49,1116009.71,-9910.71,-9526.82,-9686.37,-9760.01,-9889.81,-9934.33,-10057.45,12140.28,69.64304329014863,
15020.0,3021916.59,1116008.71,-9910.74,-9526.84,-9686.4,-9760.04,-9889.83,-9934.36,-10057.47,12140.29,58.62357441512511,
15021.0,3021916.7,1116007.72,-9910.77,-9526.86,-9686.42,-9760.06,-9889.85,-9934.38,-10057.49,12140.29,,
15022.0,3021916.81,1116006.73,-9910.79,-9526.88,-9686.44,-9760.08,-9889.87,-9934.4,-10057.51,12140.3,,
15023.0,3021916.91,1116005.73,-9910.82,-9526.9,-9686.46,-9760.1,-9889.9,-9934.42,-10057.54,12140.31,67.43914951514392,
15024.0,3021917.02,1116004.74,-9910.85,-9526.93,-9686.49,-9760.12,-9889.92,-9934.44,-10057.56,12140.31,,
15025.0,3021917.13,1116003.74,-9910.88,-9526.95,-9686.51,-9760.15,-9889.94,-9934.47,-10057.58,12140.320000000002,,
15026.0,3021917.24,1116002.75,-9910.91,-9526.97,-9686.53,-9760.17,-9889.96,-9934.49,-10057.6,12140.320000000002,,
15027.0,3021917.35,1116001.76,-9910.93,-9526.99,-9686.55,-9760.19,-9889.98,-9934.51,-10057.62,12140.33,,
15028.0,3021917.46,1116000.76,-9910.96,-9527.02,-9686.57,-9760.21,-9890.01,-9934.53,-10057.65,12140.34,65.7421513083903,
15029.0,3021917.57,1115999.77,-9910.99,-9527.04,-9686.6,-9760.23,-9890.03,-9934.55,-10057.67,12140.34,65.23525574013922,
15030.0,3021917.68,1115998.78,-9911.02,-9527.06,-9686.62,-9760.26,-9890.05,-9934.58,-10057.69,12140.35,,
15031.0,3021917.79,1115997.78,-9911.05,-9527.08,-9686.64,-9760.28,-9890.07,-9934.6,-10057.71,12140.35,67.43914951514392,
15032.0,3021917.9,1115996.79,-9911.08,-9527.1,-9686.66,-9760.3,-9890.1,-9934.62,-10057.73,12140.36,,
15033.0,3021918.01,1115995.8,-9911.1,-9527.13,-9686.68,-9760.32,-9890.12,-9934.64,-10057.76,12140.37,,
15034.0,3021918.12,1115994.8,-9911.13,-9527.15,-9686.71,-9760.35,-9890.14,-9934.67,-10057.78,12140.37,67.00939022901801,
15035.0,3021918.23,1115993.81,-9911.16,-9527.17,-9686.73,-9760.37,-9890.16,-9934.69,-10057.8,12140.38,65.23525574013922,
15036.0,3021918.34,1115992.82,-9911.19,-9527.19,-9686.75,-9760.39,-9890.18,-9934.71,-10057.82,12140.38,66.27108581439143,
15037.0,3021918.46,1115991.82,-9911.22,-9527.21,-9686.77,-9760.41,-9890.21,-9934.73,-10057.85,12140.39,67.43914951514392,
15038.0,3021918.57,1115990.83,-9911.25,-9527.24,-9686.8,-9760.43,-9890.23,-9934.75,-10057.87,12140.4,,
15039.0,3021918.68,1115989.84,-9911.27,-9527.26,-9686.82,-9760.46,-9890.25,-9934.78,-10057.89,12140.4,,
15040.0,3021918.79,1115988.84,-9911.3,-9527.28,-9686.84,-9760.48,-9890.27,-9934.8,-10057.91,12140.41,,
15041.0,3021918.9,1115987.85,-9911.33,-9527.3,-9686.86,-9760.5,-9890.29,-9934.82,-10057.93,12140.41,,
15042.0,3021919.01,1115986.86,-9911.36,-9527.33,-9686.88,-9760.52,-9890.32,-9934.84,-10057.96,12140.42,65.23525574013922,
15043.0,3021919.12,1115985.86,-9911.39,-9527.35,-9686.91,-9760.54,-9890.34,-9934.86,-10057.98,12140.43,69.64304329014863,
15044.0,3021919.24,1115984.87,-9911.41,-9527.37,-9686.93,-9760.57,-9890.36,-9934.89,-10058.0,12140.43,67.27385748201857,
15045.0,3021919.35,1115983.88,-9911.44,-9527.39,-9686.95,-9760.59,-9890.38,-9934.91,-10058.02,12140.44,63.82476372413621,
15046.0,3021919.46,1115982.88,-9911.47,-9527.41,-9686.97,-9760.61,-9890.41,-9934.93,-10058.04,12140.44,64.18840619701199,
15047.0,3021919.57,1115981.89,-9911.5,-9527.44,-9686.99,-9760.63,-9890.43,-9934.95,-10058.07,12140.45,65.23525574013922,
15048.0,3021919.68,1115980.9,-9911.52,-9527.46,-9687.02,-9760.66,-9890.45,-9934.98,-10058.09,12140.45,66.60166988064213,
15049.0,3021919.79,1115979.9,-9911.55,-9527.48,-9687.04,-9760.68,-9890.47,-9935.0,-10058.11,12140.46,67.43914951514392,
15050.0,3021919.9,1115978.91,-9911.58,-9527.5,-9687.06,-9760.7,-9890.49,-9935.02,-10058.13,12140.46,,
15051.0,3021920.01,1115977.92,-9911.6,-9527.52,-9687.08,-9760.72,-9890.52,-9935.04,-10058.16,12140.47,71.84693706515334,
15052.0,3021920.13,1115976.92,-9911.63,-9527.55,-9687.11,-9760.74,-9890.54,-9935.06,-10058.18,12140.47,70.29319195377502,
15053.0,3021920.24,1115975.93,-9911.66,-9527.57,-9687.13,-9760.77,-9890.56,-9935.09,-10058.2,12140.48,67.43914951514392,
15054.0,3021920.35,1115974.93,-9911.68,-9527.59,-9687.15,-9760.79,-9890.58,-9935.11,-10058.22,12140.48,64.08923097713676,
15055.0,3021920.46,1115973.94,-9911.71,-9527.61,-9687.17,-9760.81,-9890.6,-9935.13,-10058.24,12140.48,66.061715905766,
15056.0,3021920.57,1115972.95,-9911.74,-9527.64,-9687.19,-9760.83,-9890.63,-9935.15,-10058.27,12140.490000000002,66.33720262764157,
15057.0,3021920.68,1115971.95,-9911.76,-9527.66,-9687.22,-9760.85,-9890.65,-9935.17,-10058.29,12140.490000000002,65.23525574013922,
15058.0,3021920.79,1115970.96,-9911.79,-9527.68,-9687.24,-9760.88,-9890.67,-9935.2,-10058.31,12140.5,65.62093715076504,
15059.0,3021920.9,1115969.97,-9911.82,-9527.7,-9687.26,-9760.9,-9890.69,-9935.22,-10058.33,12140.5,66.74492297601743,
15060.0,3021921.02,1115968.97,-9911.84,-9527.72,-9687.28,-9760.92,-9890.72,-9935.24,-10058.35,12140.51,66.56861147401706,
15061.0,3021921.13,1115967.98,-9911.87,-9527.75,-9687.3,-9760.94,-9890.74,-9935.26,-10058.38,12140.51,63.03136196513452,
15062.0,3021921.24,1115966.99,-9911.89,-9527.77,-9687.33,-9760.97,-9890.76,-9935.29,-10058.4,12140.51,65.91846281039066,
15063.0,3021921.35,1115965.99,-9911.92,-9527.79,-9687.35,-9760.99,-9890.78,-9935.31,-10058.42,12140.52,69.64304329014863,
15064.0,3021921.46,1115965.0,-9911.95,-9527.81,-9687.37,-9761.01,-9890.8,-9935.33,-10058.44,12140.52,65.89642387264063,
15065.0,3021921.57,1115964.01,-9911.97,-9527.84,-9687.39,-9761.03,-9890.83,-9935.35,-10058.47,12140.52,68.44192118277107,
15066.0,3021921.68,1115963.01,-9912.0,-9527.86,-9687.42,-9761.05,-9890.85,-9935.37,-10058.49,12140.53,68.60721321589642,
15067.0,3021921.79,1115962.02,-9912.02,-9527.88,-9687.44,-9761.08,-9890.87,-9935.4,-10058.51,12140.53,68.61823268477144,
15068.0,3021921.91,1115961.03,-9912.05,-9527.9,-9687.46,-9761.1,-9890.89,-9935.42,-10058.53,12140.53,68.7945441867718,
15069.0,3021922.02,1115960.03,-9912.07,-9527.92,-9687.48,-9761.12,-9890.91,-9935.44,-10058.55,12140.54,69.64304329014863,
15070.0,3021922.13,1115959.04,-9912.1,-9527.95,-9687.5,-9761.14,-9890.94,-9935.46,-10058.58,12140.54,66.84409819589266,
15071.0,3021922.24,1115958.05,-9912.12,-9527.97,-9687.53,-9761.17,-9890.96,-9935.48,-10058.6,12140.54,65.23525574013922,
15072.0,3021922.35,1115957.05,-9912.15,-9527.99,-9687.55,-9761.19,-9890.98,-9935.51,-10058.62,12140.54,66.93225394689284,
15073.0,3021922.46,1115956.06,-9912.17,-9528.01,-9687.57,-9761.21,-9891.0,-9935.53,-10058.64,12140.55,67.43914951514392,
15074.0,3021922.57,1115955.07,-9912.2,-9528.03,-9687.59,-9761.23,-9891.03,-9935.55,-10058.66,12140.55,68.87168046889698,
15075.0,3021922.68,1115954.07,-9912.22,-9528.06,-9687.61,-9761.25,-9891.05,-9935.57,-10058.69,12140.55,69.64304329014863,
15076.0,3021922.79,1115953.08,-9912.25,-9528.08,-9687.64,-9761.28,-9891.07,-9935.6,-10058.71,12140.55,67.90196720789491,
15077.0,3021922.91,1115952.08,-9912.27,-9528.1,-9687.66,-9761.3,-9891.09,-9935.62,-10058.73,12140.56,65.72011237064025,
15078.0,3021923.02,1115951.09,-9912.29,-9528.12,-9687.68,-9761.32,-9891.11,-9935.64,-10058.75,12140.56,67.43914951514392,
15079.0,3021923.13,1115950.1,-9912.32,-9528.15,-9687.7,-9761.34,-9891.14,-9935.66,-10058.78,12140.56,65.5548203375149,
15080.0,3021923.24,1115949.1,-9912.34,-9528.17,-9687.73,-9761.36,-9891.16,-9935.68,-10058.8,12140.56,65.23525574013922,
15081.0,3021923.35,1115948.11,-9912.37,-9528.19,-9687.75,-9761.39,-9891.18,-9935.71,-10058.82,12140.570000000002,69.00391409539726,
15082.0,3021923.46,1115947.12,-9912.39,-9528.21,-9687.77,-9761.41,-9891.2,-9935.73,-10058.84,12140.570000000002,70.13891938952469,
15083.0,3021923.57,1115946.12,-9912.41,-9528.23,-9687.79,-9761.43,-9891.22,-9935.75,-10058.86,12140.570000000002,71.84693706515334,
15084.0,3021923.68,1115945.13,-9912.44,-9528.26,-9687.81,-9761.45,-9891.25,-9935.77,-10058.89,12140.570000000002,70.42542558027529,
15085.0,3021923.79,1115944.14,-9912.46,-9528.28,-9687.84,-9761.48,-9891.27,-9935.8,-10058.91,12140.570000000002,69.64304329014863,
15086.0,3021923.91,1115943.14,-9912.49,-9528.3,-9687.86,-9761.5,-9891.29,-9935.82,-10058.93,12140.570000000002,67.43914951514392,
15087.0,3021924.02,1115942.15,-9912.51,-9528.32,-9687.88,-9761.52,-9891.31,-9935.84,-10058.95,12140.570000000002,,
15088.0,3021924.13,1115941.16,-9912.53,-9528.34,-9687.9,-9761.54,-9891.34,-9935.86,-10058.97,12140.570000000002,65.57685927526495,
15089.0,3021924.24,1115940.16,-9912.56,-9528.37,-9687.93,-9761.56,-9891.36,-9935.88,-10059.0,12140.58,65.68705396401518,
15090.0,3021924.35,1115939.17,-9912.58,-9528.39,-9687.95,-9761.59,-9891.38,-9935.91,-10059.02,12140.58,67.43914951514392,
15091.0,3021924.46,1115938.18,-9912.6,-9528.41,-9687.97,-9761.61,-9891.4,-9935.93,-10059.04,12140.58,65.23525574013922,
15092.0,3021924.57,1115937.18,-9912.62,-9528.43,-9687.99,-9761.63,-9891.42,-9935.95,-10059.06,12140.58,,
15093.0,3021924.68,1115936.19,-9912.65,-9528.46,-9688.01,-9761.65,-9891.45,-9935.97,-10059.09,12140.58,,
15094.0,3021924.79,1115935.19,-9912.67,-9528.48,-9688.04,-9761.67,-9891.47,-9935.99,-10059.11,12140.58,,
15095.0,3021924.9,1115934.2,-9912.69,-9528.5,-9688.06,-9761.7,-9891.49,-9936.02,-10059.13,12140.58,63.03136196513452,
15096.0,3021925.02,1115933.21,-9912.72,-9528.52,-9688.08,-9761.72,-9891.51,-9936.04,-10059.15,12140.58,63.725588504261,
15097.0,3021925.13,1115932.21,-9912.74,-9528.54,-9688.1,-9761.74,-9891.54,-9936.06,-10059.17,12140.58,67.43914951514392,
15098.0,3021925.24,1115931.22,-9912.76,-9528.57,-9688.12,-9761.76,-9891.56,-9936.08,-10059.2,12140.58,,
15099.0,3021925.35,1115930.23,-9912.78,-9528.59,-9688.15,-9761.79,-9891.58,-9936.11,-10059.22,12140.58,,
15100.0,3021925.46,1115929.23,-9912.81,-9528.61,-9688.17,-9761.81,-9891.6,-9936.13,-10059.24,12140.58,69.19124506627267,
15101.0,3021925.57,1115928.24,-9912.83,-9528.63,-9688.19,-9761.83,-9891.62,-9936.15,-10059.26,12140.58,69.64304329014863,
15102.0,3021925.68,1115927.25,-9912.85,-9528.65,-9688.21,-9761.85,-9891.65,-9936.17,-10059.29,12140.58,68.48599905827116,
15103.0,3021925.79,1115926.25,-9912.87,-9528.68,-9688.24,-9761.87,-9891.67,-9936.19,-10059.31,12140.58,63.03136196513452,
15104.0,3021925.9,1115925.26,-9912.89,-9528.7,-9688.26,-9761.9,-9891.69,-9936.22,-10059.33,12140.58,,
15105.0,3021926.01,1115924.27,-9912.91,-9528.72,-9688.28,-9761.92,-9891.71,-9936.24,-10059.35,12140.58,,
15106.0,3021926.13,1115923.27,-9912.94,-9528.74,-9688.3,-9761.94,-9891.73,-9936.26,-10059.37,12140.58,64.12228938376184,
15107.0,3021926.24,1115922.28,-9912.96,-9528.77,-9688.32,-9761.96,-9891.76,-9936.28,-10059.4,12140.58,65.23525574013922,
15108.0,3021926.35,1115921.28,-9912.98,-9528.79,-9688.35,-9761.98,-9891.78,-9936.3,-10059.42,12140.58,67.5713831416442,
15109.0,3021926.46,1115920.29,-9913.0,-9528.81,-9688.37,-9762.01,-9891.8,-9936.33,-10059.44,12140.58,69.64304329014863,
15110.0,3021926.57,1115919.3,-9913.02,-9528.83,-9688.39,-9762.03,-9891.82,-9936.35,-10059.46,12140.58,68.35376543177088,
15111.0,3021926.68,1115918.3,-9913.04,-9528.85,-9688.41,-9762.05,-9891.85,-9936.37,-10059.48,12140.58,63.03136196513452,
15112.0,3021926.79,1115917.31,-9913.06,-9528.88,-9688.43,-9762.07,-9891.87,-9936.39,-10059.51,12140.58,,
15113.0,3021926.9,1115916.32,-9913.09,-9528.9,-9688.46,-9762.1,-9891.89,-9936.42,-10059.53,12140.570000000002,67.43914951514392,
15114.0,3021927.01,1115915.32,-9913.11,-9528.92,-9688.48,-9762.12,-9891.91,-9936.44,-10059.55,12140.570000000002,,
15115.0,3021927.12,1115914.33,-9913.13,-9528.94,-9688.5,-9762.14,-9891.93,-9936.46,-10059.57,12140.570000000002,66.35924156539161,
15116.0,3021927.23,1115913.34,-9913.15,-9528.96,-9688.52,-9762.16,-9891.96,-9936.48,-10059.6,12140.570000000002,65.23525574013922,
15117.0,3021927.34,1115912.34,-9913.17,-9528.99,-9688.55,-9762.18,-9891.98,-9936.5,-10059.62,12140.570000000002,69.64304329014863,
15118.0,3021927.46,1115911.35,-9913.19,-9529.01,-9688.57,-9762.21,-9892.0,-9936.53,-10059.64,12140.570000000002,71.84693706515334,
15119.0,3021927.57,1115910.35,-9913.21,-9529.03,-9688.59,-9762.23,-9892.02,-9936.55,-10059.66,12140.56,,
15120.0,3021927.68,1115909.36,-9913.23,-9529.05,-9688.61,-9762.25,-9892.04,-9936.57,-10059.68,12140.56,69.64304329014863,
15121.0,3021927.79,1115908.37,-9913.25,-9529.08,-9688.63,-9762.27,-9892.07,-9936.59,-10059.71,12140.56,68.80556365564684,
15122.0,3021927.9,1115907.37,-9913.27,-9529.1,-9688.66,-9762.29,-9892.09,-9936.61,-10059.73,12140.56,67.43914951514392,
15123.0,3021928.01,1115906.38,-9913.29,-9529.12,-9688.68,-9762.32,-9892.11,-9936.64,-10059.75,12140.56,65.10302211363894,
15124.0,3021928.12,1115905.39,-9913.31,-9529.14,-9688.7,-9762.34,-9892.13,-9936.66,-10059.77,12140.55,63.03136196513452,
15125.0,3021928.23,1115904.39,-9913.33,-9529.16,-9688.72,-9762.36,-9892.16,-9936.68,-10059.79,12140.55,,
15126.0,3021928.34,1115903.4,-9913.35,-9529.19,-9688.74,-9762.38,-9892.18,-9936.7,-10059.82,12140.55,,
15127.0,3021928.45,1115902.41,-9913.37,-9529.21,-9688.77,-9762.41,-9892.2,-9936.73,-10059.84,12140.55,,
15128.0,3021928.56,1115901.41,-9913.39,-9529.23,-9688.79,-9762.43,-9892.22,-9936.75,-10059.86,12140.54,,
15129.0,3021928.67,1115900.42,-9913.41,-9529.25,-9688.81,-9762.45,-9892.24,-9936.77,-10059.88,12140.54,69.64304329014863,
15130.0,3021928.78,1115899.42,-9913.43,-9529.28,-9688.83,-9762.47,-9892.27,-9936.79,-10059.91,12140.54,68.75046631127172,
15131.0,3021928.89,1115898.43,-9913.45,-9529.3,-9688.86,-9762.49,-9892.29,-9936.81,-10059.93,12140.54,67.43914951514392,
15132.0,3021929.0,1115897.44,-9913.47,-9529.32,-9688.88,-9762.52,-9892.31,-9936.84,-10059.95,12140.53,,
15133.0,3021929.11,1115896.44,-9913.48,-9529.34,-9688.9,-9762.54,-9892.33,-9936.86,-10059.97,12140.53,65.23525574013922,
15134.0,3021929.22,1115895.45,-9913.5,-9529.36,-9688.92,-9762.56,-9892.35,-9936.88,-10059.99,12140.53,,
15135.0,3021929.33,1115894.46,-9913.52,-9529.39,-9688.94,-9762.58,-9892.38,-9936.9,-10060.02,12140.52,,
15136.0,3021929.44,1115893.46,-9913.54,-9529.41,-9688.97,-9762.61,-9892.4,-9936.92,-10060.04,12140.52,,
15137.0,3021929.55,1115892.47,-9913.56,-9529.43,-9688.99,-9762.63,-9892.42,-9936.95,-10060.06,12140.52,67.91298667676993,
15138.0,3021929.65,1115891.47,-9913.58,-9529.45,-9689.01,-9762.65,-9892.44,-9936.97,-10060.08,12140.52,68.44192118277107,
15139.0,3021929.76,1115890.48,-9913.6,-9529.47,-9689.03,-9762.67,-9892.47,-9936.99,-10060.1,12140.51,67.32895482639368,
15140.0,3021929.87,1115889.49,-9913.62,-9529.5,-9689.06,-9762.69,-9892.49,-9937.01,-10060.13,12140.51,65.54380086863988,
15141.0,3021929.98,1115888.49,-9913.64,-9529.52,-9689.08,-9762.72,-9892.51,-9937.04,-10060.15,12140.51,67.43914951514392,
15142.0,3021930.08,1115887.5,-9913.66,-9529.54,-9689.1,-9762.74,-9892.53,-9937.06,-10060.17,12140.5,,
15143.0,3021930.19,1115886.5,-9913.68,-9529.56,-9689.12,-9762.76,-9892.55,-9937.08,-10060.19,12140.5,70.57969814452562,
15144.0,3021930.3,1115885.51,-9913.69,-9529.59,-9689.14,-9762.78,-9892.58,-9937.1,-10060.22,12140.5,65.87438493489059,
15145.0,3021930.4,1115884.51,-9913.71,-9529.61,-9689.17,-9762.8,-9892.6,-9937.12,-10060.24,12140.490000000002,65.98457962364081,
15146.0,3021930.51,1115883.52,-9913.73,-9529.63,-9689.19,-9762.83,-9892.62,-9937.15,-10060.26,12140.490000000002,66.29312475214148,
15147.0,3021930.61,1115882.53,-9913.75,-9529.65,-9689.21,-9762.85,-9892.64,-9937.17,-10060.28,12140.490000000002,66.3041442210165,
15148.0,3021930.72,1115881.53,-9913.77,-9529.67,-9689.23,-9762.87,-9892.67,-9937.19,-10060.3,12140.48,63.879861068511325,
15149.0,3021930.82,1115880.54,-9913.79,-9529.7,-9689.25,-9762.89,-9892.69,-9937.21,-10060.33,12140.48,69.85241319877407,
15150.0,3021930.93,1115879.54,-9913.81,-9529.72,-9689.28,-9762.92,-9892.71,-9937.24,-10060.35,12140.48,66.97633182239294,
15151.0,3021931.03,1115878.55,-9913.82,-9529.74,-9689.3,-9762.94,-9892.73,-9937.26,-10060.37,12140.47,69.94056894977426,
15152.0,3021931.14,1115877.55,-9913.84,-9529.76,-9689.32,-9762.96,-9892.75,-9937.28,-10060.39,12140.47,69.32347869277294,
15153.0,3021931.24,1115876.56,-9913.86,-9529.78,-9689.34,-9762.98,-9892.78,-9937.3,-10060.42,12140.46,68.60721321589642,
15154.0,3021931.34,1115875.57,-9913.88,-9529.81,-9689.37,-9763.0,-9892.8,-9937.32,-10060.44,12140.46,68.84964153114694,
15155.0,3021931.45,1115874.57,-9913.9,-9529.83,-9689.39,-9763.03,-9892.82,-9937.35,-10060.46,12140.46,69.33449816164797,
15156.0,3021931.55,1115873.58,-9913.92,-9529.85,-9689.41,-9763.05,-9892.84,-9937.37,-10060.48,12140.45,,
15157.0,3021931.65,1115872.58,-9913.93,-9529.87,-9689.43,-9763.07,-9892.86,-9937.39,-10060.5,12140.45,67.11958491776824,
15158.0,3021931.76,1115871.59,-9913.95,-9529.9,-9689.45,-9763.09,-9892.89,-9937.41,-10060.53,12140.44,64.71734070301312,
15159.0,3021931.86,1115870.59,-9913.97,-9529.92,-9689.48,-9763.11,-9892.91,-9937.43,-10060.55,12140.44,77.45584672254031,
15160.0,3021931.96,1115869.6,-9913.99,-9529.94,-9689.5,-9763.14,-9892.93,-9937.46,-10060.57,12140.44,67.76973358139463,
15161.0,3021932.06,1115868.6,-9914.01,-9529.96,-9689.52,-9763.16,-9892.95,-9937.48,-10060.59,12140.43,69.64304329014863,
15162.0,3021932.16,1115867.61,-9914.02,-9529.98,-9689.54,-9763.18,-9892.98,-9937.5,-10060.61,12140.43,71.84693706515334,
15163.0,3021932.26,1115866.61,-9914.04,-9530.01,-9689.56,-9763.2,-9893.0,-9937.52,-10060.64,12140.42,69.78629638552393,
15164.0,3021932.37,1115865.62,-9914.06,-9530.03,-9689.59,-9763.23,-9893.02,-9937.55,-10060.66,12140.42,67.43914951514392,
15165.0,3021932.47,1115864.63,-9914.08,-9530.05,-9689.61,-9763.25,-9893.04,-9937.57,-10060.68,12140.41,65.68705396401518,
15166.0,3021932.57,1115863.63,-9914.1,-9530.07,-9689.63,-9763.27,-9893.06,-9937.59,-10060.7,12140.41,65.23525574013922,
15167.0,3021932.67,1115862.64,-9914.11,-9530.09,-9689.65,-9763.29,-9893.09,-9937.61,-10060.73,12140.41,67.43914951514392,
15168.0,3021932.77,1115861.64,-9914.13,-9530.12,-9689.68,-9763.31,-9893.11,-9937.63,-10060.75,12140.4,,
15169.0,3021932.87,1115860.65,-9914.15,-9530.14,-9689.7,-9763.34,-9893.13,-9937.66,-10060.77,12140.4,65.49972299313978,
15170.0,3021932.97,1115859.65,-9914.17,-9530.16,-9689.72,-9763.36,-9893.15,-9937.68,-10060.79,12140.39,63.03136196513452,
15171.0,3021933.06,1115858.66,-9914.18,-9530.18,-9689.74,-9763.38,-9893.17,-9937.7,-10060.81,12140.39,64.45287345001255,
15172.0,3021933.16,1115857.66,-9914.2,-9530.21,-9689.76,-9763.4,-9893.2,-9937.72,-10060.84,12140.38,65.23525574013922,
15173.0,3021933.26,1115856.67,-9914.22,-9530.23,-9689.79,-9763.43,-9893.22,-9937.74,-10060.86,12140.38,66.98735129126797,
15174.0,3021933.36,1115855.67,-9914.24,-9530.25,-9689.81,-9763.45,-9893.24,-9937.77,-10060.88,12140.37,67.43914951514392,
15175.0,3021933.46,1115854.68,-9914.25,-9530.27,-9689.83,-9763.47,-9893.26,-9937.79,-10060.9,12140.37,,
15176.0,3021933.56,1115853.68,-9914.27,-9530.29,-9689.85,-9763.49,-9893.29,-9937.81,-10060.92,12140.36,,
15177.0,3021933.65,1115852.69,-9914.29,-9530.32,-9689.87,-9763.51,-9893.31,-9937.83,-10060.95,12140.36,,
15178.0,3021933.75,1115851.69,-9914.31,-9530.34,-9689.9,-9763.54,-9893.33,-9937.86,-10060.97,12140.35,,
15179.0,3021933.85,1115850.7,-9914.32,-9530.36,-9689.92,-9763.56,-9893.35,-9937.88,-10060.99,12140.35,,
15180.0,3021933.94,1115849.7,-9914.34,-9530.38,-9689.94,-9763.58,-9893.37,-9937.9,-10061.01,12140.34,66.2600663455164,
15181.0,3021934.04,1115848.71,-9914.36,-9530.41,-9689.96,-9763.6,-9893.4,-9937.92,-10061.04,12140.34,65.23525574013922,
15182.0,3021934.14,1115847.71,-9914.37,-9530.43,-9689.99,-9763.62,-9893.42,-9937.94,-10061.06,12140.33,,
15183.0,3021934.23,1115846.71,-9914.39,-9530.45,-9690.01,-9763.65,-9893.44,-9937.97,-10061.08,12140.33,,
15184.0,3021934.33,1115845.72,-9914.41,-9530.47,-9690.03,-9763.67,-9893.46,-9937.99,-10061.1,12140.320000000002,66.3041442210165,
15185.0,3021934.42,1115844.72,-9914.42,-9530.49,-9690.05,-9763.69,-9893.49,-9938.01,-10061.12,12140.320000000002,69.64304329014863,
15186.0,3021934.52,1115843.73,-9914.44,-9530.52,-9690.07,-9763.71,-9893.51,-9938.03,-10061.15,12140.31,,
15187.0,3021934.61,1115842.73,-9914.46,-9530.54,-9690.1,-9763.74,-9893.53,-9938.06,-10061.17,12140.31,,
15188.0,3021934.71,1115841.74,-9914.48,-9530.56,-9690.12,-9763.76,-9893.55,-9938.08,-10061.19,12140.3,71.84693706515334,
15189.0,3021934.8,1115840.74,-9914.49,-9530.58,-9690.14,-9763.78,-9893.57,-9938.1,-10061.21,12140.3,69.91853001202422,
15190.0,3021934.89,1115839.75,-9914.51,-9530.6,-9690.16,-9763.8,-9893.6,-9938.12,-10061.24,12140.29,67.43914951514392,
15191.0,3021934.99,1115838.75,-9914.53,-9530.63,-9690.19,-9763.82,-9893.62,-9938.14,-10061.26,12140.29,,
15192.0,3021935.08,1115837.76,-9914.54,-9530.65,-9690.21,-9763.85,-9893.64,-9938.17,-10061.28,12140.28,69.64304329014863,
15193.0,3021935.17,1115836.76,-9914.56,-9530.67,-9690.23,-9763.87,-9893.66,-9938.19,-10061.3,12140.27,,
15194.0,3021935.27,1115835.76,-9914.57,-9530.69,-9690.25,-9763.89,-9893.68,-9938.21,-10061.32,12140.27,,
15195.0,3021935.36,1115834.77,-9914.59,-9530.72,-9690.27,-9763.91,-9893.71,-9938.23,-10061.35,12140.26,,
15196.0,3021935.45,1115833.77,-9914.61,-9530.74,-9690.3,-9763.93,-9893.73,-9938.25,-10061.37,12140.26,64.91569114276354,
15197.0,3021935.54,1115832.78,-9914.62,-9530.76,-9690.32,-9763.96,-9893.75,-9938.28,-10061.39,12140.25,63.03136196513452,
15198.0,3021935.63,1115831.78,-9914.64,-9530.78,-9690.34,-9763.98,-9893.77,-9938.3,-10061.41,12140.25,,
15199.0,3021935.73,1115830.79,-9914.66,-9530.8,-9690.36,-9764.0,-9893.8,-9938.32,-10061.43,12140.240000000002,,
15200.0,3021935.82,1115829.79,-9914.67,-9530.83,-9690.38,-9764.02,-9893.82,-9938.34,-10061.46,12140.23,67.43914951514392,
15201.0,3021935.91,1115828.8,-9914.69,-9530.85,-9690.41,-9764.05,-9893.84,-9938.37,-10061.48,12140.23,,
15202.0,3021936.0,1115827.8,-9914.71,-9530.87,-9690.43,-9764.07,-9893.86,-9938.39,-10061.5,12140.22,66.5906504117671,
15203.0,3021936.09,1115826.8,-9914.72,-9530.89,-9690.45,-9764.09,-9893.88,-9938.41,-10061.52,12140.22,65.23525574013922,
15204.0,3021936.18,1115825.81,-9914.74,-9530.91,-9690.47,-9764.11,-9893.91,-9938.43,-10061.55,12140.21,67.11958491776824,
15205.0,3021936.27,1115824.81,-9914.75,-9530.94,-9690.5,-9764.13,-9893.93,-9938.45,-10061.57,12140.2,67.43914951514392,
15206.0,3021936.36,1115823.82,-9914.77,-9530.96,-9690.52,-9764.16,-9893.95,-9938.48,-10061.59,12140.2,66.98735129126797,
15207.0,3021936.45,1115822.82,-9914.78,-9530.98,-9690.54,-9764.18,-9893.97,-9938.5,-10061.61,12140.19,65.23525574013922,
15208.0,3021936.54,1115821.82,-9914.8,-9531.0,-9690.56,-9764.2,-9893.99,-9938.52,-10061.63,12140.18,66.40331944089172,
15209.0,3021936.63,1115820.83,-9914.82,-9531.03,-9690.58,-9764.22,-9894.02,-9938.54,-10061.66,12140.18,67.43914951514392,
15210.0,3021936.71,1115819.83,-9914.83,-9531.05,-9690.61,-9764.25,-9894.04,-9938.56,-10061.68,12140.17,65.23525574013922,
15211.0,3021936.8,1115818.84,-9914.85,-9531.07,-9690.63,-9764.27,-9894.06,-9938.59,-10061.7,12140.17,,
15212.0,3021936.89,1115817.84,-9914.86,-9531.09,-9690.65,-9764.29,-9894.08,-9938.61,-10061.72,12140.16,,
15213.0,3021936.98,1115816.84,-9914.88,-9531.11,-9690.67,-9764.31,-9894.11,-9938.63,-10061.74,12140.15,,
15214.0,3021937.07,1115815.85,-9914.89,-9531.14,-9690.7,-9764.33,-9894.13,-9938.65,-10061.77,12140.15,,
15215.0,3021937.15,1115814.85,-9914.91,-9531.16,-9690.72,-9764.36,-9894.15,-9938.68,-10061.79,12140.14,71.84693706515334,
15216.0,3021937.24,1115813.86,-9914.93,-9531.18,-9690.74,-9764.38,-9894.17,-9938.7,-10061.81,12140.13,69.64304329014863,
15217.0,3021937.33,1115812.86,-9914.94,-9531.2,-9690.76,-9764.4,-9894.19,-9938.72,-10061.83,12140.13,68.73944684239669,
15218.0,3021937.41,1115811.86,-9914.96,-9531.23,-9690.78,-9764.42,-9894.22,-9938.74,-10061.86,12140.12,65.23525574013922,
15219.0,3021937.5,1115810.87,-9914.97,-9531.25,-9690.81,-9764.44,-9894.24,-9938.76,-10061.88,12140.11,64.06719203938673,
15220.0,3021937.58,1115809.87,-9914.99,-9531.27,-9690.83,-9764.47,-9894.26,-9938.79,-10061.9,12140.11,63.03136196513452,
15221.0,3021937.67,1115808.88,-9915.0,-9531.29,-9690.85,-9764.49,-9894.28,-9938.81,-10061.92,12140.1,,
15222.0,3021937.75,1115807.88,-9915.02,-9531.31,-9690.87,-9764.51,-9894.31,-9938.83,-10061.94,12140.09,67.43914951514392,
15223.0,3021937.84,1115806.88,-9915.03,-9531.34,-9690.89,-9764.53,-9894.33,-9938.85,-10061.97,12140.09,66.93225394689284,
15224.0,3021937.92,1115805.89,-9915.05,-9531.36,-9690.92,-9764.56,-9894.35,-9938.88,-10061.99,12140.08,65.23525574013922,
15225.0,3021938.01,1115804.89,-9915.06,-9531.38,-9690.94,-9764.58,-9894.37,-9938.9,-10062.01,12140.070000000002,,
15226.0,3021938.1,1115803.89,-9915.08,-9531.4,-9690.96,-9764.6,-9894.39,-9938.92,-10062.03,12140.070000000002,,
15227.0,3021938.18,1115802.9,-9915.09,-9531.42,-9690.98,-9764.62,-9894.42,-9938.94,-10062.06,12140.06,67.43914951514392,
15228.0,3021938.27,1115801.9,-9915.11,-9531.45,-9691.01,-9764.64,-9894.44,-9938.96,-10062.08,12140.05,,
15229.0,3021938.35,1115800.91,-9915.13,-9531.47,-9691.03,-9764.67,-9894.46,-9938.99,-10062.1,12140.05,66.63472828726721,
15230.0,3021938.44,1115799.91,-9915.14,-9531.49,-9691.05,-9764.69,-9894.48,-9939.01,-10062.12,12140.04,65.23525574013922,
15231.0,3021938.52,1115798.91,-9915.16,-9531.51,-9691.07,-9764.71,-9894.5,-9939.03,-10062.14,12140.03,,
15232.0,3021938.61,1115797.92,-9915.17,-9531.54,-9691.09,-9764.73,-9894.53,-9939.05,-10062.17,12140.03,66.62370881839217,
15233.0,3021938.69,1115796.92,-9915.19,-9531.56,-9691.12,-9764.75,-9894.55,-9939.07,-10062.19,12140.02,68.56313534039631,
15234.0,3021938.78,1115795.92,-9915.21,-9531.58,-9691.14,-9764.78,-9894.57,-9939.1,-10062.21,12140.01,65.85234599714055,
15235.0,3021938.87,1115794.93,-9915.22,-9531.6,-9691.16,-9764.8,-9894.59,-9939.12,-10062.23,12140.01,67.0975459800182,
15236.0,3021938.95,1115793.93,-9915.24,-9531.62,-9691.18,-9764.82,-9894.62,-9939.14,-10062.25,12140.0,67.43914951514392,
15237.0,3021939.04,1115792.94,-9915.25,-9531.65,-9691.2,-9764.84,-9894.64,-9939.16,-10062.28,12140.0,,
15238.0,3021939.12,1115791.94,-9915.27,-9531.67,-9691.23,-9764.87,-9894.66,-9939.19,-10062.3,12139.990000000002,,
15239.0,3021939.21,1115790.94,-9915.29,-9531.69,-9691.25,-9764.89,-9894.68,-9939.21,-10062.32,12139.98,65.63195661964006,
15240.0,3021939.3,1115789.95,-9915.3,-9531.71,-9691.27,-9764.91,-9894.7,-9939.23,-10062.34,12139.98,65.23525574013922,
15241.0,3021939.38,1115788.95,-9915.32,-9531.74,-9691.29,-9764.93,-9894.73,-9939.25,-10062.37,12139.97,71.84693706515334,
15242.0,3021939.47,1115787.96,-9915.34,-9531.76,-9691.32,-9764.95,-9894.75,-9939.27,-10062.39,12139.97,68.12235658539538,
15243.0,3021939.55,1115786.96,-9915.35,-9531.78,-9691.34,-9764.98,-9894.77,-9939.3,-10062.41,12139.96,66.93225394689284,
15244.0,3021939.64,1115785.96,-9915.37,-9531.8,-9691.36,-9765.0,-9894.79,-9939.32,-10062.43,12139.96,65.23525574013922,
15245.0,3021939.73,1115784.97,-9915.39,-9531.82,-9691.38,-9765.02,-9894.81,-9939.34,-10062.45,12139.95,63.03136196513452,
15246.0,3021939.81,1115783.97,-9915.4,-9531.85,-9691.4,-9765.04,-9894.84,-9939.36,-10062.48,12139.94,63.84680266188626,
15247.0,3021939.9,1115782.97,-9915.42,-9531.87,-9691.43,-9765.07,-9894.86,-9939.39,-10062.5,12139.94,65.23525574013922,
15248.0,3021939.99,1115781.98,-9915.44,-9531.89,-9691.45,-9765.09,-9894.88,-9939.41,-10062.52,12139.93,,
15249.0,3021940.07,1115780.98,-9915.45,-9531.91,-9691.47,-9765.11,-9894.9,-9939.43,-10062.54,12139.93,,
15250.0,3021940.16,1115779.99,-9915.47,-9531.93,-9691.49,-9765.13,-9894.93,-9939.45,-10062.56,12139.92,67.73667517476956,
15251.0,3021940.25,1115778.99,-9915.49,-9531.96,-9691.52,-9765.15,-9894.95,-9939.47,-10062.59,12139.92,69.29042028614786,
15252.0,3021940.33,1115777.99,-9915.5,-9531.98,-9691.54,-9765.18,-9894.97,-9939.5,-10062.61,12139.91,67.43914951514392,
15253.0,3021940.42,1115777.0,-9915.52,-9532.0,-9691.56,-9765.2,-9894.99,-9939.52,-10062.63,12139.91,66.02865749914092,
15254.0,3021940.51,1115776.0,-9915.54,-9532.02,-9691.58,-9765.22,-9895.01,-9939.54,-10062.65,12139.9,65.23525574013922,
15255.0,3021940.6,1115775.01,-9915.56,-9532.05,-9691.6,-9765.24,-9895.04,-9939.56,-10062.68,12139.9,69.64304329014863,
15256.0,3021940.68,1115774.01,-9915.57,-9532.07,-9691.63,-9765.26,-9895.06,-9939.58,-10062.7,12139.89,,
15257.0,3021940.77,1115773.01,-9915.59,-9532.09,-9691.65,-9765.29,-9895.08,-9939.61,-10062.72,12139.89,67.79177251914467,
15258.0,3021940.86,1115772.02,-9915.61,-9532.11,-9691.67,-9765.31,-9895.1,-9939.63,-10062.74,12139.89,,
15259.0,3021940.94,1115771.02,-9915.63,-9532.13,-9691.69,-9765.33,-9895.13,-9939.65,-10062.76,12139.88,65.23525574013922,
15260.0,3021941.03,1115770.03,-9915.64,-9532.16,-9691.71,-9765.35,-9895.15,-9939.67,-10062.79,12139.88,67.0975459800182,
15261.0,3021941.12,1115769.03,-9915.66,-9532.18,-9691.74,-9765.38,-9895.17,-9939.7,-10062.81,12139.87,67.43914951514392,
15262.0,3021941.21,1115768.03,-9915.68,-9532.2,-9691.76,-9765.4,-9895.19,-9939.72,-10062.83,12139.87,,
15263.0,3021941.29,1115767.04,-9915.7,-9532.22,-9691.78,-9765.42,-9895.21,-9939.74,-10062.85,12139.86,66.28210528326646,
15264.0,3021941.38,1115766.04,-9915.72,-9532.24,-9691.8,-9765.44,-9895.24,-9939.76,-10062.88,12139.86,60.82746819012981,
15265.0,3021941.47,1115765.05,-9915.73,-9532.27,-9691.83,-9765.46,-9895.26,-9939.78,-10062.9,12139.86,66.3041442210165,
15266.0,3021941.56,1115764.05,-9915.75,-9532.29,-9691.85,-9765.49,-9895.28,-9939.81,-10062.92,12139.85,67.43914951514392,
15267.0,3021941.64,1115763.05,-9915.77,-9532.31,-9691.87,-9765.51,-9895.3,-9939.83,-10062.94,12139.85,63.03136196513452,
15268.0,3021941.73,1115762.06,-9915.79,-9532.33,-9691.89,-9765.53,-9895.32,-9939.85,-10062.96,12139.84,,
15269.0,3021941.82,1115761.06,-9915.81,-9532.36,-9691.91,-9765.55,-9895.35,-9939.87,-10062.99,12139.84,60.82746819012981,
15270.0,3021941.91,1115760.07,-9915.83,-9532.38,-9691.94,-9765.58,-9895.37,-9939.89,-10063.01,12139.84,60.33159209075376,
15271.0,3021942.0,1115759.07,-9915.84,-9532.4,-9691.96,-9765.6,-9895.39,-9939.92,-10063.03,12139.83,58.62357441512511,
15272.0,3021942.08,1115758.07,-9915.86,-9532.42,-9691.98,-9765.62,-9895.41,-9939.94,-10063.05,12139.83,64.4308345122625,
15273.0,3021942.17,1115757.08,-9915.88,-9532.44,-9692.0,-9765.64,-9895.44,-9939.96,-10063.07,12139.820000000002,66.45841678526683,
15274.0,3021942.26,1115756.08,-9915.9,-9532.47,-9692.02,-9765.66,-9895.46,-9939.98,-10063.1,12139.820000000002,63.03136196513452,
15275.0,3021942.35,1115755.09,-9915.92,-9532.49,-9692.05,-9765.69,-9895.48,-9940.01,-10063.12,12139.820000000002,58.62357441512511,
15276.0,3021942.44,1115754.09,-9915.94,-9532.51,-9692.07,-9765.71,-9895.5,-9940.03,-10063.14,12139.820000000002,,
15277.0,3021942.53,1115753.09,-9915.96,-9532.53,-9692.09,-9765.73,-9895.52,-9940.05,-10063.16,12139.81,62.0396097663824,
15278.0,3021942.62,1115752.1,-9915.97,-9532.56,-9692.11,-9765.75,-9895.55,-9940.07,-10063.19,12139.81,65.23525574013922,
15279.0,3021942.7,1115751.1,-9915.99,-9532.58,-9692.14,-9765.77,-9895.57,-9940.09,-10063.21,12139.81,60.82746819012981,
15280.0,3021942.79,1115750.11,-9916.01,-9532.6,-9692.16,-9765.8,-9895.59,-9940.12,-10063.23,12139.8,64.77243804738823,
15281.0,3021942.88,1115749.11,-9916.03,-9532.62,-9692.18,-9765.82,-9895.61,-9940.14,-10063.25,12139.8,67.43914951514392,
15282.0,3021942.97,1115748.12,-9916.05,-9532.64,-9692.2,-9765.84,-9895.64,-9940.16,-10063.27,12139.8,60.82746819012981,
15283.0,3021943.06,1115747.12,-9916.07,-9532.67,-9692.22,-9765.86,-9895.66,-9940.18,-10063.3,12139.79,,
15284.0,3021943.15,1115746.12,-9916.09,-9532.69,-9692.25,-9765.89,-9895.68,-9940.21,-10063.32,12139.79,,
15285.0,3021943.24,1115745.13,-9916.11,-9532.71,-9692.27,-9765.91,-9895.7,-9940.23,-10063.34,12139.79,61.68698676238165,
15286.0,3021943.33,1115744.13,-9916.13,-9532.73,-9692.29,-9765.93,-9895.72,-9940.25,-10063.36,12139.79,65.23525574013922,
15287.0,3021943.41,1115743.14,-9916.15,-9532.75,-9692.31,-9765.95,-9895.75,-9940.27,-10063.39,12139.78,60.05610536887817,
15288.0,3021943.5,1115742.14,-9916.17,-9532.78,-9692.34,-9765.97,-9895.77,-9940.29,-10063.41,12139.78,61.78616198225685,
15289.0,3021943.59,1115741.14,-9916.19,-9532.8,-9692.36,-9766.0,-9895.79,-9940.32,-10063.43,12139.78,67.43914951514392,
15290.0,3021943.68,1115740.15,-9916.21,-9532.82,-9692.38,-9766.02,-9895.81,-9940.34,-10063.45,12139.77,66.75594244489247,
15291.0,3021943.77,1115739.15,-9916.23,-9532.84,-9692.4,-9766.04,-9895.83,-9940.36,-10063.47,12139.77,63.03136196513452,
15292.0,3021943.86,1115738.16,-9916.25,-9532.87,-9692.42,-9766.06,-9895.86,-9940.38,-10063.5,12139.77,,
15293.0,3021943.95,1115737.16,-9916.27,-9532.89,-9692.45,-9766.08,-9895.88,-9940.4,-10063.52,12139.77,62.67873896113376,
15294.0,3021944.04,1115736.17,-9916.29,-9532.91,-9692.47,-9766.11,-9895.9,-9940.43,-10063.54,12139.77,60.82746819012981,
15295.0,3021944.13,1115735.17,-9916.31,-9532.93,-9692.49,-9766.13,-9895.92,-9940.45,-10063.56,12139.76,,
15296.0,3021944.22,1115734.17,-9916.33,-9532.95,-9692.51,-9766.15,-9895.95,-9940.47,-10063.58,12139.76,,
15297.0,3021944.31,1115733.18,-9916.35,-9532.98,-9692.53,-9766.17,-9895.97,-9940.49,-10063.61,12139.76,65.23525574013922,
15298.0,3021944.4,1115732.18,-9916.37,-9533.0,-9692.56,-9766.2,-9895.99,-9940.52,-10063.63,12139.76,61.04785756763029,
15299.0,3021944.49,1115731.19,-9916.39,-9533.02,-9692.58,-9766.22,-9896.01,-9940.54,-10063.65,12139.76,58.62357441512511,
15300.0,3021944.58,1115730.19,-9916.41,-9533.04,-9692.6,-9766.24,-9896.03,-9940.56,-10063.67,12139.75,,
15301.0,3021944.67,1115729.2,-9916.43,-9533.06,-9692.62,-9766.26,-9896.06,-9940.58,-10063.7,12139.75,,
15302.0,3021944.76,1115728.2,-9916.45,-9533.09,-9692.65,-9766.28,-9896.08,-9940.6,-10063.72,12139.75,,
15303.0,3021944.85,1115727.2,-9916.47,-9533.11,-9692.67,-9766.31,-9896.1,-9940.63,-10063.74,12139.75,,
15304.0,3021944.94,1115726.21,-9916.49,-9533.13,-9692.69,-9766.33,-9896.12,-9940.65,-10063.76,12139.75,,
15305.0,3021945.03,1115725.21,-9916.51,-9533.15,-9692.71,-9766.35,-9896.14,-9940.67,-10063.78,12139.75,,
15306.0,3021945.12,1115724.22,-9916.53,-9533.18,-9692.73,-9766.37,-9896.17,-9940.69,-10063.81,12139.75,61.69800623125666,
15307.0,3021945.21,1115723.22,-9916.55,-9533.2,-9692.76,-9766.4,-9896.19,-9940.71,-10063.83,12139.75,63.03136196513452,
15308.0,3021945.3,1115722.23,-9916.58,-9533.22,-9692.78,-9766.42,-9896.21,-9940.74,-10063.85,12139.740000000002,65.23525574013922,
15309.0,3021945.39,1115721.23,-9916.6,-9533.24,-9692.8,-9766.44,-9896.23,-9940.76,-10063.87,12139.740000000002,62.2710186127579,
15310.0,3021945.48,1115720.23,-9916.62,-9533.26,-9692.82,-9766.46,-9896.26,-9940.78,-10063.89,12139.740000000002,58.62357441512511,
15311.0,3021945.57,1115719.24,-9916.64,-9533.29,-9692.85,-9766.48,-9896.28,-9940.8,-10063.92,12139.740000000002,,
15312.0,3021945.66,1115718.24,-9916.66,-9533.31,-9692.87,-9766.51,-9896.3,-9940.83,-10063.94,12139.740000000002,63.03136196513452,
15313.0,3021945.75,1115717.25,-9916.68,-9533.33,-9692.89,-9766.53,-9896.32,-9940.85,-10063.96,12139.740000000002,62.57956374125856,
15314.0,3021945.84,1115716.25,-9916.7,-9533.35,-9692.91,-9766.55,-9896.34,-9940.87,-10063.98,12139.740000000002,60.82746819012981,
15315.0,3021945.93,1115715.26,-9916.72,-9533.38,-9692.93,-9766.57,-9896.37,-9940.89,-10064.01,12139.740000000002,,
15316.0,3021946.02,1115714.26,-9916.75,-9533.4,-9692.96,-9766.59,-9896.39,-9940.91,-10064.03,12139.740000000002,,
15317.0,3021946.12,1115713.26,-9916.77,-9533.42,-9692.98,-9766.62,-9896.41,-9940.94,-10064.05,12139.740000000002,67.43914951514392,
15318.0,3021946.21,1115712.27,-9916.79,-9533.44,-9693.0,-9766.64,-9896.43,-9940.96,-10064.07,12139.73,,
15319.0,3021946.3,1115711.27,-9916.81,-9533.46,-9693.02,-9766.66,-9896.46,-9940.98,-10064.09,12139.73,65.31239202226438,
15320.0,3021946.39,1115710.28,-9916.83,-9533.49,-9693.04,-9766.68,-9896.48,-9941.0,-10064.12,12139.73,60.82746819012981,
15321.0,3021946.48,1115709.28,-9916.85,-9533.51,-9693.07,-9766.71,-9896.5,-9941.03,-10064.14,12139.73,57.08084877262181,
15322.0,3021946.57,1115708.29,-9916.87,-9533.53,-9693.09,-9766.73,-9896.52,-9941.05,-10064.16,12139.73,55.31773375261806,
15323.0,3021946.66,1115707.29,-9916.89,-9533.55,-9693.11,-9766.75,-9896.54,-9941.07,-10064.18,12139.73,63.03136196513452,
15324.0,3021946.75,1115706.29,-9916.91,-9533.57,-9693.13,-9766.77,-9896.57,-9941.09,-10064.21,12139.73,,
15325.0,3021946.84,1115705.3,-9916.93,-9533.6,-9693.16,-9766.79,-9896.59,-9941.11,-10064.23,12139.72,,
15326.0,3021946.93,1115704.3,-9916.95,-9533.62,-9693.18,-9766.82,-9896.61,-9941.14,-10064.25,12139.72,,
15327.0,3021947.01,1115703.31,-9916.97,-9533.64,-9693.2,-9766.84,-9896.63,-9941.16,-10064.27,12139.72,61.45557791600615,
15328.0,3021947.1,1115702.31,-9916.99,-9533.66,-9693.22,-9766.86,-9896.65,-9941.18,-10064.29,12139.72,60.82746819012981,
15329.0,3021947.19,1115701.32,-9917.01,-9533.69,-9693.24,-9766.88,-9896.68,-9941.2,-10064.32,12139.72,,
15330.0,3021947.28,1115700.32,-9917.03,-9533.71,-9693.27,-9766.9,-9896.7,-9941.22,-10064.34,12139.71,,
15331.0,3021947.37,1115699.32,-9917.05,-9533.73,-9693.29,-9766.93,-9896.72,-9941.25,-10064.36,12139.71,,
15332.0,3021947.46,1115698.33,-9917.07,-9533.75,-9693.31,-9766.95,-9896.74,-9941.27,-10064.38,12139.71,,
15333.0,3021947.54,1115697.33,-9917.09,-9533.77,-9693.33,-9766.97,-9896.77,-9941.29,-10064.4,12139.7,67.43914951514392,
15334.0,3021947.63,1115696.34,-9917.11,-9533.8,-9693.35,-9766.99,-9896.79,-9941.31,-10064.43,12139.7,66.83307872701764,
15335.0,3021947.72,1115695.34,-9917.13,-9533.82,-9693.38,-9767.02,-9896.81,-9941.34,-10064.45,12139.7,65.34545042888945,
15336.0,3021947.8,1115694.34,-9917.15,-9533.84,-9693.4,-9767.04,-9896.83,-9941.36,-10064.47,12139.69,65.48870352426475,
15337.0,3021947.89,1115693.35,-9917.16,-9533.86,-9693.42,-9767.06,-9896.85,-9941.38,-10064.49,12139.69,62.248979675007845,
15338.0,3021947.98,1115692.35,-9917.18,-9533.89,-9693.44,-9767.08,-9896.88,-9941.4,-10064.52,12139.68,62.25999914388287,
15339.0,3021948.06,1115691.36,-9917.2,-9533.91,-9693.47,-9767.1,-9896.9,-9941.42,-10064.54,12139.68,63.64845222213584,
15340.0,3021948.15,1115690.36,-9917.22,-9533.93,-9693.49,-9767.13,-9896.92,-9941.45,-10064.56,12139.68,64.79447698513827,
15341.0,3021948.24,1115689.36,-9917.24,-9533.95,-9693.51,-9767.15,-9896.94,-9941.47,-10064.58,12139.67,62.8881088697592,
15342.0,3021948.32,1115688.37,-9917.25,-9533.97,-9693.53,-9767.17,-9896.96,-9941.49,-10064.6,12139.67,63.725588504261,
15343.0,3021948.41,1115687.37,-9917.27,-9534.0,-9693.55,-9767.19,-9896.99,-9941.51,-10064.63,12139.66,,
15344.0,3021948.49,1115686.37,-9917.29,-9534.02,-9693.58,-9767.22,-9897.01,-9941.53,-10064.65,12139.66,59.593287676127176,
15345.0,3021948.58,1115685.38,-9917.3,-9534.04,-9693.6,-9767.24,-9897.03,-9941.56,-10064.67,12139.65,61.20213013188062,
15346.0,3021948.66,1115684.38,-9917.32,-9534.06,-9693.62,-9767.26,-9897.05,-9941.58,-10064.69,12139.64,64.90467167388852,
15347.0,3021948.75,1115683.39,-9917.34,-9534.08,-9693.64,-9767.28,-9897.08,-9941.6,-10064.71,12139.64,63.89088053738636,
15348.0,3021948.83,1115682.39,-9917.35,-9534.11,-9693.67,-9767.3,-9897.1,-9941.62,-10064.74,12139.63,60.0671248377532,
15349.0,3021948.91,1115681.39,-9917.37,-9534.13,-9693.69,-9767.33,-9897.12,-9941.65,-10064.76,12139.63,60.563000937129246,
15350.0,3021949.0,1115680.4,-9917.39,-9534.15,-9693.71,-9767.35,-9897.14,-9941.67,-10064.78,12139.62,,
15351.0,3021949.08,1115679.4,-9917.4,-9534.17,-9693.73,-9767.37,-9897.16,-9941.69,-10064.8,12139.62,64.56306813876279,
15352.0,3021949.17,1115678.4,-9917.42,-9534.2,-9693.75,-9767.39,-9897.19,-9941.71,-10064.83,12139.61,62.711797367758834,
15353.0,3021949.25,1115677.41,-9917.43,-9534.22,-9693.78,-9767.41,-9897.21,-9941.73,-10064.85,12139.6,61.18009119413056,
15354.0,3021949.33,1115676.41,-9917.45,-9534.24,-9693.8,-9767.44,-9897.23,-9941.76,-10064.87,12139.59,63.813744255261184,
15355.0,3021949.41,1115675.41,-9917.46,-9534.26,-9693.82,-9767.46,-9897.25,-9941.78,-10064.89,12139.59,59.383917767501735,
15356.0,3021949.5,1115674.42,-9917.48,-9534.28,-9693.84,-9767.48,-9897.28,-9941.8,-10064.91,12139.58,61.59883101138146,
15357.0,3021949.58,1115673.42,-9917.49,-9534.31,-9693.86,-9767.5,-9897.3,-9941.82,-10064.94,12139.570000000002,61.13601331863048,
15358.0,3021949.66,1115672.42,-9917.51,-9534.33,-9693.89,-9767.53,-9897.32,-9941.85,-10064.96,12139.56,58.62357441512511,
15359.0,3021949.74,1115671.43,-9917.52,-9534.35,-9693.91,-9767.55,-9897.34,-9941.87,-10064.98,12139.56,63.03136196513452,
15360.0,3021949.83,1115670.43,-9917.53,-9534.37,-9693.93,-9767.57,-9897.36,-9941.89,-10065.0,12139.55,,
15361.0,3021949.91,1115669.44,-9917.55,-9534.39,-9693.95,-9767.59,-9897.39,-9941.91,-10065.03,12139.54,64.79447698513827,
15362.0,3021949.99,1115668.44,-9917.56,-9534.42,-9693.98,-9767.61,-9897.41,-9941.93,-10065.05,12139.53,61.59883101138146,
15363.0,3021950.07,1115667.44,-9917.58,-9534.44,-9694.0,-9767.64,-9897.43,-9941.96,-10065.07,12139.52,55.31773375261806,
15364.0,3021950.15,1115666.45,-9917.59,-9534.46,-9694.02,-9767.66,-9897.45,-9941.98,-10065.09,12139.51,58.16075672237413,
15365.0,3021950.23,1115665.45,-9917.6,-9534.48,-9694.04,-9767.68,-9897.47,-9942.0,-10065.11,12139.51,60.11120271325328,
15366.0,3021950.31,1115664.45,-9917.62,-9534.51,-9694.06,-9767.7,-9897.5,-9942.02,-10065.14,12139.5,65.23525574013922,
15367.0,3021950.39,1115663.46,-9917.63,-9534.53,-9694.09,-9767.72,-9897.52,-9942.04,-10065.16,12139.490000000002,,
15368.0,3021950.47,1115662.46,-9917.64,-9534.55,-9694.11,-9767.75,-9897.54,-9942.07,-10065.18,12139.48,61.521694729256296,
15369.0,3021950.55,1115661.46,-9917.65,-9534.57,-9694.13,-9767.77,-9897.56,-9942.09,-10065.2,12139.47,61.67596729350662,
15370.0,3021950.63,1115660.47,-9917.67,-9534.59,-9694.15,-9767.79,-9897.59,-9942.11,-10065.22,12139.46,65.23525574013922,
15371.0,3021950.71,1115659.47,-9917.68,-9534.62,-9694.17,-9767.81,-9897.61,-9942.13,-10065.25,12139.45,61.11397438088042,
15372.0,3021950.79,1115658.47,-9917.69,-9534.64,-9694.2,-9767.84,-9897.63,-9942.16,-10065.27,12139.44,58.62357441512511,
15373.0,3021950.87,1115657.47,-9917.7,-9534.66,-9694.22,-9767.86,-9897.65,-9942.18,-10065.29,12139.43,63.03136196513452,
15374.0,3021950.95,1115656.48,-9917.71,-9534.68,-9694.24,-9767.88,-9897.67,-9942.2,-10065.31,12139.42,,
15375.0,3021951.02,1115655.48,-9917.73,-9534.71,-9694.26,-9767.9,-9897.7,-9942.22,-10065.34,12139.41,,
15376.0,3021951.1,1115654.48,-9917.74,-9534.73,-9694.29,-9767.92,-9897.72,-9942.24,-10065.36,12139.4,,
15377.0,3021951.18,1115653.49,-9917.75,-9534.75,-9694.31,-9767.95,-9897.74,-9942.27,-10065.38,12139.38,59.6924628960024,
15378.0,3021951.26,1115652.49,-9917.76,-9534.77,-9694.33,-9767.97,-9897.76,-9942.29,-10065.4,12139.37,58.62357441512511,
15379.0,3021951.34,1115651.49,-9917.77,-9534.79,-9694.35,-9767.99,-9897.79,-9942.31,-10065.42,12139.36,,
15380.0,3021951.41,1115650.5,-9917.78,-9534.82,-9694.37,-9768.01,-9897.81,-9942.33,-10065.45,12139.35,,
15381.0,3021951.49,1115649.5,-9917.79,-9534.84,-9694.4,-9768.04,-9897.83,-9942.36,-10065.47,12139.34,,
15382.0,3021951.57,1115648.5,-9917.8,-9534.86,-9694.42,-9768.06,-9897.85,-9942.38,-10065.49,12139.33,,
15383.0,3021951.64,1115647.51,-9917.81,-9534.88,-9694.44,-9768.08,-9897.87,-9942.4,-10065.51,12139.320000000002,,
15384.0,3021951.72,1115646.51,-9917.82,-9534.9,-9694.46,-9768.1,-9897.9,-9942.42,-10065.54,12139.3,,
15385.0,3021951.8,1115645.51,-9917.83,-9534.93,-9694.49,-9768.12,-9897.92,-9942.44,-10065.56,12139.29,,
15386.0,3021951.87,1115644.51,-9917.84,-9534.95,-9694.51,-9768.15,-9897.94,-9942.47,-10065.58,12139.28,,
15387.0,3021951.95,1115643.52,-9917.85,-9534.97,-9694.53,-9768.17,-9897.96,-9942.49,-10065.6,12139.26,,
15388.0,3021952.02,1115642.52,-9917.86,-9534.99,-9694.55,-9768.19,-9897.98,-9942.51,-10065.62,12139.25,60.82746819012981,
15389.0,3021952.1,1115641.52,-9917.87,-9535.02,-9694.57,-9768.21,-9898.01,-9942.53,-10065.65,12139.240000000002,56.474777984495525,
15390.0,3021952.17,1115640.53,-9917.88,-9535.04,-9694.6,-9768.23,-9898.03,-9942.55,-10065.67,12139.23,55.31773375261806,
15391.0,3021952.25,1115639.53,-9917.89,-9535.06,-9694.62,-9768.26,-9898.05,-9942.58,-10065.69,12139.21,,
15392.0,3021952.32,1115638.53,-9917.89,-9535.08,-9694.64,-9768.28,-9898.07,-9942.6,-10065.71,12139.2,,
15393.0,3021952.4,1115637.53,-9917.9,-9535.1,-9694.66,-9768.3,-9898.1,-9942.62,-10065.73,12139.18,56.52987532887064,
15394.0,3021952.47,1115636.54,-9917.91,-9535.13,-9694.68,-9768.32,-9898.12,-9942.64,-10065.76,12139.17,58.62357441512511,
15395.0,3021952.55,1115635.54,-9917.92,-9535.15,-9694.71,-9768.35,-9898.14,-9942.67,-10065.78,12139.16,54.37005942936604,
15396.0,3021952.62,1115634.54,-9917.93,-9535.17,-9694.73,-9768.37,-9898.16,-9942.69,-10065.8,12139.14,53.11383997761335,
15397.0,3021952.69,1115633.55,-9917.93,-9535.19,-9694.75,-9768.39,-9898.18,-9942.71,-10065.82,12139.13,58.22687353562426,
15398.0,3021952.77,1115632.55,-9917.94,-9535.22,-9694.77,-9768.41,-9898.21,-9942.73,-10065.85,12139.11,60.82746819012981,
15399.0,3021952.84,1115631.55,-9917.95,-9535.24,-9694.8,-9768.43,-9898.23,-9942.75,-10065.87,12139.1,,
15400.0,3021952.91,1115630.55,-9917.96,-9535.26,-9694.82,-9768.46,-9898.25,-9942.78,-10065.89,12139.08,,
15401.0,3021952.99,1115629.56,-9917.96,-9535.28,-9694.84,-9768.48,-9898.27,-9942.8,-10065.91,12139.070000000002,,
15402.0,3021953.06,1115628.56,-9917.97,-9535.27,-9694.83,-9768.47,-9898.26,-9942.79,-10065.9,12139.09,,
15403.0,3021953.13,1115627.56,-9917.98,-9535.26,-9694.82,-9768.46,-9898.25,-9942.78,-10065.89,12139.1,59.75857970925254,
15404.0,3021953.2,1115626.56,-9917.98,-9535.25,-9694.8,-9768.44,-9898.24,-9942.76,-10065.88,12139.12,,
15405.0,3021953.28,1115625.57,-9917.99,-9535.23,-9694.79,-9768.43,-9898.23,-9942.75,-10065.87,12139.14,,
15406.0,3021953.35,1115624.57,-9917.99,-9535.22,-9694.78,-9768.42,-9898.21,-9942.74,-10065.85,12139.16,,
15407.0,3021953.42,1115623.57,-9918.0,-9535.21,-9694.77,-9768.41,-9898.2,-9942.73,-10065.84,12139.18,,
15408.0,3021953.49,1115622.57,-9918.01,-9535.2,-9694.76,-9768.4,-9898.19,-9942.72,-10065.83,12139.19,,
15409.0,3021953.56,1115621.58,-9918.01,-9535.19,-9694.75,-9768.39,-9898.18,-9942.71,-10065.82,12139.21,,
15410.0,3021953.63,1115620.58,-9918.02,-9535.18,-9694.73,-9768.37,-9898.17,-9942.69,-10065.81,12139.23,53.11383997761335,
15411.0,3021953.7,1115619.58,-9918.02,-9535.16,-9694.72,-9768.36,-9898.16,-9942.68,-10065.8,12139.25,,
15412.0,3021953.77,1115618.58,-9918.03,-9535.15,-9694.71,-9768.35,-9898.14,-9942.67,-10065.78,12139.26,58.62357441512511,
15413.0,3021953.84,1115617.59,-9918.03,-9535.14,-9694.7,-9768.33,-9898.13,-9942.65,-10065.77,12139.28,57.33429655674736,
15414.0,3021953.91,1115616.59,-9918.04,-9535.12,-9694.68,-9768.32,-9898.11,-9942.64,-10065.75,12139.3,53.11383997761335,
15415.0,3021953.98,1115615.59,-9918.04,-9535.11,-9694.67,-9768.31,-9898.1,-9942.63,-10065.74,12139.320000000002,,
15416.0,3021954.05,1115614.59,-9918.05,-9535.1,-9694.65,-9768.29,-9898.09,-9942.61,-10065.73,12139.34,54.09457270749045,
15417.0,3021954.12,1115613.6,-9918.05,-9535.08,-9694.64,-9768.28,-9898.07,-9942.6,-10065.71,12139.36,55.31773375261806,
15418.0,3021954.19,1115612.6,-9918.06,-9535.07,-9694.63,-9768.26,-9898.06,-9942.58,-10065.7,12139.38,53.62073554586443,
15419.0,3021954.26,1115611.6,-9918.06,-9535.05,-9694.61,-9768.25,-9898.05,-9942.57,-10065.68,12139.4,53.11383997761335,
15420.0,3021954.33,1115610.6,-9918.07,-9535.04,-9694.6,-9768.24,-9898.03,-9942.56,-10065.67,12139.41,54.6786045578667,
15421.0,3021954.41,1115609.61,-9918.07,-9535.03,-9694.58,-9768.22,-9898.02,-9942.54,-10065.66,12139.43,55.31773375261806,
15422.0,3021954.48,1115608.61,-9918.08,-9535.01,-9694.57,-9768.21,-9898.0,-9942.53,-10065.64,12139.45,,
15423.0,3021954.55,1115607.61,-9918.08,-9535.0,-9694.56,-9768.2,-9897.99,-9942.52,-10065.63,12139.47,58.11667884687402,
15424.0,3021954.62,1115606.61,-9918.09,-9534.98,-9694.54,-9768.18,-9897.98,-9942.5,-10065.62,12139.490000000002,58.62357441512511,
15425.0,3021954.69,1115605.62,-9918.09,-9534.97,-9694.53,-9768.17,-9897.96,-9942.49,-10065.6,12139.51,56.14419391824482,
15426.0,3021954.76,1115604.62,-9918.1,-9534.96,-9694.52,-9768.15,-9897.95,-9942.47,-10065.59,12139.53,55.31773375261806,
15427.0,3021954.83,1115603.62,-9918.1,-9534.94,-9694.5,-9768.14,-9897.93,-9942.46,-10065.57,12139.55,,
15428.0,3021954.9,1115602.62,-9918.11,-9534.93,-9694.49,-9768.13,-9897.92,-9942.45,-10065.56,12139.56,,
15429.0,3021954.97,1115601.63,-9918.11,-9534.92,-9694.47,-9768.11,-9897.91,-9942.43,-10065.55,12139.58,61.852278795507,
15430.0,3021955.04,1115600.63,-9918.11,-9534.9,-9694.46,-9768.1,-9897.89,-9942.42,-10065.53,12139.6,62.54650533463349,
15431.0,3021955.11,1115599.63,-9918.12,-9534.89,-9694.45,-9768.08,-9897.88,-9942.4,-10065.52,12139.62,60.82746819012981,
15432.0,3021955.18,1115598.63,-9918.12,-9534.87,-9694.43,-9768.07,-9897.87,-9942.39,-10065.5,12139.64,56.14419391824482,
15433.0,3021955.25,1115597.64,-9918.13,-9534.86,-9694.42,-9768.06,-9897.85,-9942.38,-10065.49,12139.66,55.31773375261806,
15434.0,3021955.32,1115596.64,-9918.13,-9534.85,-9694.4,-9768.04,-9897.84,-9942.36,-10065.48,12139.68,58.755808041625386,
15435.0,3021955.38,1115595.64,-9918.14,-9534.83,-9694.39,-9768.03,-9897.82,-9942.35,-10065.46,12139.69,,
15436.0,3021955.45,1115594.64,-9918.14,-9534.82,-9694.38,-9768.02,-9897.81,-9942.34,-10065.45,12139.71,63.03136196513452,
15437.0,3021955.52,1115593.65,-9918.15,-9534.8,-9694.36,-9768.0,-9897.8,-9942.32,-10065.44,12139.73,,
15438.0,3021955.59,1115592.65,-9918.15,-9534.79,-9694.35,-9767.99,-9897.78,-9942.31,-10065.42,12139.75,60.17731952650343,
15439.0,3021955.66,1115591.65,-9918.16,-9534.78,-9694.34,-9767.97,-9897.77,-9942.29,-10065.41,12139.77,58.62357441512511,
15440.0,3021955.73,1115590.65,-9918.16,-9534.76,-9694.32,-9767.96,-9897.75,-9942.28,-10065.39,12139.79,60.82746819012981,
15441.0,3021955.8,1115589.66,-9918.17,-9534.75,-9694.31,-9767.95,-9897.74,-9942.27,-10065.38,12139.8,60.47484518612906,
15442.0,3021955.87,1115588.66,-9918.17,-9534.74,-9694.29,-9767.93,-9897.73,-9942.25,-10065.37,12139.820000000002,58.62357441512511,
15443.0,3021955.94,1115587.66,-9918.17,-9534.72,-9694.28,-9767.92,-9897.71,-9942.24,-10065.35,12139.84,59.648385020502296,
15444.0,3021956.01,1115586.66,-9918.18,-9534.71,-9694.27,-9767.9,-9897.7,-9942.22,-10065.34,12139.86,60.82746819012981,
15445.0,3021956.08,1115585.67,-9918.18,-9534.69,-9694.25,-9767.89,-9897.69,-9942.21,-10065.32,12139.88,,
15446.0,3021956.15,1115584.67,-9918.19,-9534.68,-9694.24,-9767.88,-9897.67,-9942.2,-10065.31,12139.9,62.711797367758834,
15447.0,3021956.22,1115583.67,-9918.19,-9534.67,-9694.22,-9767.86,-9897.66,-9942.18,-10065.3,12139.91,63.03136196513452,
15448.0,3021956.29,1115582.67,-9918.2,-9534.65,-9694.21,-9767.85,-9897.64,-9942.17,-10065.28,12139.93,65.23525574013922,
15449.0,3021956.36,1115581.68,-9918.2,-9534.64,-9694.2,-9767.84,-9897.63,-9942.16,-10065.27,12139.95,,
15450.0,3021956.43,1115580.68,-9918.21,-9534.62,-9694.18,-9767.82,-9897.62,-9942.14,-10065.26,12139.97,,
15451.0,3021956.5,1115579.68,-9918.21,-9534.61,-9694.17,-9767.81,-9897.6,-9942.13,-10065.24,12139.990000000002,58.62357441512511,
15452.0,3021956.57,1115578.68,-9918.21,-9534.6,-9694.16,-9767.79,-9897.59,-9942.11,-10065.23,12140.01,,
15453.0,3021956.64,1115577.69,-9918.22,-9534.58,-9694.14,-9767.78,-9897.57,-9942.1,-10065.21,12140.02,60.13324165100333,
15454.0,3021956.71,1115576.69,-9918.22,-9534.57,-9694.13,-9767.77,-9897.56,-9942.09,-10065.2,12140.04,63.47214072013545,
15455.0,3021956.78,1115575.69,-9918.23,-9534.56,-9694.11,-9767.75,-9897.55,-9942.07,-10065.19,12140.06,65.23525574013922,
15456.0,3021956.84,1115574.69,-9918.23,-9534.54,-9694.1,-9767.74,-9897.53,-9942.06,-10065.17,12140.08,,
15457.0,3021956.91,1115573.69,-9918.24,-9534.53,-9694.09,-9767.72,-9897.52,-9942.04,-10065.16,12140.1,60.82746819012981,
15458.0,3021956.98,1115572.7,-9918.24,-9534.51,-9694.07,-9767.71,-9897.51,-9942.03,-10065.14,12140.11,,
15459.0,3021957.05,1115571.7,-9918.24,-9534.5,-9694.06,-9767.7,-9897.49,-9942.02,-10065.13,12140.13,63.03136196513452,
15460.0,3021957.12,1115570.7,-9918.25,-9534.49,-9694.04,-9767.68,-9897.48,-9942.0,-10065.12,12140.15,66.48045572301687,
15461.0,3021957.19,1115569.7,-9918.25,-9534.47,-9694.03,-9767.67,-9897.46,-9941.99,-10065.1,12140.17,66.70084510051736,
15462.0,3021957.26,1115568.71,-9918.26,-9534.46,-9694.02,-9767.66,-9897.45,-9941.98,-10065.09,12140.19,65.23525574013922,
15463.0,3021957.33,1115567.71,-9918.26,-9534.44,-9694.0,-9767.64,-9897.44,-9941.96,-10065.08,12140.2,61.49965579150625,
15464.0,3021957.4,1115566.71,-9918.26,-9534.43,-9693.99,-9767.63,-9897.42,-9941.95,-10065.06,12140.22,65.87438493489059,
15465.0,3021957.47,1115565.71,-9918.27,-9534.42,-9693.98,-9767.61,-9897.41,-9941.93,-10065.05,12140.240000000002,67.91298667676993,
15466.0,3021957.54,1115564.72,-9918.27,-9534.4,-9693.96,-9767.6,-9897.39,-9941.92,-10065.03,12140.26,69.64304329014863,
15467.0,3021957.6,1115563.72,-9918.28,-9534.39,-9693.95,-9767.59,-9897.38,-9941.91,-10065.02,12140.28,71.84693706515334,
15468.0,3021957.67,1115562.72,-9918.28,-9534.38,-9693.93,-9767.57,-9897.37,-9941.89,-10065.01,12140.29,68.6512910913965,
15469.0,3021957.74,1115561.72,-9918.28,-9534.36,-9693.92,-9767.56,-9897.35,-9941.88,-10064.99,12140.31,63.93495841288644,
15470.0,3021957.81,1115560.73,-9918.29,-9534.35,-9693.91,-9767.54,-9897.34,-9941.86,-10064.98,12140.33,67.43914951514392,
15471.0,3021957.88,1115559.73,-9918.29,-9534.33,-9693.89,-9767.53,-9897.33,-9941.85,-10064.96,12140.35,75.15277772766039,
15472.0,3021957.95,1115558.73,-9918.3,-9534.32,-9693.88,-9767.52,-9897.31,-9941.84,-10064.95,12140.36,67.45016898401894,
15473.0,3021958.02,1115557.73,-9918.3,-9534.31,-9693.86,-9767.5,-9897.3,-9941.82,-10064.94,12140.38,65.23525574013922,
15474.0,3021958.09,1115556.74,-9918.3,-9534.29,-9693.85,-9767.49,-9897.28,-9941.81,-10064.92,12140.4,67.10856544889323,
15475.0,3021958.15,1115555.74,-9918.31,-9534.28,-9693.84,-9767.48,-9897.27,-9941.8,-10064.91,12140.42,67.43914951514392,
15476.0,3021958.22,1115554.74,-9918.31,-9534.26,-9693.82,-9767.46,-9897.26,-9941.78,-10064.9,12140.44,69.0700309086474,
15477.0,3021958.29,1115553.74,-9918.32,-9534.25,-9693.81,-9767.45,-9897.24,-9941.77,-10064.88,12140.45,71.84693706515334,
15478.0,3021958.36,1115552.75,-9918.32,-9534.24,-9693.8,-9767.43,-9897.23,-9941.75,-10064.87,12140.47,65.23525574013922,
15479.0,3021958.43,1115551.75,-9918.32,-9534.22,-9693.78,-9767.42,-9897.21,-9941.74,-10064.85,12140.490000000002,65.65399555739012,
15480.0,3021958.5,1115550.75,-9918.33,-9534.21,-9693.77,-9767.41,-9897.2,-9941.73,-10064.84,12140.51,67.43914951514392,
15481.0,3021958.57,1115549.75,-9918.33,-9534.2,-9693.75,-9767.39,-9897.19,-9941.71,-10064.83,12140.52,,
15482.0,3021958.63,1115548.75,-9918.34,-9534.18,-9693.74,-9767.38,-9897.17,-9941.7,-10064.81,12140.54,65.69807343289021,
15483.0,3021958.7,1115547.76,-9918.34,-9534.17,-9693.73,-9767.37,-9897.16,-9941.68,-10064.8,12140.56,66.97633182239294,
15484.0,3021958.77,1115546.76,-9918.34,-9534.15,-9693.71,-9767.35,-9897.15,-9941.67,-10064.78,12140.58,69.64304329014863,
15485.0,3021958.84,1115545.76,-9918.35,-9534.14,-9693.7,-9767.34,-9897.13,-9941.66,-10064.77,12140.59,67.51628579726908,
15486.0,3021958.91,1115544.76,-9918.35,-9534.13,-9693.68,-9767.32,-9897.12,-9941.64,-10064.76,12140.61,65.84132652826551,
15487.0,3021958.98,1115543.77,-9918.35,-9534.11,-9693.67,-9767.31,-9897.1,-9941.63,-10064.74,12140.63,69.64304329014863,
15488.0,3021959.05,1115542.77,-9918.36,-9534.1,-9693.66,-9767.3,-9897.09,-9941.62,-10064.73,12140.65,65.23525574013922,
15489.0,3021959.11,1115541.77,-9918.36,-9534.08,-9693.64,-9767.28,-9897.08,-9941.6,-10064.72,12140.66,66.65676722501725,
15490.0,3021959.18,1115540.77,-9918.36,-9534.07,-9693.63,-9767.27,-9897.06,-9941.59,-10064.7,12140.68,67.43914951514392,
15491.0,3021959.25,1115539.78,-9918.37,-9534.06,-9693.62,-9767.25,-9897.05,-9941.57,-10064.69,12140.7,65.57685927526495,
15492.0,3021959.32,1115538.78,-9918.37,-9534.04,-9693.6,-9767.24,-9897.03,-9941.56,-10064.67,12140.72,,
15493.0,3021959.39,1115537.78,-9918.38,-9534.03,-9693.59,-9767.23,-9897.02,-9941.55,-10064.66,12140.73,67.10856544889323,
15494.0,3021959.45,1115536.78,-9918.38,-9534.02,-9693.57,-9767.21,-9897.01,-9941.53,-10064.65,12140.75,65.23525574013922,
15495.0,3021959.52,1115535.78,-9918.38,-9534.0,-9693.56,-9767.2,-9896.99,-9941.52,-10064.63,12140.77,67.0975459800182,
15496.0,3021959.59,1115534.79,-9918.39,-9533.99,-9693.55,-9767.19,-9896.98,-9941.5,-10064.62,12140.79,67.43914951514392,
15497.0,3021959.66,1115533.79,-9918.39,-9533.97,-9693.53,-9767.17,-9896.97,-9941.49,-10064.6,12140.8,,
15498.0,3021959.73,1115532.79,-9918.39,-9533.96,-9693.52,-9767.16,-9896.95,-9941.48,-10064.59,12140.820000000002,68.5080379960212,
15499.0,3021959.8,1115531.79,-9918.4,-9533.95,-9693.5,-9767.14,-9896.94,-9941.46,-10064.58,12140.84,69.64304329014863,
15500.0,3021959.86,1115530.8,-9918.4,-9533.93,-9693.49,-9767.13,-9896.92,-9941.45,-10064.56,12140.86,71.84693706515334,
15501.0,3021959.93,1115529.8,-9918.4,-9533.92,-9693.48,-9767.12,-9896.91,-9941.44,-10064.55,12140.87,65.23525574013922,
15502.0,3021960.0,1115528.8,-9918.41,-9533.9,-9693.46,-9767.1,-9896.9,-9941.42,-10064.54,12140.89,,
15503.0,3021960.07,1115527.8,-9918.41,-9533.89,-9693.45,-9767.09,-9896.88,-9941.41,-10064.52,12140.91,66.94327341576786,
15504.0,3021960.14,1115526.81,-9918.41,-9533.88,-9693.44,-9767.07,-9896.87,-9941.39,-10064.51,12140.92,66.41433890976673,
15505.0,3021960.2,1115525.81,-9918.42,-9533.86,-9693.42,-9767.06,-9896.85,-9941.38,-10064.49,12140.94,65.23525574013922,
15506.0,3021960.27,1115524.81,-9918.42,-9533.85,-9693.41,-9767.05,-9896.84,-9941.37,-10064.48,12140.96,65.7862291838904,
15507.0,3021960.34,1115523.81,-9918.42,-9533.84,-9693.39,-9767.03,-9896.83,-9941.35,-10064.47,12140.98,,
15508.0,3021960.41,1115522.82,-9918.43,-9533.82,-9693.38,-9767.02,-9896.81,-9941.34,-10064.45,12140.990000000002,,
15509.0,3021960.47,1115521.82,-9918.43,-9533.81,-9693.37,-9767.01,-9896.8,-9941.32,-10064.44,12141.01,70.88824327302628,
15510.0,3021960.54,1115520.82,-9918.43,-9533.79,-9693.35,-9766.99,-9896.79,-9941.31,-10064.42,12141.03,71.84693706515334,
15511.0,3021960.61,1115519.82,-9918.44,-9533.78,-9693.34,-9766.98,-9896.77,-9941.3,-10064.41,12141.05,,
15512.0,3021960.67,1115518.82,-9918.44,-9533.77,-9693.32,-9766.96,-9896.76,-9941.28,-10064.4,12141.06,62.62364161675865,
15513.0,3021960.74,1115517.83,-9918.45,-9533.75,-9693.31,-9766.95,-9896.74,-9941.27,-10064.38,12141.08,60.82746819012981,
15514.0,3021960.81,1115516.83,-9918.45,-9533.74,-9693.3,-9766.94,-9896.73,-9941.26,-10064.37,12141.1,,
15515.0,3021960.87,1115515.83,-9918.45,-9533.72,-9693.28,-9766.92,-9896.72,-9941.24,-10064.36,12141.12,,
15516.0,3021960.94,1115514.83,-9918.46,-9533.71,-9693.27,-9766.91,-9896.7,-9941.23,-10064.34,12141.14,62.0396097663824,
15517.0,3021961.0,1115513.83,-9918.46,-9533.7,-9693.26,-9766.89,-9896.69,-9941.21,-10064.33,12141.15,64.04515310163669,
15518.0,3021961.07,1115512.84,-9918.47,-9533.68,-9693.24,-9766.88,-9896.67,-9941.2,-10064.31,12141.17,65.23525574013922,
15519.0,3021961.13,1115511.84,-9918.47,-9533.67,-9693.23,-9766.87,-9896.66,-9941.19,-10064.3,12141.19,61.73106463788174,
15520.0,3021961.2,1115510.84,-9918.48,-9533.66,-9693.21,-9766.85,-9896.65,-9941.17,-10064.29,12141.21,60.82746819012981,
15521.0,3021961.26,1115509.84,-9918.48,-9533.64,-9693.2,-9766.84,-9896.63,-9941.16,-10064.27,12141.23,61.279266414005775,
15522.0,3021961.33,1115508.85,-9918.48,-9533.63,-9693.19,-9766.83,-9896.62,-9941.14,-10064.26,12141.25,64.07821150826176,
15523.0,3021961.39,1115507.85,-9918.49,-9533.61,-9693.17,-9766.81,-9896.61,-9941.13,-10064.24,12141.26,61.67596729350662,
15524.0,3021961.46,1115506.85,-9918.49,-9533.6,-9693.16,-9766.8,-9896.59,-9941.12,-10064.23,12141.28,60.52994253050417,
15525.0,3021961.52,1115505.85,-9918.5,-9533.59,-9693.14,-9766.78,-9896.58,-9941.1,-10064.22,12141.3,64.25452301026213,
15526.0,3021961.58,1115504.85,-9918.5,-9533.57,-9693.13,-9766.77,-9896.56,-9941.09,-10064.2,12141.320000000002,62.2710186127579,
15527.0,3021961.65,1115503.86,-9918.51,-9533.56,-9693.12,-9766.76,-9896.55,-9941.08,-10064.19,12141.34,56.518855859995625,
15528.0,3021961.71,1115502.86,-9918.52,-9533.54,-9693.1,-9766.74,-9896.54,-9941.06,-10064.18,12141.36,62.2710186127579,
15529.0,3021961.77,1115501.86,-9918.52,-9533.53,-9693.09,-9766.73,-9896.52,-9941.05,-10064.16,12141.38,59.58226820725215,
15530.0,3021961.83,1115500.86,-9918.53,-9533.52,-9693.08,-9766.71,-9896.51,-9941.03,-10064.15,12141.4,60.12222218212831,
15531.0,3021961.9,1115499.86,-9918.53,-9533.5,-9693.06,-9766.7,-9896.49,-9941.02,-10064.13,12141.42,58.62357441512511,
15532.0,3021961.96,1115498.87,-9918.54,-9533.49,-9693.05,-9766.69,-9896.48,-9941.01,-10064.12,12141.44,59.967949617877984,
15533.0,3021962.02,1115497.87,-9918.54,-9533.48,-9693.03,-9766.67,-9896.47,-9940.99,-10064.11,12141.46,60.82746819012981,
15534.0,3021962.08,1115496.87,-9918.55,-9533.46,-9693.02,-9766.66,-9896.45,-9940.98,-10064.09,12141.48,58.62357441512511,
15535.0,3021962.14,1115495.87,-9918.55,-9533.45,-9693.01,-9766.65,-9896.44,-9940.96,-10064.08,12141.5,55.31773375261806,
15536.0,3021962.21,1115494.87,-9918.56,-9533.43,-9692.99,-9766.63,-9896.43,-9940.95,-10064.06,12141.52,59.49411245625196,
15537.0,3021962.27,1115493.88,-9918.57,-9533.42,-9692.98,-9766.62,-9896.41,-9940.94,-10064.05,12141.54,53.11383997761335,
15538.0,3021962.33,1115492.88,-9918.57,-9533.41,-9692.96,-9766.6,-9896.4,-9940.92,-10064.04,12141.56,,
15539.0,3021962.39,1115491.88,-9918.58,-9533.39,-9692.95,-9766.59,-9896.38,-9940.91,-10064.02,12141.58,,
15540.0,3021962.45,1115490.88,-9918.59,-9533.38,-9692.94,-9766.58,-9896.37,-9940.9,-10064.01,12141.6,57.5877443408729,
15541.0,3021962.51,1115489.88,-9918.59,-9533.36,-9692.92,-9766.56,-9896.36,-9940.88,-10064.0,12141.62,59.405956705251775,
15542.0,3021962.57,1115488.88,-9918.6,-9533.37,-9692.93,-9766.57,-9896.36,-9940.89,-10064.0,12141.62,60.82746819012981,
15543.0,3021962.63,1115487.89,-9918.61,-9533.38,-9692.94,-9766.58,-9896.37,-9940.9,-10064.01,12141.62,58.98721688800089,
15544.0,3021962.69,1115486.89,-9918.61,-9533.39,-9692.94,-9766.58,-9896.38,-9940.9,-10064.02,12141.62,58.62357441512511,
15545.0,3021962.75,1115485.89,-9918.62,-9533.39,-9692.95,-9766.59,-9896.38,-9940.91,-10064.02,12141.62,,
15546.0,3021962.81,1115484.89,-9918.63,-9533.4,-9692.96,-9766.6,-9896.39,-9940.92,-10064.03,12141.62,60.82746819012981,
15547.0,3021962.86,1115483.89,-9918.63,-9533.41,-9692.97,-9766.6,-9896.4,-9940.92,-10064.04,12141.62,55.31773375261806,
15548.0,3021962.92,1115482.9,-9918.64,-9533.41,-9692.97,-9766.61,-9896.41,-9940.93,-10064.04,12141.62,57.30123815012229,
15549.0,3021962.98,1115481.9,-9918.65,-9533.42,-9692.98,-9766.62,-9896.41,-9940.94,-10064.05,12141.62,60.82746819012981,
15550.0,3021963.04,1115480.9,-9918.65,-9533.43,-9692.99,-9766.63,-9896.42,-9940.95,-10064.06,12141.62,63.03136196513452,
15551.0,3021963.1,1115479.9,-9918.66,-9533.44,-9692.99,-9766.63,-9896.43,-9940.95,-10064.07,12141.62,,
15552.0,3021963.15,1115478.9,-9918.67,-9533.44,-9693.0,-9766.64,-9896.44,-9940.96,-10064.07,12141.61,61.95145401538221,
15553.0,3021963.21,1115477.9,-9918.68,-9533.45,-9693.01,-9766.65,-9896.45,-9940.97,-10064.08,12141.61,60.82746819012981,
15554.0,3021963.27,1115476.91,-9918.69,-9533.46,-9693.02,-9766.66,-9896.45,-9940.98,-10064.09,12141.61,55.31773375261806,
15555.0,3021963.33,1115475.91,-9918.69,-9533.47,-9693.03,-9766.67,-9896.46,-9940.99,-10064.1,12141.61,54.348020491615976,
15556.0,3021963.38,1115474.91,-9918.7,-9533.48,-9693.04,-9766.68,-9896.47,-9941.0,-10064.11,12141.61,53.11383997761335,
15557.0,3021963.44,1115473.91,-9918.71,-9533.49,-9693.05,-9766.69,-9896.48,-9941.01,-10064.12,12141.61,58.62357441512511,
15558.0,3021963.5,1115472.91,-9918.72,-9533.5,-9693.06,-9766.7,-9896.49,-9941.02,-10064.13,12141.61,,
15559.0,3021963.55,1115471.91,-9918.72,-9533.51,-9693.07,-9766.71,-9896.5,-9941.03,-10064.14,12141.6,60.320572621878725,
15560.0,3021963.61,1115470.91,-9918.73,-9533.52,-9693.08,-9766.72,-9896.51,-9941.04,-10064.15,12141.6,60.82746819012981,
15561.0,3021963.66,1115469.92,-9918.74,-9533.53,-9693.09,-9766.73,-9896.52,-9941.05,-10064.16,12141.6,,
15562.0,3021963.72,1115468.92,-9918.75,-9533.54,-9693.1,-9766.74,-9896.53,-9941.05,-10064.17,12141.6,,
15563.0,3021963.77,1115467.92,-9918.76,-9533.55,-9693.11,-9766.74,-9896.54,-9941.06,-10064.18,12141.6,,
15564.0,3021963.83,1115466.92,-9918.77,-9533.56,-9693.12,-9766.75,-9896.55,-9941.07,-10064.19,12141.6,60.51892306162916,
15565.0,3021963.88,1115465.92,-9918.78,-9533.57,-9693.12,-9766.76,-9896.56,-9941.08,-10064.2,12141.6,58.62357441512511,
15566.0,3021963.94,1115464.92,-9918.78,-9533.58,-9693.13,-9766.77,-9896.57,-9941.09,-10064.21,12141.6,,
15567.0,3021963.99,1115463.93,-9918.79,-9533.58,-9693.14,-9766.78,-9896.58,-9941.1,-10064.22,12141.6,60.948682347755074,
15568.0,3021964.05,1115462.93,-9918.8,-9533.59,-9693.15,-9766.79,-9896.59,-9941.11,-10064.22,12141.6,62.711797367758834,
15569.0,3021964.1,1115461.93,-9918.81,-9533.6,-9693.16,-9766.8,-9896.59,-9941.12,-10064.23,12141.6,60.82746819012981,
15570.0,3021964.15,1115460.93,-9918.82,-9533.61,-9693.17,-9766.81,-9896.6,-9941.13,-10064.24,12141.6,,
15571.0,3021964.21,1115459.93,-9918.83,-9533.62,-9693.18,-9766.82,-9896.61,-9941.14,-10064.25,12141.6,55.31773375261806,
15572.0,3021964.26,1115458.93,-9918.84,-9533.63,-9693.19,-9766.83,-9896.62,-9941.15,-10064.26,12141.6,56.331524889120224,
15573.0,3021964.31,1115457.93,-9918.85,-9533.64,-9693.2,-9766.84,-9896.63,-9941.16,-10064.27,12141.6,60.82746819012981,
15574.0,3021964.37,1115456.94,-9918.86,-9533.65,-9693.21,-9766.85,-9896.64,-9941.17,-10064.28,12141.6,,
15575.0,3021964.42,1115455.94,-9918.87,-9533.66,-9693.22,-9766.86,-9896.65,-9941.18,-10064.29,12141.6,,
15576.0,3021964.47,1115454.94,-9918.88,-9533.67,-9693.23,-9766.87,-9896.66,-9941.19,-10064.3,12141.6,54.8659355287421,
15577.0,3021964.52,1115453.94,-9918.89,-9533.68,-9693.24,-9766.88,-9896.67,-9941.2,-10064.31,12141.6,57.75303637399825,
15578.0,3021964.58,1115452.94,-9918.9,-9533.69,-9693.25,-9766.88,-9896.68,-9941.2,-10064.32,12141.6,58.62357441512511,
15579.0,3021964.63,1115451.94,-9918.91,-9533.7,-9693.26,-9766.89,-9896.69,-9941.21,-10064.33,12141.6,50.0945055058569,
15580.0,3021964.68,1115450.94,-9918.92,-9533.71,-9693.26,-9766.9,-9896.7,-9941.22,-10064.34,12141.6,58.91008060587571,
15581.0,3021964.73,1115449.95,-9918.93,-9533.72,-9693.27,-9766.91,-9896.71,-9941.23,-10064.35,12141.6,60.82746819012981,
15582.0,3021964.78,1115448.95,-9918.94,-9533.72,-9693.28,-9766.92,-9896.72,-9941.24,-10064.36,12141.6,,
15583.0,3021964.83,1115447.95,-9918.95,-9533.73,-9693.29,-9766.93,-9896.73,-9941.25,-10064.36,12141.6,56.23234966924501,
15584.0,3021964.88,1115446.95,-9918.96,-9533.74,-9693.3,-9766.94,-9896.73,-9941.26,-10064.37,12141.6,56.35356382687026,
15585.0,3021964.93,1115445.95,-9918.97,-9533.75,-9693.31,-9766.95,-9896.74,-9941.27,-10064.38,12141.61,60.82746819012981,
15586.0,3021964.98,1115444.95,-9918.98,-9533.76,-9693.32,-9766.96,-9896.75,-9941.28,-10064.39,12141.61,,
15587.0,3021965.03,1115443.95,-9918.99,-9533.77,-9693.33,-9766.97,-9896.76,-9941.29,-10064.4,12141.61,63.03136196513452,
15588.0,3021965.08,1115442.96,-9919.0,-9533.78,-9693.34,-9766.98,-9896.77,-9941.3,-10064.41,12141.61,,
15589.0,3021965.13,1115441.96,-9919.01,-9533.79,-9693.35,-9766.99,-9896.78,-9941.31,-10064.42,12141.61,58.62357441512511,
15590.0,3021965.18,1115440.96,-9919.02,-9533.8,-9693.36,-9767.0,-9896.79,-9941.32,-10064.43,12141.61,58.281970879999385,
15591.0,3021965.23,1115439.96,-9919.03,-9533.81,-9693.37,-9767.01,-9896.8,-9941.33,-10064.44,12141.61,53.11383997761335,
15592.0,3021965.28,1115438.96,-9919.04,-9533.82,-9693.38,-9767.02,-9896.81,-9941.34,-10064.45,12141.62,,
15593.0,3021965.33,1115437.96,-9919.06,-9533.83,-9693.39,-9767.02,-9896.82,-9941.34,-10064.46,12141.62,55.31773375261806,
15594.0,3021965.37,1115436.96,-9919.07,-9533.84,-9693.4,-9767.03,-9896.83,-9941.35,-10064.47,12141.62,,
15595.0,3021965.42,1115435.96,-9919.08,-9533.85,-9693.4,-9767.04,-9896.84,-9941.36,-10064.48,12141.62,53.11383997761335,
15596.0,3021965.47,1115434.97,-9919.09,-9533.86,-9693.41,-9767.05,-9896.85,-9941.37,-10064.49,12141.62,56.41968064012041,
15597.0,3021965.52,1115433.97,-9919.1,-9533.86,-9693.42,-9767.06,-9896.86,-9941.38,-10064.5,12141.63,58.62357441512511,
15598.0,3021965.57,1115432.97,-9919.11,-9533.87,-9693.43,-9767.07,-9896.87,-9941.39,-10064.5,12141.63,,
15599.0,3021965.61,1115431.97,-9919.13,-9533.88,-9693.44,-9767.08,-9896.87,-9941.4,-10064.51,12141.63,,
15600.0,3021965.66,1115430.97,-9919.14,-9533.89,-9693.45,-9767.09,-9896.88,-9941.41,-10064.52,12141.63,55.824629320869136,
15601.0,3021965.71,1115429.97,-9919.15,-9533.9,-9693.46,-9767.1,-9896.89,-9941.42,-10064.53,12141.64,55.31773375261806,
15602.0,3021965.75,1115428.97,-9919.16,-9533.91,-9693.47,-9767.11,-9896.9,-9941.43,-10064.54,12141.64,,
15603.0,3021965.8,1115427.97,-9919.17,-9533.92,-9693.48,-9767.12,-9896.91,-9941.44,-10064.55,12141.64,,
15604.0,3021965.85,1115426.97,-9919.19,-9533.93,-9693.49,-9767.13,-9896.92,-9941.45,-10064.56,12141.64,53.11383997761335,
15605.0,3021965.89,1115425.98,-9919.2,-9533.94,-9693.5,-9767.14,-9896.93,-9941.46,-10064.57,12141.65,,
15606.0,3021965.94,1115424.98,-9919.21,-9533.95,-9693.51,-9767.15,-9896.94,-9941.47,-10064.58,12141.65,,
15607.0,3021965.98,1115423.98,-9919.22,-9533.96,-9693.52,-9767.16,-9896.95,-9941.48,-10064.59,12141.65,57.83017265612342,
15608.0,3021966.03,1115422.98,-9919.23,-9533.97,-9693.53,-9767.16,-9896.96,-9941.48,-10064.6,12141.65,54.99816915524237,
15609.0,3021966.07,1115421.98,-9919.25,-9533.98,-9693.54,-9767.17,-9896.97,-9941.49,-10064.61,12141.66,48.70605242760395,
15610.0,3021966.12,1115420.98,-9919.26,-9533.99,-9693.54,-9767.18,-9896.98,-9941.5,-10064.62,12141.66,55.31773375261806,
15611.0,3021966.16,1115419.98,-9919.27,-9534.0,-9693.55,-9767.19,-9896.99,-9941.51,-10064.63,12141.66,52.08902937223616,
15612.0,3021966.21,1115418.98,-9919.28,-9534.01,-9693.56,-9767.2,-9897.0,-9941.52,-10064.64,12141.66,50.56834266748292,
15613.0,3021966.25,1115417.98,-9919.29,-9534.01,-9693.57,-9767.21,-9897.01,-9941.53,-10064.64,12141.67,51.85762052586068,
15614.0,3021966.3,1115416.99,-9919.31,-9534.02,-9693.58,-9767.22,-9897.01,-9941.54,-10064.65,12141.67,55.31773375261806,
15615.0,3021966.34,1115415.99,-9919.32,-9534.03,-9693.59,-9767.23,-9897.02,-9941.55,-10064.66,12141.67,,
15616.0,3021966.39,1115414.99,-9919.33,-9534.04,-9693.6,-9767.24,-9897.03,-9941.56,-10064.67,12141.67,,
15617.0,3021966.43,1115413.99,-9919.34,-9534.05,-9693.61,-9767.25,-9897.04,-9941.57,-10064.68,12141.68,,
15618.0,3021966.48,1115412.99,-9919.35,-9534.06,-9693.62,-9767.26,-9897.05,-9941.58,-10064.69,12141.68,50.90994620260865,
15619.0,3021966.52,1115411.99,-9919.36,-9534.07,-9693.63,-9767.27,-9897.06,-9941.59,-10064.7,12141.68,48.70605242760395,
15620.0,3021966.56,1115410.99,-9919.38,-9534.08,-9693.64,-9767.28,-9897.07,-9941.6,-10064.71,12141.68,46.50215865259924,
15621.0,3021966.61,1115409.99,-9919.39,-9534.09,-9693.65,-9767.29,-9897.08,-9941.61,-10064.72,12141.69,,
15622.0,3021966.65,1115408.99,-9919.4,-9534.1,-9693.66,-9767.3,-9897.09,-9941.62,-10064.73,12141.69,42.75553923509124,
15623.0,3021966.69,1115407.99,-9919.41,-9534.11,-9693.67,-9767.3,-9897.1,-9941.62,-10064.74,12141.69,43.05306489471688,
15624.0,3021966.74,1115407.0,-9919.42,-9534.12,-9693.68,-9767.31,-9897.11,-9941.63,-10064.75,12141.69,48.70605242760395,
15625.0,3021966.78,1115406.0,-9919.43,-9534.13,-9693.68,-9767.32,-9897.12,-9941.64,-10064.76,12141.7,52.9926258199881,
15626.0,3021966.82,1115405.0,-9919.45,-9534.14,-9693.69,-9767.33,-9897.13,-9941.65,-10064.77,12141.7,55.31773375261806,
15627.0,3021966.86,1115404.0,-9919.46,-9534.15,-9693.7,-9767.34,-9897.14,-9941.66,-10064.78,12141.7,53.11383997761335,
15628.0,3021966.91,1115403.0,-9919.47,-9534.15,-9693.71,-9767.35,-9897.15,-9941.67,-10064.78,12141.7,,
15629.0,3021966.95,1115402.0,-9919.48,-9534.16,-9693.72,-9767.36,-9897.16,-9941.68,-10064.79,12141.71,54.98714968636735,
15630.0,3021966.99,1115401.0,-9919.49,-9534.17,-9693.73,-9767.37,-9897.16,-9941.69,-10064.8,12141.71,55.31773375261806,
15631.0,3021967.03,1115400.0,-9919.51,-9534.18,-9693.74,-9767.38,-9897.17,-9941.7,-10064.81,12141.71,53.11383997761335,
15632.0,3021967.08,1115399.0,-9919.52,-9534.19,-9693.75,-9767.39,-9897.18,-9941.71,-10064.82,12141.71,51.37276389535964,
15633.0,3021967.12,1115398.0,-9919.53,-9534.2,-9693.76,-9767.4,-9897.19,-9941.72,-10064.83,12141.72,50.22673913235719,
15634.0,3021967.16,1115397.01,-9919.54,-9534.21,-9693.77,-9767.41,-9897.2,-9941.73,-10064.84,12141.72,46.50215865259924,
15635.0,3021967.2,1115396.01,-9919.55,-9534.22,-9693.78,-9767.42,-9897.21,-9941.74,-10064.85,12141.72,,
15636.0,3021967.24,1115395.01,-9919.56,-9534.23,-9693.79,-9767.43,-9897.22,-9941.75,-10064.86,12141.72,44.783121508095576,
15637.0,3021967.28,1115394.01,-9919.57,-9534.24,-9693.8,-9767.44,-9897.23,-9941.76,-10064.87,12141.72,44.94841354122092,
15638.0,3021967.32,1115393.01,-9919.59,-9534.25,-9693.81,-9767.45,-9897.24,-9941.76,-10064.88,12141.73,48.70605242760395,
15639.0,3021967.36,1115392.01,-9919.6,-9534.26,-9693.82,-9767.45,-9897.25,-9941.77,-10064.89,12141.73,50.11654444360696,
15640.0,3021967.4,1115391.01,-9919.61,-9534.27,-9693.83,-9767.46,-9897.26,-9941.78,-10064.9,12141.73,50.90994620260865,
15641.0,3021967.44,1115390.01,-9919.62,-9534.28,-9693.83,-9767.47,-9897.27,-9941.79,-10064.91,12141.73,,
15642.0,3021967.49,1115389.01,-9919.63,-9534.29,-9693.84,-9767.48,-9897.28,-9941.8,-10064.92,12141.740000000002,,
15643.0,3021967.53,1115388.01,-9919.64,-9534.29,-9693.85,-9767.49,-9897.29,-9941.81,-10064.93,12141.740000000002,53.73093023461468,
15644.0,3021967.57,1115387.01,-9919.66,-9534.3,-9693.86,-9767.5,-9897.3,-9941.82,-10064.93,12141.740000000002,56.49681692224557,
15645.0,3021967.6,1115386.02,-9919.67,-9534.31,-9693.87,-9767.51,-9897.3,-9941.83,-10064.94,12141.740000000002,60.82746819012981,
15646.0,3021967.64,1115385.02,-9919.68,-9534.32,-9693.88,-9767.52,-9897.31,-9941.84,-10064.95,12141.740000000002,,
15647.0,3021967.68,1115384.02,-9919.69,-9534.33,-9693.89,-9767.53,-9897.32,-9941.85,-10064.96,12141.75,50.90994620260865,
15648.0,3021967.72,1115383.02,-9919.7,-9534.34,-9693.9,-9767.54,-9897.33,-9941.86,-10064.97,12141.75,48.70605242760395,
15649.0,3021967.76,1115382.02,-9919.71,-9534.35,-9693.91,-9767.55,-9897.34,-9941.87,-10064.98,12141.75,,
15650.0,3021967.8,1115381.02,-9919.72,-9534.36,-9693.92,-9767.56,-9897.35,-9941.88,-10064.99,12141.75,44.981471947846,
15651.0,3021967.84,1115380.02,-9919.74,-9534.37,-9693.93,-9767.57,-9897.36,-9941.89,-10065.0,12141.75,44.29826487759454,
15652.0,3021967.88,1115379.02,-9919.75,-9534.38,-9693.94,-9767.58,-9897.37,-9941.9,-10065.01,12141.76,,
15653.0,3021967.92,1115378.02,-9919.76,-9534.39,-9693.95,-9767.59,-9897.38,-9941.91,-10065.02,12141.76,46.51317812147427,
15654.0,3021967.96,1115377.02,-9919.77,-9534.4,-9693.96,-9767.59,-9897.39,-9941.91,-10065.03,12141.76,48.70605242760395,
15655.0,3021967.99,1115376.02,-9919.78,-9534.41,-9693.97,-9767.6,-9897.4,-9941.92,-10065.04,12141.76,,
15656.0,3021968.03,1115375.02,-9919.79,-9534.42,-9693.97,-9767.61,-9897.41,-9941.93,-10065.05,12141.76,,
15657.0,3021968.07,1115374.02,-9919.8,-9534.43,-9693.98,-9767.62,-9897.42,-9941.94,-10065.06,12141.77,46.942937407600176,
15658.0,3021968.11,1115373.03,-9919.81,-9534.43,-9693.99,-9767.63,-9897.43,-9941.95,-10065.07,12141.77,46.82172324997492,
15659.0,3021968.15,1115372.03,-9919.83,-9534.44,-9694.0,-9767.64,-9897.44,-9941.96,-10065.07,12141.77,48.70605242760395,
15660.0,3021968.18,1115371.03,-9919.84,-9534.45,-9694.01,-9767.65,-9897.44,-9941.97,-10065.08,12141.77,45.94016573997304,
15661.0,3021968.22,1115370.03,-9919.85,-9534.46,-9694.02,-9767.66,-9897.45,-9941.98,-10065.09,12141.77,44.29826487759454,
15662.0,3021968.26,1115369.03,-9919.86,-9534.47,-9694.03,-9767.67,-9897.46,-9941.99,-10065.1,12141.78,49.92921347273156,
15663.0,3021968.29,1115368.03,-9919.87,-9534.48,-9694.04,-9767.68,-9897.47,-9942.0,-10065.11,12141.78,50.90994620260865,
15664.0,3021968.33,1115367.03,-9919.88,-9534.49,-9694.05,-9767.69,-9897.48,-9942.01,-10065.12,12141.78,53.78602757898979,
15665.0,3021968.37,1115366.03,-9919.89,-9534.5,-9694.06,-9767.7,-9897.49,-9942.02,-10065.13,12141.78,55.31773375261806,
15666.0,3021968.4,1115365.03,-9919.9,-9534.51,-9694.07,-9767.71,-9897.5,-9942.03,-10065.14,12141.78,,
15667.0,3021968.44,1115364.03,-9919.92,-9534.52,-9694.08,-9767.72,-9897.51,-9942.04,-10065.15,12141.79,,
15668.0,3021968.48,1115363.03,-9919.93,-9534.53,-9694.09,-9767.73,-9897.52,-9942.05,-10065.16,12141.79,,
15669.0,3021968.51,1115362.03,-9919.94,-9534.54,-9694.1,-9767.73,-9897.53,-9942.05,-10065.17,12141.79,,
15670.0,3021968.55,1115361.03,-9919.95,-9534.55,-9694.11,-9767.74,-9897.54,-9942.06,-10065.18,12141.79,,
15671.0,3021968.59,1115360.04,-9919.96,-9534.56,-9694.11,-9767.75,-9897.55,-9942.07,-10065.19,12141.79,58.73376910387534,
15672.0,3021968.62,1115359.04,-9919.97,-9534.57,-9694.12,-9767.76,-9897.56,-9942.08,-10065.2,12141.79,60.82746819012981,
15673.0,3021968.66,1115358.04,-9919.98,-9534.57,-9694.13,-9767.77,-9897.57,-9942.09,-10065.21,12141.8,67.43914951514392,
15674.0,3021968.69,1115357.04,-9919.99,-9534.58,-9694.14,-9767.78,-9897.58,-9942.1,-10065.21,12141.8,,
15675.0,3021968.73,1115356.04,-9920.01,-9534.59,-9694.15,-9767.79,-9897.58,-9942.11,-10065.22,12141.8,,
15676.0,3021968.76,1115355.04,-9920.02,-9534.6,-9694.16,-9767.8,-9897.59,-9942.12,-10065.23,12141.8,63.03136196513452,
15677.0,3021968.8,1115354.04,-9920.03,-9534.61,-9694.17,-9767.81,-9897.6,-9942.13,-10065.24,12141.8,,
15678.0,3021968.83,1115353.04,-9920.04,-9534.62,-9694.18,-9767.82,-9897.61,-9942.14,-10065.25,12141.8,64.19942566588702,
15679.0,3021968.87,1115352.04,-9920.05,-9534.63,-9694.19,-9767.83,-9897.62,-9942.15,-10065.26,12141.81,65.5548203375149,
15680.0,3021968.9,1115351.04,-9920.06,-9534.64,-9694.2,-9767.84,-9897.63,-9942.16,-10065.27,12141.81,66.02865749914092,
15681.0,3021968.93,1115350.04,-9920.07,-9534.65,-9694.21,-9767.85,-9897.64,-9942.17,-10065.28,12141.81,60.82746819012981,
15682.0,3021968.97,1115349.04,-9920.08,-9534.66,-9694.22,-9767.86,-9897.65,-9942.18,-10065.29,12141.81,,
15683.0,3021969.0,1115348.04,-9920.09,-9534.67,-9694.23,-9767.87,-9897.66,-9942.19,-10065.3,12141.81,64.22146460363706,
15684.0,3021969.04,1115347.04,-9920.1,-9534.68,-9694.24,-9767.87,-9897.67,-9942.19,-10065.31,12141.81,67.43914951514392,
15685.0,3021969.07,1115346.04,-9920.12,-9534.69,-9694.25,-9767.88,-9897.68,-9942.2,-10065.32,12141.820000000002,,
15686.0,3021969.1,1115345.05,-9920.13,-9534.7,-9694.25,-9767.89,-9897.69,-9942.21,-10065.33,12141.820000000002,66.78900085151754,
15687.0,3021969.14,1115344.05,-9920.14,-9534.71,-9694.26,-9767.9,-9897.7,-9942.22,-10065.34,12141.820000000002,63.03136196513452,
15688.0,3021969.17,1115343.05,-9920.15,-9534.72,-9694.27,-9767.91,-9897.71,-9942.23,-10065.35,12141.820000000002,61.19111066300559,
15689.0,3021969.2,1115342.05,-9920.16,-9534.72,-9694.28,-9767.92,-9897.72,-9942.24,-10065.35,12141.820000000002,61.91839560875714,
15690.0,3021969.23,1115341.05,-9920.17,-9534.73,-9694.29,-9767.93,-9897.72,-9942.25,-10065.36,12141.820000000002,63.03136196513452,
15691.0,3021969.27,1115340.05,-9920.18,-9534.74,-9694.3,-9767.94,-9897.73,-9942.26,-10065.37,12141.83,,
15692.0,3021969.3,1115339.05,-9920.19,-9534.75,-9694.31,-9767.95,-9897.74,-9942.27,-10065.38,12141.83,,
15693.0,3021969.33,1115338.05,-9920.2,-9534.76,-9694.32,-9767.96,-9897.75,-9942.28,-10065.39,12141.83,65.23525574013922,
15694.0,3021969.36,1115337.05,-9920.21,-9534.77,-9694.33,-9767.97,-9897.76,-9942.29,-10065.4,12141.83,63.68151062876091,
15695.0,3021969.4,1115336.05,-9920.22,-9534.78,-9694.34,-9767.98,-9897.77,-9942.3,-10065.41,12141.83,60.82746819012981,
15696.0,3021969.43,1115335.05,-9920.24,-9534.79,-9694.35,-9767.99,-9897.78,-9942.31,-10065.42,12141.83,62.53548586575846,
15697.0,3021969.46,1115334.05,-9920.25,-9534.8,-9694.36,-9768.0,-9897.79,-9942.32,-10065.43,12141.84,63.03136196513452,
15698.0,3021969.49,1115333.05,-9920.26,-9534.81,-9694.37,-9768.01,-9897.8,-9942.33,-10065.44,12141.84,,
15699.0,3021969.53,1115332.05,-9920.27,-9534.82,-9694.38,-9768.02,-9897.81,-9942.33,-10065.45,12141.84,,
15700.0,3021969.56,1115331.05,-9920.28,-9534.83,-9694.39,-9768.02,-9897.82,-9942.34,-10065.46,12141.84,61.34538322725592,
15701.0,3021969.59,1115330.05,-9920.29,-9534.84,-9694.39,-9768.03,-9897.83,-9942.35,-10065.47,12141.84,58.94313901250079,
15702.0,3021969.62,1115329.05,-9920.3,-9534.85,-9694.4,-9768.04,-9897.84,-9942.36,-10065.48,12141.84,55.31773375261806,
15703.0,3021969.66,1115328.06,-9920.31,-9534.86,-9694.41,-9768.05,-9897.85,-9942.37,-10065.49,12141.85,65.23525574013922,
15704.0,3021969.69,1115327.06,-9920.32,-9534.86,-9694.42,-9768.06,-9897.86,-9942.38,-10065.49,12141.85,,
15705.0,3021969.72,1115326.06,-9920.34,-9534.87,-9694.43,-9768.07,-9897.87,-9942.39,-10065.5,12141.85,50.90994620260865,
15706.0,3021969.76,1115325.06,-9920.35,-9534.88,-9694.44,-9768.08,-9897.87,-9942.4,-10065.51,12141.85,53.52156032598921,
15707.0,3021969.79,1115324.06,-9920.36,-9534.89,-9694.45,-9768.09,-9897.88,-9942.41,-10065.52,12141.85,63.03136196513452,
15708.0,3021969.83,1115323.06,-9920.37,-9534.9,-9694.46,-9768.1,-9897.89,-9942.42,-10065.53,12141.86,64.78345751626327,
15709.0,3021969.86,1115322.06,-9920.38,-9534.91,-9694.47,-9768.11,-9897.9,-9942.43,-10065.54,12141.86,63.549277002260624,
15710.0,3021969.89,1115321.06,-9920.39,-9534.92,-9694.48,-9768.12,-9897.91,-9942.44,-10065.55,12141.86,60.82746819012981,
15711.0,3021969.93,1115320.06,-9920.41,-9534.93,-9694.49,-9768.13,-9897.92,-9942.45,-10065.56,12141.86,,
15712.0,3021969.96,1115319.06,-9920.42,-9534.94,-9694.5,-9768.14,-9897.93,-9942.46,-10065.57,12141.87,67.43914951514392,
15713.0,3021970.0,1115318.06,-9920.43,-9534.95,-9694.51,-9768.15,-9897.94,-9942.47,-10065.58,12141.87,,
15714.0,3021970.03,1115317.06,-9920.44,-9534.96,-9694.52,-9768.16,-9897.95,-9942.47,-10065.59,12141.87,66.94327341576786,
15715.0,3021970.07,1115316.06,-9920.45,-9534.97,-9694.53,-9768.16,-9897.96,-9942.48,-10065.6,12141.87,65.23525574013922,
15716.0,3021970.1,1115315.06,-9920.46,-9534.98,-9694.54,-9768.17,-9897.97,-9942.49,-10065.61,12141.88,63.03136196513452,
15717.0,3021970.14,1115314.06,-9920.48,-9534.99,-9694.54,-9768.18,-9897.98,-9942.5,-10065.62,12141.88,63.69253009763592,
15718.0,3021970.18,1115313.07,-9920.49,-9535.0,-9694.55,-9768.19,-9897.99,-9942.51,-10065.63,12141.88,67.43914951514392,
15719.0,3021970.21,1115312.07,-9920.5,-9535.0,-9694.56,-9768.2,-9898.0,-9942.52,-10065.64,12141.89,65.66501502626514,
15720.0,3021970.25,1115311.07,-9920.51,-9535.01,-9694.57,-9768.21,-9898.01,-9942.53,-10065.64,12141.89,65.23525574013922,
15721.0,3021970.28,1115310.07,-9920.53,-9535.02,-9694.58,-9768.22,-9898.01,-9942.54,-10065.65,12141.89,,
15722.0,3021970.32,1115309.07,-9920.54,-9535.03,-9694.59,-9768.23,-9898.02,-9942.55,-10065.66,12141.89,,
15723.0,3021970.36,1115308.07,-9920.55,-9535.04,-9694.6,-9768.24,-9898.03,-9942.56,-10065.67,12141.9,,
15724.0,3021970.39,1115307.07,-9920.56,-9535.05,-9694.61,-9768.25,-9898.04,-9942.57,-10065.68,12141.9,,
15725.0,3021970.43,1115306.07,-9920.58,-9535.06,-9694.62,-9768.26,-9898.05,-9942.58,-10065.69,12141.9,,
15726.0,3021970.47,1115305.07,-9920.59,-9535.07,-9694.63,-9768.27,-9898.06,-9942.59,-10065.7,12141.91,64.11126991488682,
15727.0,3021970.51,1115304.07,-9920.6,-9535.08,-9694.64,-9768.28,-9898.07,-9942.6,-10065.71,12141.91,63.69253009763592,
15728.0,3021970.54,1115303.07,-9920.61,-9535.09,-9694.65,-9768.29,-9898.08,-9942.61,-10065.72,12141.91,67.43914951514392,
15729.0,3021970.58,1115302.07,-9920.63,-9535.1,-9694.66,-9768.3,-9898.09,-9942.62,-10065.73,12141.92,66.68982563164232,
15730.0,3021970.62,1115301.07,-9920.64,-9535.11,-9694.67,-9768.3,-9898.1,-9942.62,-10065.74,12141.92,65.23525574013922,
15731.0,3021970.66,1115300.08,-9920.65,-9535.12,-9694.68,-9768.31,-9898.11,-9942.63,-10065.75,12141.92,67.43914951514392,
15732.0,3021970.7,1115299.08,-9920.67,-9535.13,-9694.68,-9768.32,-9898.12,-9942.64,-10065.76,12141.93,60.82746819012981,
15733.0,3021970.73,1115298.08,-9920.68,-9535.14,-9694.69,-9768.33,-9898.13,-9942.65,-10065.77,12141.93,63.70354956651096,
15734.0,3021970.77,1115297.08,-9920.69,-9535.14,-9694.7,-9768.34,-9898.14,-9942.66,-10065.78,12141.94,65.23525574013922,
15735.0,3021970.81,1115296.08,-9920.71,-9535.15,-9694.71,-9768.35,-9898.15,-9942.67,-10065.78,12141.94,67.43914951514392,
15736.0,3021970.85,1115295.08,-9920.72,-9535.16,-9694.72,-9768.36,-9898.15,-9942.68,-10065.79,12141.94,,
15737.0,3021970.89,1115294.08,-9920.73,-9535.17,-9694.73,-9768.37,-9898.16,-9942.69,-10065.8,12141.95,66.40331944089172,
15738.0,3021970.93,1115293.08,-9920.75,-9535.18,-9694.74,-9768.38,-9898.17,-9942.7,-10065.81,12141.95,63.03136196513452,
15739.0,3021970.97,1115292.08,-9920.76,-9535.19,-9694.75,-9768.39,-9898.18,-9942.71,-10065.82,12141.96,65.23525574013922,
15740.0,3021971.01,1115291.08,-9920.77,-9535.2,-9694.76,-9768.4,-9898.19,-9942.72,-10065.83,12141.96,65.60991768189002,
15741.0,3021971.05,1115290.08,-9920.79,-9535.21,-9694.77,-9768.41,-9898.2,-9942.73,-10065.84,12141.96,67.43914951514392,
15742.0,3021971.09,1115289.08,-9920.8,-9535.22,-9694.78,-9768.42,-9898.21,-9942.74,-10065.85,12141.97,69.64304329014863,
15743.0,3021971.13,1115288.09,-9920.81,-9535.23,-9694.79,-9768.43,-9898.22,-9942.75,-10065.86,12141.97,65.90744334151566,
15744.0,3021971.17,1115287.09,-9920.83,-9535.24,-9694.8,-9768.44,-9898.23,-9942.76,-10065.87,12141.98,69.13614772189754,
15745.0,3021971.21,1115286.09,-9920.84,-9535.25,-9694.81,-9768.44,-9898.24,-9942.76,-10065.88,12141.98,71.84693706515334,
15746.0,3021971.25,1115285.09,-9920.85,-9535.26,-9694.82,-9768.45,-9898.25,-9942.77,-10065.89,12141.990000000002,68.18847339864551,
15747.0,3021971.29,1115284.09,-9920.87,-9535.27,-9694.82,-9768.46,-9898.26,-9942.78,-10065.9,12141.990000000002,,
15748.0,3021971.33,1115283.09,-9920.88,-9535.28,-9694.83,-9768.47,-9898.27,-9942.79,-10065.91,12142.0,70.8441653975262,
15749.0,3021971.37,1115282.09,-9920.9,-9535.29,-9694.84,-9768.48,-9898.28,-9942.8,-10065.92,12142.0,64.73937964076316,
15750.0,3021971.41,1115281.09,-9920.91,-9535.29,-9694.85,-9768.49,-9898.29,-9942.81,-10065.92,12142.01,63.03136196513452,
15751.0,3021971.46,1115280.09,-9920.93,-9535.3,-9694.86,-9768.5,-9898.29,-9942.82,-10065.93,12142.01,,
15752.0,3021971.5,1115279.09,-9920.94,-9535.31,-9694.87,-9768.51,-9898.3,-9942.83,-10065.94,12142.01,67.43914951514392,
15753.0,3021971.54,1115278.09,-9920.95,-9535.32,-9694.88,-9768.52,-9898.31,-9942.84,-10065.95,12142.02,,
15754.0,3021971.58,1115277.1,-9920.97,-9535.33,-9694.89,-9768.53,-9898.32,-9942.85,-10065.96,12142.03,68.80556365564684,
15755.0,3021971.62,1115276.1,-9920.98,-9535.34,-9694.9,-9768.54,-9898.33,-9942.86,-10065.97,12142.03,66.4363778475168,
15756.0,3021971.67,1115275.1,-9921.0,-9535.35,-9694.91,-9768.55,-9898.34,-9942.87,-10065.98,12142.04,63.03136196513452,
15757.0,3021971.71,1115274.1,-9921.01,-9535.36,-9694.92,-9768.56,-9898.35,-9942.88,-10065.99,12142.04,66.41433890976673,
15758.0,3021971.75,1115273.1,-9921.03,-9535.37,-9694.93,-9768.57,-9898.36,-9942.89,-10066.0,12142.05,65.90744334151566,
15759.0,3021971.79,1115272.1,-9921.04,-9535.38,-9694.94,-9768.58,-9898.37,-9942.9,-10066.01,12142.05,63.03136196513452,
15760.0,3021971.84,1115271.1,-9921.06,-9535.39,-9694.95,-9768.58,-9898.38,-9942.9,-10066.02,12142.06,58.62357441512511,
15761.0,3021971.88,1115270.1,-9921.07,-9535.4,-9694.96,-9768.59,-9898.39,-9942.91,-10066.03,12142.06,63.03136196513452,
15762.0,3021971.92,1115269.1,-9921.09,-9535.41,-9694.96,-9768.6,-9898.4,-9942.92,-10066.04,12142.070000000002,,
15763.0,3021971.97,1115268.11,-9921.1,-9535.42,-9694.97,-9768.61,-9898.41,-9942.93,-10066.05,12142.070000000002,67.43914951514392,
15764.0,3021972.01,1115267.11,-9921.12,-9535.43,-9694.98,-9768.62,-9898.42,-9942.94,-10066.06,12142.08,,
15765.0,3021972.05,1115266.11,-9921.13,-9535.43,-9694.99,-9768.63,-9898.43,-9942.95,-10066.06,12142.08,66.9653123535179,
15766.0,3021972.1,1115265.11,-9921.15,-9535.44,-9695.0,-9768.64,-9898.44,-9942.96,-10066.07,12142.09,65.23525574013922,
15767.0,3021972.14,1115264.11,-9921.16,-9535.45,-9695.01,-9768.65,-9898.44,-9942.97,-10066.08,12142.1,,
15768.0,3021972.19,1115263.11,-9921.18,-9535.46,-9695.02,-9768.66,-9898.45,-9942.98,-10066.09,12142.1,,
15769.0,3021972.23,1115262.11,-9921.19,-9535.47,-9695.03,-9768.67,-9898.46,-9942.99,-10066.1,12142.11,,
15770.0,3021972.28,1115261.11,-9921.21,-9535.48,-9695.04,-9768.68,-9898.47,-9943.0,-10066.11,12142.11,66.89919554026777,
15771.0,3021972.32,1115260.11,-9921.22,-9535.49,-9695.05,-9768.69,-9898.48,-9943.01,-10066.12,12142.12,66.99837076014298,
15772.0,3021972.37,1115259.12,-9921.24,-9535.5,-9695.06,-9768.7,-9898.49,-9943.02,-10066.13,12142.13,65.23525574013922,
15773.0,3021972.41,1115258.12,-9921.25,-9535.51,-9695.07,-9768.71,-9898.5,-9943.03,-10066.14,12142.13,67.43914951514392,
15774.0,3021972.46,1115257.12,-9921.27,-9535.52,-9695.08,-9768.72,-9898.51,-9943.04,-10066.15,12142.14,,
15775.0,3021972.5,1115256.12,-9921.28,-9535.53,-9695.09,-9768.73,-9898.52,-9943.04,-10066.16,12142.14,65.23525574013922,
15776.0,3021972.55,1115255.12,-9921.3,-9535.54,-9695.1,-9768.73,-9898.53,-9943.05,-10066.17,12142.15,68.00114242777012,
15777.0,3021972.59,1115254.12,-9921.32,-9535.55,-9695.11,-9768.74,-9898.54,-9943.06,-10066.18,12142.16,65.57685927526495,
15778.0,3021972.64,1115253.12,-9921.33,-9535.56,-9695.11,-9768.75,-9898.55,-9943.07,-10066.19,12142.16,60.82746819012981,
15779.0,3021972.69,1115252.12,-9921.35,-9535.57,-9695.12,-9768.76,-9898.56,-9943.08,-10066.2,12142.17,75.15277772766039,
15780.0,3021972.73,1115251.12,-9921.36,-9535.57,-9695.13,-9768.77,-9898.57,-9943.09,-10066.2,12142.18,,
15781.0,3021972.78,1115250.13,-9921.38,-9535.58,-9695.14,-9768.78,-9898.58,-9943.1,-10066.21,12142.18,69.64304329014863,
15782.0,3021972.83,1115249.13,-9921.4,-9535.59,-9695.15,-9768.79,-9898.58,-9943.11,-10066.22,12142.19,66.2049690011413,
15783.0,3021972.87,1115248.13,-9921.41,-9535.6,-9695.16,-9768.8,-9898.59,-9943.12,-10066.23,12142.2,64.73937964076316,
15784.0,3021972.92,1115247.13,-9921.43,-9535.61,-9695.17,-9768.81,-9898.6,-9943.13,-10066.24,12142.2,63.03136196513452,
15785.0,3021972.97,1115246.13,-9921.44,-9535.62,-9695.18,-9768.82,-9898.61,-9943.14,-10066.25,12142.21,,
15786.0,3021973.02,1115245.13,-9921.46,-9535.63,-9695.19,-9768.83,-9898.62,-9943.15,-10066.26,12142.22,,
15787.0,3021973.06,1115244.13,-9921.48,-9535.64,-9695.2,-9768.84,-9898.63,-9943.16,-10066.27,12142.23,60.82746819012981,
15788.0,3021973.11,1115243.13,-9921.49,-9535.65,-9695.21,-9768.85,-9898.64,-9943.17,-10066.28,12142.23,,
15789.0,3021973.16,1115242.14,-9921.51,-9535.66,-9695.22,-9768.86,-9898.65,-9943.18,-10066.29,12142.240000000002,62.171843392882685,
15790.0,3021973.21,1115241.14,-9921.53,-9535.67,-9695.23,-9768.87,-9898.66,-9943.19,-10066.3,12142.25,67.43914951514392,
15791.0,3021973.26,1115240.14,-9921.54,-9535.68,-9695.24,-9768.87,-9898.67,-9943.19,-10066.31,12142.25,69.32347869277294,
15792.0,3021973.31,1115239.14,-9921.56,-9535.69,-9695.25,-9768.88,-9898.68,-9943.2,-10066.32,12142.26,69.64304329014863,
15793.0,3021973.35,1115238.14,-9921.58,-9535.7,-9695.25,-9768.89,-9898.69,-9943.21,-10066.33,12142.27,64.04515310163669,
15794.0,3021973.4,1115237.14,-9921.59,-9535.71,-9695.26,-9768.9,-9898.7,-9943.22,-10066.34,12142.28,61.97349295313225,
15795.0,3021973.45,1115236.14,-9921.61,-9535.71,-9695.27,-9768.91,-9898.71,-9943.23,-10066.35,12142.28,,
15796.0,3021973.5,1115235.14,-9921.63,-9535.72,-9695.28,-9768.92,-9898.72,-9943.24,-10066.35,12142.29,58.62357441512511,
15797.0,3021973.55,1115234.15,-9921.64,-9535.73,-9695.29,-9768.93,-9898.72,-9943.25,-10066.36,12142.3,55.87972666524425,
15798.0,3021973.6,1115233.15,-9921.66,-9535.74,-9695.3,-9768.94,-9898.73,-9943.26,-10066.37,12142.31,55.31773375261806,
15799.0,3021973.64,1115232.15,-9921.68,-9535.75,-9695.31,-9768.95,-9898.74,-9943.27,-10066.38,12142.31,62.943206214134335,
15800.0,3021973.69,1115231.15,-9921.69,-9535.76,-9695.32,-9768.96,-9898.75,-9943.28,-10066.39,12142.320000000002,65.23525574013922,
15801.0,3021973.74,1115230.15,-9921.71,-9535.77,-9695.33,-9768.97,-9898.76,-9943.29,-10066.4,12142.33,,
15802.0,3021973.79,1115229.15,-9921.73,-9535.78,-9695.34,-9768.98,-9898.77,-9943.3,-10066.41,12142.34,64.21044513476203,
15803.0,3021973.84,1115228.15,-9921.74,-9535.79,-9695.35,-9768.99,-9898.78,-9943.31,-10066.42,12142.34,65.23525574013922,
15804.0,3021973.89,1115227.16,-9921.76,-9535.8,-9695.36,-9769.0,-9898.79,-9943.32,-10066.43,12142.35,61.58781154250644,
15805.0,3021973.94,1115226.16,-9921.78,-9535.81,-9695.37,-9769.01,-9898.8,-9943.33,-10066.44,12142.36,60.82746819012981,
15806.0,3021973.99,1115225.16,-9921.8,-9535.82,-9695.38,-9769.01,-9898.81,-9943.33,-10066.45,12142.37,69.64304329014863,
15807.0,3021974.03,1115224.16,-9921.81,-9535.83,-9695.39,-9769.02,-9898.82,-9943.34,-10066.46,12142.38,70.45848398690036,
15808.0,3021974.08,1115223.16,-9921.83,-9535.84,-9695.39,-9769.03,-9898.83,-9943.35,-10066.47,12142.38,71.84693706515334,
15809.0,3021974.13,1115222.16,-9921.85,-9535.85,-9695.4,-9769.04,-9898.84,-9943.36,-10066.48,12142.39,69.64304329014863,
15810.0,3021974.18,1115221.16,-9921.87,-9535.85,-9695.41,-9769.05,-9898.85,-9943.37,-10066.49,12142.4,68.62925215364646,
15811.0,3021974.23,1115220.16,-9921.88,-9535.86,-9695.42,-9769.06,-9898.86,-9943.38,-10066.49,12142.41,65.23525574013922,
15812.0,3021974.28,1115219.17,-9921.9,-9535.87,-9695.43,-9769.07,-9898.86,-9943.39,-10066.5,12142.42,,
15813.0,3021974.33,1115218.17,-9921.92,-9535.88,-9695.44,-9769.08,-9898.87,-9943.4,-10066.51,12142.42,63.3509265625102,
15814.0,3021974.38,1115217.17,-9921.94,-9535.89,-9695.45,-9769.09,-9898.88,-9943.41,-10066.52,12142.43,64.4308345122625,
15815.0,3021974.43,1115216.17,-9921.95,-9535.9,-9695.46,-9769.1,-9898.89,-9943.42,-10066.53,12142.44,69.64304329014863,
15816.0,3021974.47,1115215.17,-9921.97,-9535.91,-9695.47,-9769.11,-9898.9,-9943.43,-10066.54,12142.45,62.83301152538409,
15817.0,3021974.52,1115214.17,-9921.99,-9535.92,-9695.48,-9769.12,-9898.91,-9943.44,-10066.55,12142.46,61.444558447131136,
15818.0,3021974.57,1115213.17,-9922.01,-9535.93,-9695.49,-9769.13,-9898.92,-9943.45,-10066.56,12142.47,65.23525574013922,
15819.0,3021974.62,1115212.18,-9922.02,-9535.94,-9695.5,-9769.14,-9898.93,-9943.46,-10066.57,12142.47,,
15820.0,3021974.67,1115211.18,-9922.04,-9535.95,-9695.51,-9769.15,-9898.94,-9943.47,-10066.58,12142.48,,
15821.0,3021974.72,1115210.18,-9922.06,-9535.96,-9695.52,-9769.15,-9898.95,-9943.47,-10066.59,12142.490000000002,66.75594244489247,
15822.0,3021974.77,1115209.18,-9922.08,-9535.97,-9695.53,-9769.16,-9898.96,-9943.48,-10066.6,12142.5,69.64304329014863,
15823.0,3021974.82,1115208.18,-9922.1,-9535.98,-9695.53,-9769.17,-9898.97,-9943.49,-10066.61,12142.51,,
15824.0,3021974.87,1115207.18,-9922.11,-9535.99,-9695.54,-9769.18,-9898.98,-9943.5,-10066.62,12142.52,,
15825.0,3021974.92,1115206.18,-9922.13,-9536.0,-9695.55,-9769.19,-9898.99,-9943.51,-10066.63,12142.53,75.15277772766039,
15826.0,3021974.97,1115205.19,-9922.15,-9536.0,-9695.56,-9769.2,-9899.0,-9943.52,-10066.63,12142.53,,
15827.0,3021975.02,1115204.19,-9922.17,-9536.01,-9695.57,-9769.21,-9899.0,-9943.53,-10066.64,12142.54,67.4281300462689,
15828.0,3021975.06,1115203.19,-9922.19,-9536.02,-9695.58,-9769.22,-9899.01,-9943.54,-10066.65,12142.55,66.83307872701764,
15829.0,3021975.11,1115202.19,-9922.2,-9536.03,-9695.59,-9769.23,-9899.02,-9943.55,-10066.66,12142.56,69.64304329014863,
15830.0,3021975.16,1115201.19,-9922.22,-9536.04,-9695.6,-9769.24,-9899.03,-9943.56,-10066.67,12142.570000000002,67.86890880126984,
15831.0,3021975.21,1115200.19,-9922.24,-9536.05,-9695.61,-9769.25,-9899.04,-9943.57,-10066.68,12142.58,67.81381145689473,
15832.0,3021975.26,1115199.19,-9922.26,-9536.06,-9695.62,-9769.26,-9899.05,-9943.58,-10066.69,12142.59,69.64304329014863,
15833.0,3021975.31,1115198.2,-9922.28,-9536.07,-9695.63,-9769.27,-9899.06,-9943.59,-10066.7,12142.6,,
15834.0,3021975.36,1115197.2,-9922.3,-9536.08,-9695.64,-9769.28,-9899.07,-9943.6,-10066.71,12142.61,,
15835.0,3021975.41,1115196.2,-9922.31,-9536.09,-9695.65,-9769.29,-9899.08,-9943.61,-10066.72,12142.61,,
15836.0,3021975.46,1115195.2,-9922.33,-9536.1,-9695.66,-9769.29,-9899.09,-9943.61,-10066.73,12142.62,,
15837.0,3021975.51,1115194.2,-9922.35,-9536.11,-9695.67,-9769.3,-9899.1,-9943.62,-10066.74,12142.63,67.8909477390199,
15838.0,3021975.56,1115193.2,-9922.37,-9536.12,-9695.67,-9769.31,-9899.11,-9943.63,-10066.75,12142.64,66.38128050314167,
15839.0,3021975.61,1115192.2,-9922.39,-9536.13,-9695.68,-9769.32,-9899.12,-9943.64,-10066.76,12142.65,60.82746819012981,
15840.0,3021975.66,1115191.2,-9922.41,-9536.14,-9695.69,-9769.33,-9899.13,-9943.65,-10066.77,12142.66,,
15841.0,3021975.71,1115190.21,-9922.43,-9536.14,-9695.7,-9769.34,-9899.14,-9943.66,-10066.77,12142.67,67.43914951514392,
15842.0,3021975.76,1115189.21,-9922.45,-9536.15,-9695.71,-9769.35,-9899.15,-9943.67,-10066.78,12142.68,,
15843.0,3021975.81,1115188.21,-9922.46,-9536.16,-9695.72,-9769.36,-9899.15,-9943.68,-10066.79,12142.69,,
15844.0,3021975.86,1115187.21,-9922.48,-9536.17,-9695.73,-9769.37,-9899.16,-9943.69,-10066.8,12142.7,65.57685927526495,
15845.0,3021975.91,1115186.21,-9922.5,-9536.18,-9695.74,-9769.38,-9899.17,-9943.7,-10066.81,12142.71,64.80549645401331,
15846.0,3021975.96,1115185.21,-9922.52,-9536.19,-9695.75,-9769.39,-9899.18,-9943.71,-10066.82,12142.72,63.03136196513452,
15847.0,3021976.01,1115184.21,-9922.54,-9536.2,-9695.76,-9769.4,-9899.19,-9943.72,-10066.83,12142.73,,
15848.0,3021976.06,1115183.22,-9922.56,-9536.21,-9695.77,-9769.41,-9899.2,-9943.73,-10066.84,12142.740000000002,,
15849.0,3021976.11,1115182.22,-9922.58,-9536.22,-9695.78,-9769.42,-9899.21,-9943.74,-10066.85,12142.75,65.87438493489059,
15850.0,3021976.16,1115181.22,-9922.6,-9536.23,-9695.79,-9769.43,-9899.22,-9943.75,-10066.86,12142.76,67.43914951514392,
15851.0,3021976.21,1115180.22,-9922.62,-9536.24,-9695.8,-9769.44,-9899.23,-9943.75,-10066.87,12142.77,,
15852.0,3021976.26,1115179.22,-9922.63,-9536.25,-9695.81,-9769.44,-9899.24,-9943.76,-10066.88,12142.78,,
15853.0,3021976.31,1115178.22,-9922.65,-9536.26,-9695.82,-9769.45,-9899.25,-9943.77,-10066.89,12142.79,,
15854.0,3021976.36,1115177.22,-9922.67,-9536.27,-9695.82,-9769.46,-9899.26,-9943.78,-10066.9,12142.8,,
15855.0,3021976.41,1115176.23,-9922.69,-9536.28,-9695.83,-9769.47,-9899.27,-9943.79,-10066.91,12142.81,69.18022559739764,
15856.0,3021976.46,1115175.23,-9922.71,-9536.28,-9695.84,-9769.48,-9899.28,-9943.8,-10066.91,12142.820000000002,66.4363778475168,
15857.0,3021976.51,1115174.23,-9922.73,-9536.29,-9695.85,-9769.49,-9899.29,-9943.81,-10066.92,12142.83,60.82746819012981,
15858.0,3021976.56,1115173.23,-9922.75,-9536.3,-9695.86,-9769.5,-9899.29,-9943.82,-10066.93,12142.84,67.946045083395,
15859.0,3021976.61,1115172.23,-9922.77,-9536.31,-9695.87,-9769.51,-9899.3,-9943.83,-10066.94,12142.85,69.64304329014863,
15860.0,3021976.66,1115171.23,-9922.79,-9536.32,-9695.88,-9769.52,-9899.31,-9943.84,-10066.95,12142.86,,
15861.0,3021976.71,1115170.24,-9922.81,-9536.33,-9695.89,-9769.53,-9899.32,-9943.85,-10066.96,12142.87,,
15862.0,3021976.76,1115169.24,-9922.83,-9536.34,-9695.9,-9769.54,-9899.33,-9943.86,-10066.97,12142.88,67.76973358139463,
15863.0,3021976.81,1115168.24,-9922.85,-9536.35,-9695.91,-9769.55,-9899.34,-9943.87,-10066.98,12142.89,67.43914951514392,
15864.0,3021976.86,1115167.24,-9922.87,-9536.36,-9695.92,-9769.56,-9899.35,-9943.88,-10066.99,12142.9,,
15865.0,3021976.91,1115166.24,-9922.89,-9536.37,-9695.93,-9769.57,-9899.36,-9943.89,-10067.0,12142.91,70.73397070877596,
15866.0,3021976.96,1115165.24,-9922.91,-9536.38,-9695.94,-9769.58,-9899.37,-9943.9,-10067.01,12142.92,71.43921671677747,
15867.0,3021977.01,1115164.24,-9922.93,-9536.39,-9695.95,-9769.58,-9899.38,-9943.9,-10067.02,12142.93,69.64304329014863,
15868.0,3021977.06,1115163.25,-9922.95,-9536.4,-9695.96,-9769.59,-9899.39,-9943.91,-10067.03,12142.94,,
15869.0,3021977.11,1115162.25,-9922.97,-9536.41,-9695.96,-9769.6,-9899.4,-9943.92,-10067.04,12142.95,,
15870.0,3021977.16,1115161.25,-9922.99,-9536.42,-9695.97,-9769.61,-9899.41,-9943.93,-10067.05,12142.96,68.30968755627077,
15871.0,3021977.21,1115160.25,-9923.01,-9536.42,-9695.98,-9769.62,-9899.42,-9943.94,-10067.06,12142.97,60.82746819012981,
15872.0,3021977.26,1115159.25,-9923.03,-9536.43,-9695.99,-9769.63,-9899.43,-9943.95,-10067.06,12142.98,65.15811945801406,
15873.0,3021977.31,1115158.25,-9923.05,-9536.44,-9696.0,-9769.64,-9899.43,-9943.96,-10067.07,12142.990000000002,,
15874.0,3021977.36,1115157.25,-9923.07,-9536.45,-9696.01,-9769.65,-9899.44,-9943.97,-10067.08,12143.0,69.64304329014863,
15875.0,3021977.41,1115156.26,-9923.09,-9536.46,-9696.02,-9769.66,-9899.45,-9943.98,-10067.09,12143.01,,
15876.0,3021977.47,1115155.26,-9923.11,-9536.47,-9696.03,-9769.67,-9899.46,-9943.99,-10067.1,12143.03,65.90744334151566,
15877.0,3021977.52,1115154.26,-9923.13,-9536.48,-9696.04,-9769.68,-9899.47,-9944.0,-10067.11,12143.04,65.23525574013922,
15878.0,3021977.57,1115153.26,-9923.15,-9536.49,-9696.05,-9769.69,-9899.48,-9944.01,-10067.12,12143.05,,
15879.0,3021977.62,1115152.26,-9923.17,-9536.5,-9696.06,-9769.7,-9899.49,-9944.02,-10067.13,12143.06,71.09761318165172,
15880.0,3021977.67,1115151.26,-9923.19,-9536.51,-9696.07,-9769.71,-9899.5,-9944.03,-10067.14,12143.070000000002,77.3566715026651,
15881.0,3021977.72,1115150.26,-9923.21,-9536.52,-9696.08,-9769.72,-9899.51,-9944.04,-10067.15,12143.08,67.43914951514392,
15882.0,3021977.77,1115149.27,-9923.23,-9536.53,-9696.09,-9769.72,-9899.52,-9944.04,-10067.16,12143.09,,
15883.0,3021977.82,1115148.27,-9923.25,-9536.54,-9696.1,-9769.73,-9899.53,-9944.05,-10067.17,12143.1,68.5080379960212,
15884.0,3021977.87,1115147.27,-9923.27,-9536.55,-9696.1,-9769.74,-9899.54,-9944.06,-10067.18,12143.11,70.81110699090112,
15885.0,3021977.92,1115146.27,-9923.29,-9536.56,-9696.11,-9769.75,-9899.55,-9944.07,-10067.19,12143.12,65.23525574013922,
15886.0,3021977.97,1115145.27,-9923.31,-9536.56,-9696.12,-9769.76,-9899.56,-9944.08,-10067.2,12143.14,67.33997429526872,
15887.0,3021978.02,1115144.27,-9923.33,-9536.57,-9696.13,-9769.77,-9899.57,-9944.09,-10067.2,12143.15,66.87715660251773,
15888.0,3021978.08,1115143.28,-9923.35,-9536.58,-9696.14,-9769.78,-9899.57,-9944.1,-10067.21,12143.16,65.23525574013922,
15889.0,3021978.13,1115142.28,-9923.37,-9536.59,-9696.15,-9769.79,-9899.58,-9944.11,-10067.22,12143.17,65.69807343289021,
15890.0,3021978.18,1115141.28,-9923.39,-9536.6,-9696.16,-9769.8,-9899.59,-9944.12,-10067.23,12143.18,,
15891.0,3021978.23,1115140.28,-9923.42,-9536.61,-9696.17,-9769.81,-9899.6,-9944.13,-10067.24,12143.19,69.14716719077256,
15892.0,3021978.28,1115139.28,-9923.44,-9536.62,-9696.18,-9769.82,-9899.61,-9944.14,-10067.25,12143.2,69.64304329014863,
15893.0,3021978.33,1115138.28,-9923.46,-9536.63,-9696.19,-9769.83,-9899.62,-9944.15,-10067.26,12143.22,65.85234599714055,
15894.0,3021978.38,1115137.28,-9923.48,-9536.64,-9696.2,-9769.84,-9899.63,-9944.16,-10067.27,12143.23,65.69807343289021,
15895.0,3021978.43,1115136.29,-9923.5,-9536.65,-9696.21,-9769.85,-9899.64,-9944.17,-10067.28,12143.240000000002,66.22700793889133,
15896.0,3021978.48,1115135.29,-9923.52,-9536.66,-9696.22,-9769.86,-9899.65,-9944.18,-10067.29,12143.25,65.31239202226438,
15897.0,3021978.54,1115134.29,-9923.54,-9536.67,-9696.23,-9769.86,-9899.66,-9944.18,-10067.3,12143.26,65.23525574013922,
15898.0,3021978.59,1115133.29,-9923.56,-9536.68,-9696.24,-9769.87,-9899.67,-9944.19,-10067.31,12143.27,71.52737246777764,
15899.0,3021978.64,1115132.29,-9923.58,-9536.69,-9696.24,-9769.88,-9899.68,-9944.2,-10067.32,12143.29,81.7644590526745,
15900.0,3021978.69,1115131.29,-9923.6,-9536.7,-9696.25,-9769.89,-9899.69,-9944.21,-10067.33,12143.3,,
15901.0,3021978.74,1115130.3,-9923.63,-9536.7,-9696.26,-9769.9,-9899.7,-9944.22,-10067.34,12143.31,67.43914951514392,
15902.0,3021978.79,1115129.3,-9923.65,-9536.71,-9696.27,-9769.91,-9899.71,-9944.23,-10067.34,12143.320000000002,,
15903.0,3021978.84,1115128.3,-9923.67,-9536.72,-9696.28,-9769.92,-9899.71,-9944.24,-10067.35,12143.33,,
15904.0,3021978.9,1115127.3,-9923.69,-9536.73,-9696.29,-9769.93,-9899.72,-9944.25,-10067.36,12143.34,66.02865749914092,
15905.0,3021978.95,1115126.3,-9923.71,-9536.74,-9696.3,-9769.94,-9899.73,-9944.26,-10067.37,12143.36,65.23525574013922,
15906.0,3021979.0,1115125.3,-9923.73,-9536.75,-9696.31,-9769.95,-9899.74,-9944.27,-10067.38,12143.37,,
15907.0,3021979.05,1115124.3,-9923.75,-9536.76,-9696.32,-9769.96,-9899.75,-9944.28,-10067.39,12143.38,65.68705396401518,
15908.0,3021979.1,1115123.31,-9923.77,-9536.77,-9696.33,-9769.97,-9899.76,-9944.29,-10067.4,12143.39,67.43914951514392,
15909.0,3021979.15,1115122.31,-9923.8,-9536.78,-9696.34,-9769.98,-9899.77,-9944.3,-10067.41,12143.4,,
15910.0,3021979.21,1115121.31,-9923.82,-9536.79,-9696.35,-9769.99,-9899.78,-9944.31,-10067.42,12143.42,71.84693706515334,
15911.0,3021979.26,1115120.31,-9923.84,-9536.8,-9696.36,-9770.0,-9899.79,-9944.32,-10067.43,12143.43,67.43914951514392,
15912.0,3021979.31,1115119.31,-9923.86,-9536.81,-9696.37,-9770.0,-9899.8,-9944.32,-10067.44,12143.44,,
15913.0,3021979.36,1115118.31,-9923.88,-9536.82,-9696.38,-9770.01,-9899.81,-9944.33,-10067.45,12143.45,,
15914.0,3021979.41,1115117.32,-9923.9,-9536.83,-9696.38,-9770.02,-9899.82,-9944.34,-10067.46,12143.46,69.01493356427228,
15915.0,3021979.46,1115116.32,-9923.92,-9536.84,-9696.39,-9770.03,-9899.83,-9944.35,-10067.47,12143.48,75.15277772766039,
15916.0,3021979.52,1115115.32,-9923.95,-9536.85,-9696.4,-9770.04,-9899.84,-9944.36,-10067.48,12143.490000000002,65.23525574013922,
15917.0,3021979.57,1115114.32,-9923.97,-9536.85,-9696.41,-9770.05,-9899.85,-9944.37,-10067.48,12143.5,67.58240261051922,
15918.0,3021979.62,1115113.32,-9923.99,-9536.86,-9696.42,-9770.06,-9899.85,-9944.38,-10067.49,12143.51,69.64304329014863,
15919.0,3021979.67,1115112.32,-9924.01,-9536.87,-9696.43,-9770.07,-9899.86,-9944.39,-10067.5,12143.53,69.94056894977426,
15920.0,3021979.72,1115111.32,-9924.03,-9536.88,-9696.44,-9770.08,-9899.87,-9944.4,-10067.51,12143.54,71.84693706515334,
15921.0,3021979.78,1115110.33,-9924.05,-9536.89,-9696.45,-9770.09,-9899.88,-9944.41,-10067.52,12143.55,,
15922.0,3021979.83,1115109.33,-9924.08,-9536.9,-9696.46,-9770.1,-9899.89,-9944.42,-10067.53,12143.56,,
15923.0,3021979.88,1115108.33,-9924.1,-9536.91,-9696.47,-9770.11,-9899.9,-9944.43,-10067.54,12143.58,,
15924.0,3021979.93,1115107.33,-9924.12,-9536.92,-9696.48,-9770.12,-9899.91,-9944.44,-10067.55,12143.59,75.15277772766039,
15925.0,3021979.99,1115106.33,-9924.14,-9536.93,-9696.49,-9770.13,-9899.92,-9944.45,-10067.56,12143.6,,
15926.0,3021980.04,1115105.33,-9924.16,-9536.94,-9696.5,-9770.14,-9899.93,-9944.46,-10067.57,12143.61,73.65412996065719,
15927.0,3021980.09,1115104.34,-9924.19,-9536.95,-9696.51,-9770.15,-9899.94,-9944.46,-10067.58,12143.63,71.84693706515334,
15928.0,3021980.14,1115103.34,-9924.21,-9536.96,-9696.52,-9770.15,-9899.95,-9944.47,-10067.59,12143.64,,
15929.0,3021980.19,1115102.34,-9924.23,-9536.97,-9696.52,-9770.16,-9899.96,-9944.48,-10067.6,12143.65,,
15930.0,3021980.25,1115101.34,-9924.25,-9536.98,-9696.53,-9770.17,-9899.97,-9944.49,-10067.61,12143.66,,
15931.0,3021980.3,1115100.34,-9924.27,-9536.99,-9696.54,-9770.18,-9899.98,-9944.5,-10067.62,12143.68,,
15932.0,3021980.35,1115099.34,-9924.3,-9536.99,-9696.55,-9770.19,-9899.99,-9944.51,-10067.62,12143.69,71.06455477502665,
15933.0,3021980.4,1115098.35,-9924.32,-9537.0,-9696.56,-9770.2,-9900.0,-9944.52,-10067.63,12143.7,67.43914951514392,
15934.0,3021980.46,1115097.35,-9924.34,-9537.01,-9696.57,-9770.21,-9900.0,-9944.53,-10067.64,12143.72,65.12506105138898,
15935.0,3021980.51,1115096.35,-9924.36,-9537.02,-9696.58,-9770.22,-9900.01,-9944.54,-10067.65,12143.73,62.381213301508126,
15936.0,3021980.56,1115095.35,-9924.39,-9537.03,-9696.59,-9770.23,-9900.02,-9944.55,-10067.66,12143.740000000002,58.62357441512511,
15937.0,3021980.61,1115094.35,-9924.41,-9537.04,-9696.6,-9770.24,-9900.03,-9944.56,-10067.67,12143.75,62.62364161675865,
15938.0,3021980.67,1115093.35,-9924.43,-9537.05,-9696.61,-9770.25,-9900.04,-9944.57,-10067.68,12143.77,65.23525574013922,
15939.0,3021980.72,1115092.36,-9924.45,-9537.06,-9696.62,-9770.26,-9900.05,-9944.58,-10067.69,12143.78,66.80002032039256,
15940.0,3021980.77,1115091.36,-9924.47,-9537.07,-9696.63,-9770.27,-9900.06,-9944.59,-10067.7,12143.79,69.64304329014863,
15941.0,3021980.82,1115090.36,-9924.5,-9537.08,-9696.64,-9770.28,-9900.07,-9944.6,-10067.71,12143.81,67.43914951514392,
15942.0,3021980.88,1115089.36,-9924.52,-9537.09,-9696.65,-9770.29,-9900.08,-9944.6,-10067.72,12143.820000000002,,
15943.0,3021980.93,1115088.36,-9924.54,-9537.1,-9696.66,-9770.29,-9900.09,-9944.61,-10067.73,12143.83,58.62357441512511,
15944.0,3021980.98,1115087.36,-9924.56,-9537.11,-9696.67,-9770.3,-9900.1,-9944.62,-10067.74,12143.85,67.43914951514392,
15945.0,3021981.04,1115086.37,-9924.59,-9537.12,-9696.67,-9770.31,-9900.11,-9944.63,-10067.75,12143.86,,
15946.0,3021981.09,1115085.37,-9924.61,-9537.13,-9696.68,-9770.32,-9900.12,-9944.64,-10067.76,12143.87,65.69807343289021,
15947.0,3021981.14,1115084.37,-9924.63,-9537.13,-9696.69,-9770.33,-9900.13,-9944.65,-10067.77,12143.89,65.23525574013922,
15948.0,3021981.19,1115083.37,-9924.66,-9537.14,-9696.7,-9770.34,-9900.14,-9944.66,-10067.77,12143.9,,
15949.0,3021981.25,1115082.37,-9924.68,-9537.15,-9696.71,-9770.35,-9900.14,-9944.67,-10067.78,12143.91,63.03136196513452,
15950.0,3021981.3,1115081.37,-9924.7,-9537.16,-9696.72,-9770.36,-9900.15,-9944.68,-10067.79,12143.93,,
15951.0,3021981.35,1115080.38,-9924.72,-9537.17,-9696.73,-9770.37,-9900.16,-9944.69,-10067.8,12143.94,,
15952.0,3021981.41,1115079.38,-9924.75,-9537.18,-9696.74,-9770.38,-9900.17,-9944.7,-10067.81,12143.95,64.3867566367624,
15953.0,3021981.46,1115078.38,-9924.77,-9537.19,-9696.75,-9770.39,-9900.18,-9944.71,-10067.82,12143.97,65.23525574013922,
15954.0,3021981.51,1115077.38,-9924.79,-9537.2,-9696.76,-9770.4,-9900.19,-9944.72,-10067.83,12143.98,,
15955.0,3021981.57,1115076.38,-9924.81,-9537.21,-9696.77,-9770.41,-9900.2,-9944.73,-10067.84,12143.990000000002,63.40602390688532,
15956.0,3021981.62,1115075.38,-9924.84,-9537.22,-9696.78,-9770.42,-9900.21,-9944.74,-10067.85,12144.01,62.00655135975733,
15957.0,3021981.67,1115074.39,-9924.86,-9537.23,-9696.79,-9770.43,-9900.22,-9944.75,-10067.86,12144.02,60.82746819012981,
15958.0,3021981.72,1115073.39,-9924.88,-9537.24,-9696.8,-9770.43,-9900.23,-9944.75,-10067.87,12144.03,61.80820092000691,
15959.0,3021981.78,1115072.39,-9924.91,-9537.25,-9696.81,-9770.44,-9900.24,-9944.76,-10067.88,12144.05,65.23525574013922,
15960.0,3021981.83,1115071.39,-9924.93,-9537.26,-9696.81,-9770.45,-9900.25,-9944.77,-10067.89,12144.06,63.03136196513452,
15961.0,3021981.88,1115070.39,-9924.95,-9537.27,-9696.82,-9770.46,-9900.26,-9944.78,-10067.9,12144.08,,
15962.0,3021981.94,1115069.39,-9924.98,-9537.27,-9696.83,-9770.47,-9900.27,-9944.79,-10067.91,12144.09,67.08652651114316,
15963.0,3021981.99,1115068.4,-9925.0,-9537.28,-9696.84,-9770.48,-9900.28,-9944.8,-10067.91,12144.1,66.31516368989152,
15964.0,3021982.04,1115067.4,-9925.02,-9537.29,-9696.85,-9770.49,-9900.28,-9944.81,-10067.92,12144.12,65.23525574013922,
15965.0,3021982.1,1115066.4,-9925.05,-9537.3,-9696.86,-9770.5,-9900.29,-9944.82,-10067.93,12144.13,,
15966.0,3021982.15,1115065.4,-9925.07,-9537.31,-9696.87,-9770.51,-9900.3,-9944.83,-10067.94,12144.15,,
15967.0,3021982.2,1115064.4,-9925.09,-9537.32,-9696.88,-9770.52,-9900.31,-9944.84,-10067.95,12144.16,,
15968.0,3021982.26,1115063.4,-9925.12,-9537.33,-9696.89,-9770.53,-9900.32,-9944.85,-10067.96,12144.17,65.69807343289021,
15969.0,3021982.31,1115062.41,-9925.14,-9537.34,-9696.9,-9770.54,-9900.33,-9944.86,-10067.97,12144.19,63.3950044380103,
15970.0,3021982.37,1115061.41,-9925.16,-9537.35,-9696.91,-9770.55,-9900.34,-9944.87,-10067.98,12144.2,63.9129194751364,
15971.0,3021982.42,1115060.41,-9925.19,-9537.36,-9696.92,-9770.56,-9900.35,-9944.88,-10067.99,12144.22,65.69807343289021,
15972.0,3021982.47,1115059.41,-9925.21,-9537.37,-9696.93,-9770.57,-9900.36,-9944.89,-10068.0,12144.23,66.37026103426665,
15973.0,3021982.53,1115058.41,-9925.23,-9537.38,-9696.94,-9770.57,-9900.37,-9944.89,-10068.01,12144.240000000002,65.23525574013922,
15974.0,3021982.58,1115057.41,-9925.26,-9537.39,-9696.95,-9770.58,-9900.38,-9944.9,-10068.02,12144.26,,
15975.0,3021982.63,1115056.42,-9925.28,-9537.4,-9696.95,-9770.59,-9900.39,-9944.91,-10068.03,12144.27,,
15976.0,3021982.69,1115055.42,-9925.3,-9537.41,-9696.96,-9770.6,-9900.4,-9944.92,-10068.04,12144.29,66.93225394689284,
15977.0,3021982.74,1115054.42,-9925.33,-9537.41,-9696.97,-9770.61,-9900.41,-9944.93,-10068.05,12144.3,68.17745392977051,
15978.0,3021982.8,1115053.42,-9925.35,-9537.42,-9696.98,-9770.62,-9900.42,-9944.94,-10068.05,12144.320000000002,67.946045083395,
15979.0,3021982.85,1115052.42,-9925.37,-9537.43,-9696.99,-9770.63,-9900.42,-9944.95,-10068.06,12144.33,66.71186456939238,
15980.0,3021982.9,1115051.42,-9925.4,-9537.44,-9697.0,-9770.64,-9900.43,-9944.96,-10068.07,12144.34,65.23525574013922,
15981.0,3021982.96,1115050.43,-9925.42,-9537.45,-9697.01,-9770.65,-9900.44,-9944.97,-10068.08,12144.36,,
15982.0,3021983.01,1115049.43,-9925.45,-9537.46,-9697.02,-9770.66,-9900.45,-9944.98,-10068.09,12144.37,,
15983.0,3021983.07,1115048.43,-9925.47,-9537.47,-9697.03,-9770.67,-9900.46,-9944.99,-10068.1,12144.39,62.30407701938297,
15984.0,3021983.12,1115047.43,-9925.49,-9537.48,-9697.04,-9770.68,-9900.47,-9945.0,-10068.11,12144.4,62.40325223925817,
15985.0,3021983.17,1115046.43,-9925.52,-9537.49,-9697.05,-9770.69,-9900.48,-9945.01,-10068.12,12144.42,65.23525574013922,
15986.0,3021983.23,1115045.44,-9925.54,-9537.5,-9697.06,-9770.7,-9900.49,-9945.02,-10068.13,12144.43,66.60166988064213,
15987.0,3021983.28,1115044.44,-9925.57,-9537.51,-9697.07,-9770.71,-9900.5,-9945.03,-10068.14,12144.45,66.97633182239294,
15988.0,3021983.34,1115043.44,-9925.59,-9537.52,-9697.08,-9770.71,-9900.51,-9945.03,-10068.15,12144.46,65.23525574013922,
15989.0,3021983.39,1115042.44,-9925.62,-9537.53,-9697.09,-9770.72,-9900.52,-9945.04,-10068.16,12144.48,,
15990.0,3021983.45,1115041.44,-9925.64,-9537.54,-9697.09,-9770.73,-9900.53,-9945.05,-10068.17,12144.490000000002,69.64304329014863,
15991.0,3021983.5,1115040.44,-9925.66,-9537.55,-9697.1,-9770.74,-9900.54,-9945.06,-10068.18,12144.51,62.20490179950776,
15992.0,3021983.56,1115039.45,-9925.69,-9537.56,-9697.11,-9770.75,-9900.55,-9945.07,-10068.19,12144.52,63.83578319301122,
15993.0,3021983.61,1115038.45,-9925.71,-9537.56,-9697.12,-9770.76,-9900.56,-9945.08,-10068.19,12144.54,67.43914951514392,
15994.0,3021983.67,1115037.45,-9925.74,-9537.57,-9697.13,-9770.77,-9900.56,-9945.09,-10068.2,12144.55,66.78900085151754,
15995.0,3021983.73,1115036.45,-9925.76,-9537.58,-9697.14,-9770.78,-9900.57,-9945.1,-10068.21,12144.570000000002,63.03136196513452,
15996.0,3021983.78,1115035.45,-9925.79,-9537.59,-9697.15,-9770.79,-9900.58,-9945.11,-10068.22,12144.58,67.19672119989342,
15997.0,3021983.84,1115034.46,-9925.81,-9537.6,-9697.16,-9770.8,-9900.59,-9945.12,-10068.23,12144.6,69.64304329014863,
15998.0,3021983.89,1115033.46,-9925.84,-9537.61,-9697.17,-9770.81,-9900.6,-9945.13,-10068.24,12144.61,65.23525574013922,
15999.0,3021983.95,1115032.46,-9925.86,-9537.62,-9697.18,-9770.82,-9900.61,-9945.14,-10068.25,12144.63,66.072735374641,
16000.0,3021984.01,1115031.46,-9925.89,-9537.63,-9697.19,-9770.83,-9900.62,-9945.15,-10068.26,12144.64,67.43914951514392,
16001.0,3021984.06,1115030.46,-9925.91,-9537.64,-9697.2,-9770.84,-9900.63,-9945.16,-10068.27,12144.66,65.85234599714055,
16002.0,3021984.12,1115029.46,-9925.94,-9537.65,-9697.21,-9770.85,-9900.64,-9945.17,-10068.28,12144.68,63.03136196513452,
16003.0,3021984.18,1115028.47,-9925.96,-9537.66,-9697.22,-9770.85,-9900.65,-9945.17,-10068.29,12144.69,65.23525574013922,
16004.0,3021984.23,1115027.47,-9925.99,-9537.67,-9697.23,-9770.86,-9900.66,-9945.18,-10068.3,12144.71,66.94327341576786,
16005.0,3021984.29,1115026.47,-9926.01,-9537.68,-9697.23,-9770.87,-9900.67,-9945.19,-10068.31,12144.72,67.14162385551828,
16006.0,3021984.35,1115025.47,-9926.04,-9537.69,-9697.24,-9770.88,-9900.68,-9945.2,-10068.32,12144.740000000002,65.23525574013922,
16007.0,3021984.4,1115024.47,-9926.06,-9537.7,-9697.25,-9770.89,-9900.69,-9945.21,-10068.33,12144.76,,
16008.0,3021984.46,1115023.48,-9926.09,-9537.7,-9697.26,-9770.9,-9900.7,-9945.22,-10068.33,12144.77,63.03136196513452,
16009.0,3021984.52,1115022.48,-9926.11,-9537.71,-9697.27,-9770.91,-9900.7,-9945.23,-10068.34,12144.79,,
16010.0,3021984.57,1115021.48,-9926.14,-9537.72,-9697.28,-9770.92,-9900.71,-9945.24,-10068.35,12144.8,65.23525574013922,
16011.0,3021984.63,1115020.48,-9926.16,-9537.73,-9697.29,-9770.93,-9900.72,-9945.25,-10068.36,12144.820000000002,67.43914951514392,
16012.0,3021984.69,1115019.48,-9926.19,-9537.74,-9697.3,-9770.94,-9900.73,-9945.26,-10068.37,12144.84,64.77243804738823,
16013.0,3021984.75,1115018.49,-9926.22,-9537.75,-9697.31,-9770.95,-9900.74,-9945.27,-10068.38,12144.85,63.03136196513452,
16014.0,3021984.81,1115017.49,-9926.24,-9537.76,-9697.32,-9770.96,-9900.75,-9945.28,-10068.39,12144.87,,
16015.0,3021984.86,1115016.49,-9926.27,-9537.77,-9697.33,-9770.97,-9900.76,-9945.29,-10068.4,12144.89,,
16016.0,3021984.92,1115015.49,-9926.29,-9537.78,-9697.34,-9770.98,-9900.77,-9945.3,-10068.41,12144.9,,
16017.0,3021984.98,1115014.49,-9926.32,-9537.79,-9697.35,-9770.99,-9900.78,-9945.31,-10068.42,12144.92,,
16018.0,3021985.04,1115013.5,-9926.35,-9537.8,-9697.36,-9771.0,-9900.79,-9945.31,-10068.43,12144.94,63.82476372413621,
16019.0,3021985.1,1115012.5,-9926.37,-9537.81,-9697.37,-9771.0,-9900.8,-9945.32,-10068.44,12144.95,65.23525574013922,
16020.0,3021985.15,1115011.5,-9926.4,-9537.82,-9697.37,-9771.01,-9900.81,-9945.33,-10068.45,12144.97,64.27656194801217,
16021.0,3021985.21,1115010.5,-9926.42,-9537.83,-9697.38,-9771.02,-9900.82,-9945.34,-10068.46,12144.990000000002,63.03136196513452,
16022.0,3021985.27,1115009.5,-9926.45,-9537.84,-9697.39,-9771.03,-9900.83,-9945.35,-10068.47,12145.0,60.82746819012981,
16023.0,3021985.33,1115008.51,-9926.48,-9537.84,-9697.4,-9771.04,-9900.84,-9945.36,-10068.47,12145.02,62.54650533463349,
16024.0,3021985.39,1115007.51,-9926.5,-9537.85,-9697.41,-9771.05,-9900.85,-9945.37,-10068.48,12145.04,63.99005575726156,
16025.0,3021985.45,1115006.51,-9926.53,-9537.86,-9697.42,-9771.06,-9900.85,-9945.38,-10068.49,12145.05,67.43914951514392,
16026.0,3021985.51,1115005.51,-9926.56,-9537.87,-9697.43,-9771.07,-9900.86,-9945.39,-10068.5,12145.070000000002,66.9653123535179,
16027.0,3021985.57,1115004.52,-9926.58,-9537.88,-9697.44,-9771.08,-9900.87,-9945.4,-10068.51,12145.09,,
16028.0,3021985.63,1115003.52,-9926.61,-9537.89,-9697.45,-9771.09,-9900.88,-9945.41,-10068.52,12145.11,63.37296550026025,
16029.0,3021985.69,1115002.52,-9926.64,-9537.9,-9697.46,-9771.1,-9900.89,-9945.42,-10068.53,12145.12,65.04792476926382,
16030.0,3021985.75,1115001.52,-9926.66,-9537.91,-9697.47,-9771.11,-9900.9,-9945.43,-10068.54,12145.14,66.65676722501725,
16031.0,3021985.81,1115000.52,-9926.69,-9537.92,-9697.48,-9771.12,-9900.91,-9945.44,-10068.55,12145.16,63.03136196513452,
16032.0,3021985.87,1114999.53,-9926.72,-9537.93,-9697.49,-9771.13,-9900.92,-9945.45,-10068.56,12145.18,,
16033.0,3021985.93,1114998.53,-9926.74,-9537.94,-9697.5,-9771.14,-9900.93,-9945.45,-10068.57,12145.19,,
16034.0,3021985.99,1114997.53,-9926.77,-9537.95,-9697.51,-9771.14,-9900.94,-9945.46,-10068.58,12145.21,59.45003458075188,
16035.0,3021986.05,1114996.53,-9926.8,-9537.96,-9697.52,-9771.15,-9900.95,-9945.47,-10068.59,12145.23,60.92664341000504,
16036.0,3021986.11,1114995.53,-9926.82,-9537.97,-9697.52,-9771.16,-9900.96,-9945.48,-10068.6,12145.25,65.23525574013922,
16037.0,3021986.17,1114994.54,-9926.85,-9537.98,-9697.53,-9771.17,-9900.97,-9945.49,-10068.61,12145.26,67.43914951514392,
16038.0,3021986.23,1114993.54,-9926.88,-9537.98,-9697.54,-9771.18,-9900.98,-9945.5,-10068.62,12145.28,,
16039.0,3021986.29,1114992.54,-9926.9,-9537.99,-9697.55,-9771.19,-9900.99,-9945.51,-10068.62,12145.3,,
16040.0,3021986.35,1114991.54,-9926.93,-9538.0,-9697.56,-9771.2,-9900.99,-9945.52,-10068.63,12145.320000000002,66.09477431239105,
16041.0,3021986.41,1114990.55,-9926.96,-9538.01,-9697.57,-9771.21,-9901.0,-9945.53,-10068.64,12145.33,63.29582921813508,
16042.0,3021986.47,1114989.55,-9926.99,-9538.02,-9697.58,-9771.22,-9901.01,-9945.54,-10068.65,12145.35,60.82746819012981,
16043.0,3021986.53,1114988.55,-9927.01,-9538.03,-9697.59,-9771.23,-9901.02,-9945.55,-10068.66,12145.37,65.23525574013922,
16044.0,3021986.59,1114987.55,-9927.04,-9538.04,-9697.6,-9771.24,-9901.03,-9945.56,-10068.67,12145.39,,
16045.0,3021986.65,1114986.55,-9927.07,-9538.05,-9697.61,-9771.25,-9901.04,-9945.57,-10068.68,12145.41,,
16046.0,3021986.71,1114985.56,-9927.1,-9538.06,-9697.62,-9771.26,-9901.05,-9945.58,-10068.69,12145.43,,
16047.0,3021986.78,1114984.56,-9927.12,-9538.07,-9697.63,-9771.27,-9901.06,-9945.59,-10068.7,12145.44,64.60714601426288,
16048.0,3021986.84,1114983.56,-9927.15,-9538.08,-9697.64,-9771.28,-9901.07,-9945.59,-10068.71,12145.46,60.82746819012981,
16049.0,3021986.9,1114982.56,-9927.18,-9538.09,-9697.65,-9771.28,-9901.08,-9945.6,-10068.72,12145.48,62.54650533463349,
16050.0,3021986.96,1114981.57,-9927.21,-9538.1,-9697.66,-9771.29,-9901.09,-9945.61,-10068.73,12145.5,63.03136196513452,
16051.0,3021987.02,1114980.57,-9927.24,-9538.11,-9697.66,-9771.3,-9901.1,-9945.62,-10068.74,12145.52,64.90467167388852,
16052.0,3021987.09,1114979.57,-9927.26,-9538.12,-9697.67,-9771.31,-9901.11,-9945.63,-10068.75,12145.54,64.16636725926195,
16053.0,3021987.15,1114978.57,-9927.29,-9538.12,-9697.68,-9771.32,-9901.12,-9945.64,-10068.76,12145.56,63.03136196513452,
16054.0,3021987.21,1114977.58,-9927.32,-9538.13,-9697.69,-9771.33,-9901.13,-9945.65,-10068.76,12145.570000000002,,
16055.0,3021987.27,1114976.58,-9927.35,-9538.14,-9697.7,-9771.34,-9901.13,-9945.66,-10068.77,12145.59,,
16056.0,3021987.34,1114975.58,-9927.38,-9538.15,-9697.71,-9771.35,-9901.14,-9945.67,-10068.78,12145.61,,
16057.0,3021987.4,1114974.58,-9927.41,-9538.16,-9697.72,-9771.36,-9901.15,-9945.68,-10068.79,12145.63,64.71734070301312,
16058.0,3021987.46,1114973.58,-9927.43,-9538.17,-9697.73,-9771.37,-9901.16,-9945.69,-10068.8,12145.65,64.78345751626327,
16059.0,3021987.52,1114972.59,-9927.46,-9538.18,-9697.74,-9771.38,-9901.17,-9945.7,-10068.81,12145.67,63.03136196513452,
16060.0,3021987.59,1114971.59,-9927.49,-9538.19,-9697.75,-9771.39,-9901.18,-9945.71,-10068.82,12145.69,66.76696191376749,
16061.0,3021987.65,1114970.59,-9927.52,-9538.2,-9697.76,-9771.4,-9901.19,-9945.72,-10068.83,12145.71,67.43914951514392,
16062.0,3021987.71,1114969.59,-9927.55,-9538.21,-9697.77,-9771.41,-9901.2,-9945.73,-10068.84,12145.73,,
16063.0,3021987.78,1114968.6,-9927.58,-9538.22,-9697.78,-9771.42,-9901.21,-9945.74,-10068.85,12145.75,65.12506105138898,
16064.0,3021987.84,1114967.6,-9927.6,-9538.23,-9697.79,-9771.42,-9901.22,-9945.74,-10068.86,12145.77,63.69253009763592,
16065.0,3021987.9,1114966.6,-9927.63,-9538.24,-9697.8,-9771.43,-9901.23,-9945.75,-10068.87,12145.79,67.43914951514392,
16066.0,3021987.97,1114965.6,-9927.66,-9538.25,-9697.8,-9771.44,-9901.24,-9945.76,-10068.88,12145.8,69.29042028614786,
16067.0,3021988.03,1114964.61,-9927.69,-9538.26,-9697.81,-9771.45,-9901.25,-9945.77,-10068.89,12145.820000000002,68.61823268477144,
16068.0,3021988.1,1114963.61,-9927.72,-9538.26,-9697.82,-9771.46,-9901.26,-9945.78,-10068.9,12145.84,67.43914951514392,
16069.0,3021988.16,1114962.61,-9927.75,-9538.27,-9697.83,-9771.47,-9901.27,-9945.79,-10068.9,12145.86,64.79447698513827,
16070.0,3021988.22,1114961.61,-9927.78,-9538.28,-9697.84,-9771.48,-9901.27,-9945.8,-10068.91,12145.88,63.82476372413621,
16071.0,3021988.29,1114960.62,-9927.81,-9538.29,-9697.85,-9771.49,-9901.28,-9945.81,-10068.92,12145.9,67.43914951514392,
16072.0,3021988.35,1114959.62,-9927.84,-9538.3,-9697.86,-9771.5,-9901.29,-9945.82,-10068.93,12145.92,62.0396097663824,
16073.0,3021988.42,1114958.62,-9927.87,-9538.31,-9697.87,-9771.51,-9901.3,-9945.83,-10068.94,12145.94,62.46936905250831,
16074.0,3021988.48,1114957.62,-9927.89,-9538.32,-9697.88,-9771.52,-9901.31,-9945.84,-10068.95,12145.96,65.23525574013922,
16075.0,3021988.55,1114956.63,-9927.92,-9538.33,-9697.89,-9771.53,-9901.32,-9945.85,-10068.96,12145.98,64.73937964076316,
16076.0,3021988.61,1114955.63,-9927.95,-9538.34,-9697.9,-9771.54,-9901.33,-9945.86,-10068.97,12146.0,63.03136196513452,
16077.0,3021988.67,1114954.63,-9927.98,-9538.35,-9697.91,-9771.55,-9901.34,-9945.87,-10068.98,12146.02,,
16078.0,3021988.74,1114953.63,-9928.01,-9538.36,-9697.92,-9771.56,-9901.35,-9945.88,-10068.99,12146.04,,
16079.0,3021988.8,1114952.64,-9928.04,-9538.37,-9697.93,-9771.56,-9901.36,-9945.88,-10069.0,12146.06,63.43908231351038,
16080.0,3021988.86,1114951.64,-9928.07,-9538.38,-9697.94,-9771.57,-9901.37,-9945.89,-10069.01,12146.08,65.23525574013922,
16081.0,3021988.93,1114950.64,-9928.1,-9538.39,-9697.94,-9771.58,-9901.38,-9945.9,-10069.02,12146.1,64.78345751626327,
16082.0,3021988.99,1114949.64,-9928.13,-9538.4,-9697.95,-9771.59,-9901.39,-9945.91,-10069.03,12146.12,63.03136196513452,
16083.0,3021989.05,1114948.65,-9928.15,-9538.4,-9697.96,-9771.6,-9901.4,-9945.92,-10069.04,12146.14,66.74492297601743,
16084.0,3021989.12,1114947.65,-9928.18,-9538.41,-9697.97,-9771.61,-9901.41,-9945.93,-10069.04,12146.16,62.436310645883246,
16085.0,3021989.18,1114946.65,-9928.21,-9538.42,-9697.98,-9771.62,-9901.41,-9945.94,-10069.05,12146.17,60.82746819012981,
16086.0,3021989.24,1114945.65,-9928.24,-9538.43,-9697.99,-9771.63,-9901.42,-9945.95,-10069.06,12146.19,,
16087.0,3021989.3,1114944.66,-9928.27,-9538.44,-9698.0,-9771.64,-9901.43,-9945.96,-10069.07,12146.21,61.62086994913151,
16088.0,3021989.36,1114943.66,-9928.29,-9538.45,-9698.01,-9771.65,-9901.44,-9945.97,-10069.08,12146.23,63.03136196513452,
16089.0,3021989.42,1114942.66,-9928.32,-9538.46,-9698.02,-9771.66,-9901.45,-9945.98,-10069.09,12146.25,65.23525574013922,
16090.0,3021989.48,1114941.66,-9928.35,-9538.47,-9698.03,-9771.67,-9901.46,-9945.99,-10069.1,12146.27,,
16091.0,3021989.54,1114940.66,-9928.38,-9538.48,-9698.04,-9771.68,-9901.47,-9946.0,-10069.11,12146.29,63.57131594001067,
16092.0,3021989.6,1114939.67,-9928.41,-9538.49,-9698.05,-9771.69,-9901.48,-9946.01,-10069.12,12146.3,66.80002032039256,
16093.0,3021989.66,1114938.67,-9928.43,-9538.5,-9698.06,-9771.7,-9901.49,-9946.02,-10069.13,12146.320000000002,66.42535837864176,
16094.0,3021989.72,1114937.67,-9928.46,-9538.51,-9698.07,-9771.7,-9901.5,-9946.02,-10069.14,12146.34,60.69523456362953,
16095.0,3021989.78,1114936.67,-9928.49,-9538.52,-9698.08,-9771.71,-9901.51,-9946.03,-10069.15,12146.36,64.97078848713865,
16096.0,3021989.84,1114935.67,-9928.51,-9538.53,-9698.08,-9771.72,-9901.52,-9946.04,-10069.16,12146.37,66.3041442210165,
16097.0,3021989.9,1114934.68,-9928.54,-9538.54,-9698.09,-9771.73,-9901.53,-9946.05,-10069.17,12146.39,63.67049115988589,
16098.0,3021989.96,1114933.68,-9928.57,-9538.54,-9698.1,-9771.74,-9901.54,-9946.06,-10069.18,12146.41,62.21592126838277,
16099.0,3021990.02,1114932.68,-9928.59,-9538.55,-9698.11,-9771.75,-9901.55,-9946.07,-10069.18,12146.43,63.10849824725968,
16100.0,3021990.07,1114931.68,-9928.62,-9538.56,-9698.12,-9771.76,-9901.55,-9946.08,-10069.19,12146.44,64.7503991096382,
16101.0,3021990.13,1114930.69,-9928.65,-9538.57,-9698.13,-9771.77,-9901.56,-9946.09,-10069.2,12146.46,65.23525574013922,
16102.0,3021990.19,1114929.69,-9928.67,-9538.58,-9698.14,-9771.78,-9901.57,-9946.1,-10069.21,12146.48,61.63188941800652,
16103.0,3021990.25,1114928.69,-9928.7,-9538.59,-9698.15,-9771.79,-9901.58,-9946.11,-10069.22,12146.5,66.00661856139088,
16104.0,3021990.3,1114927.69,-9928.73,-9538.6,-9698.16,-9771.8,-9901.59,-9946.12,-10069.23,12146.51,57.80813371837336,
16105.0,3021990.36,1114926.69,-9928.75,-9538.61,-9698.17,-9771.81,-9901.6,-9946.13,-10069.24,12146.53,63.75864691088607,
16106.0,3021990.42,1114925.7,-9928.78,-9538.62,-9698.18,-9771.82,-9901.61,-9946.14,-10069.25,12146.54,64.82753539176335,
16107.0,3021990.47,1114924.7,-9928.8,-9538.63,-9698.19,-9771.83,-9901.62,-9946.15,-10069.26,12146.56,63.03136196513452,
16108.0,3021990.53,1114923.7,-9928.83,-9538.64,-9698.2,-9771.84,-9901.63,-9946.16,-10069.27,12146.58,65.73113183951529,
16109.0,3021990.58,1114922.7,-9928.85,-9538.65,-9698.21,-9771.84,-9901.64,-9946.16,-10069.28,12146.59,66.55759200514206,
16110.0,3021990.64,1114921.7,-9928.88,-9538.66,-9698.22,-9771.85,-9901.65,-9946.17,-10069.29,12146.61,63.03136196513452,
16111.0,3021990.69,1114920.7,-9928.91,-9538.67,-9698.22,-9771.86,-9901.66,-9946.18,-10069.3,12146.63,,
16112.0,3021990.75,1114919.71,-9928.93,-9538.68,-9698.23,-9771.87,-9901.67,-9946.19,-10069.31,12146.64,,
16113.0,3021990.8,1114918.71,-9928.96,-9538.69,-9698.24,-9771.88,-9901.68,-9946.2,-10069.32,12146.66,63.52723806451058,
16114.0,3021990.86,1114917.71,-9928.98,-9538.69,-9698.25,-9771.89,-9901.69,-9946.21,-10069.32,12146.67,65.23525574013922,
16115.0,3021990.91,1114916.71,-9929.01,-9538.7,-9698.26,-9771.9,-9901.69,-9946.22,-10069.33,12146.69,61.73106463788174,
16116.0,3021990.97,1114915.71,-9929.03,-9538.71,-9698.27,-9771.91,-9901.7,-9946.23,-10069.34,12146.7,60.82746819012981,
16117.0,3021991.02,1114914.72,-9929.06,-9538.72,-9698.28,-9771.92,-9901.71,-9946.24,-10069.35,12146.72,58.62357441512511,
16118.0,3021991.07,1114913.72,-9929.08,-9538.73,-9698.29,-9771.93,-9901.72,-9946.25,-10069.36,12146.740000000002,,
16119.0,3021991.12,1114912.72,-9929.1,-9538.74,-9698.3,-9771.94,-9901.73,-9946.26,-10069.37,12146.75,65.23525574013922,
16120.0,3021991.18,1114911.72,-9929.13,-9538.75,-9698.31,-9771.95,-9901.74,-9946.27,-10069.38,12146.77,,
16121.0,3021991.23,1114910.72,-9929.15,-9538.76,-9698.32,-9771.96,-9901.75,-9946.28,-10069.39,12146.78,60.82746819012981,
16122.0,3021991.28,1114909.72,-9929.18,-9538.77,-9698.33,-9771.97,-9901.76,-9946.29,-10069.4,12146.8,61.86329826438202,
16123.0,3021991.33,1114908.73,-9929.2,-9538.78,-9698.34,-9771.98,-9901.77,-9946.3,-10069.41,12146.81,63.03136196513452,
16124.0,3021991.39,1114907.73,-9929.23,-9538.79,-9698.35,-9771.98,-9901.78,-9946.3,-10069.42,12146.820000000002,64.91569114276354,
16125.0,3021991.44,1114906.73,-9929.25,-9538.8,-9698.36,-9771.99,-9901.79,-9946.31,-10069.43,12146.84,60.7723708457547,
16126.0,3021991.49,1114905.73,-9929.27,-9538.81,-9698.36,-9772.0,-9901.8,-9946.32,-10069.44,12146.85,55.31773375261806,
16127.0,3021991.54,1114904.73,-9929.3,-9538.82,-9698.37,-9772.01,-9901.81,-9946.33,-10069.45,12146.87,,
16128.0,3021991.59,1114903.73,-9929.32,-9538.83,-9698.38,-9772.02,-9901.82,-9946.34,-10069.46,12146.88,63.03136196513452,
16129.0,3021991.64,1114902.73,-9929.34,-9538.83,-9698.39,-9772.03,-9901.83,-9946.35,-10069.46,12146.9,62.568544272383534,
16130.0,3021991.69,1114901.74,-9929.37,-9538.84,-9698.4,-9772.04,-9901.84,-9946.36,-10069.47,12146.91,60.82746819012981,
16131.0,3021991.74,1114900.74,-9929.39,-9538.85,-9698.41,-9772.05,-9901.84,-9946.37,-10069.48,12146.92,63.30684868701011,
16132.0,3021991.79,1114899.74,-9929.41,-9538.86,-9698.42,-9772.06,-9901.85,-9946.38,-10069.49,12146.94,67.43914951514392,
16133.0,3021991.84,1114898.74,-9929.44,-9538.87,-9698.43,-9772.07,-9901.86,-9946.39,-10069.5,12146.95,69.16920612852262,
16134.0,3021991.89,1114897.74,-9929.46,-9538.88,-9698.44,-9772.08,-9901.87,-9946.4,-10069.51,12146.96,69.64304329014863,
16135.0,3021991.94,1114896.74,-9929.48,-9538.89,-9698.45,-9772.09,-9901.88,-9946.41,-10069.52,12146.98,68.29866808739577,
16136.0,3021991.98,1114895.74,-9929.5,-9538.9,-9698.46,-9772.1,-9901.89,-9946.42,-10069.53,12146.990000000002,63.03136196513452,
16137.0,3021992.03,1114894.75,-9929.53,-9538.91,-9698.47,-9772.11,-9901.9,-9946.43,-10069.54,12147.0,,
16138.0,3021992.08,1114893.75,-9929.55,-9538.92,-9698.48,-9772.12,-9901.91,-9946.44,-10069.55,12147.02,67.43914951514392,
16139.0,3021992.13,1114892.75,-9929.57,-9538.93,-9698.49,-9772.13,-9901.92,-9946.44,-10069.56,12147.03,65.72011237064025,
16140.0,3021992.18,1114891.75,-9929.59,-9538.94,-9698.5,-9772.13,-9901.93,-9946.45,-10069.57,12147.04,65.23525574013922,
16141.0,3021992.22,1114890.75,-9929.62,-9538.95,-9698.51,-9772.14,-9901.94,-9946.46,-10069.58,12147.06,,
16142.0,3021992.27,1114889.75,-9929.64,-9538.96,-9698.51,-9772.15,-9901.95,-9946.47,-10069.59,12147.070000000002,,
16143.0,3021992.32,1114888.75,-9929.66,-9538.97,-9698.52,-9772.16,-9901.96,-9946.48,-10069.6,12147.08,65.7421513083903,
16144.0,3021992.36,1114887.76,-9929.68,-9538.97,-9698.53,-9772.17,-9901.97,-9946.49,-10069.6,12147.09,67.43914951514392,
16145.0,3021992.41,1114886.76,-9929.7,-9538.98,-9698.54,-9772.18,-9901.98,-9946.5,-10069.61,12147.11,,
16146.0,3021992.45,1114885.76,-9929.73,-9538.99,-9698.55,-9772.19,-9901.98,-9946.51,-10069.62,12147.12,,
16147.0,3021992.5,1114884.76,-9929.75,-9539.0,-9698.56,-9772.2,-9901.99,-9946.52,-10069.63,12147.13,,
16148.0,3021992.55,1114883.76,-9929.77,-9539.01,-9698.57,-9772.21,-9902.0,-9946.53,-10069.64,12147.14,,
16149.0,3021992.59,1114882.76,-9929.79,-9539.02,-9698.58,-9772.22,-9902.01,-9946.54,-10069.65,12147.15,,
16150.0,3021992.63,1114881.76,-9929.81,-9539.03,-9698.59,-9772.23,-9902.02,-9946.55,-10069.66,12147.17,,
16151.0,3021992.68,1114880.76,-9929.83,-9539.04,-9698.6,-9772.24,-9902.03,-9946.56,-10069.67,12147.18,66.00661856139088,
16152.0,3021992.72,1114879.77,-9929.85,-9539.05,-9698.61,-9772.25,-9902.04,-9946.57,-10069.68,12147.19,65.54380086863988,
16153.0,3021992.77,1114878.77,-9929.87,-9539.06,-9698.62,-9772.26,-9902.05,-9946.58,-10069.69,12147.2,67.43914951514392,
16154.0,3021992.81,1114877.77,-9929.89,-9539.07,-9698.63,-9772.27,-9902.06,-9946.59,-10069.7,12147.21,66.10579378126607,
16155.0,3021992.85,1114876.77,-9929.91,-9539.08,-9698.64,-9772.27,-9902.07,-9946.59,-10069.71,12147.22,65.23525574013922,
16156.0,3021992.9,1114875.77,-9929.93,-9539.09,-9698.65,-9772.28,-9902.08,-9946.6,-10069.72,12147.23,67.43914951514392,
16157.0,3021992.94,1114874.77,-9929.96,-9539.1,-9698.65,-9772.29,-9902.09,-9946.61,-10069.73,12147.25,,
16158.0,3021992.98,1114873.77,-9929.98,-9539.11,-9698.66,-9772.3,-9902.1,-9946.62,-10069.74,12147.26,,
16159.0,3021993.03,1114872.77,-9930.0,-9539.11,-9698.67,-9772.31,-9902.11,-9946.63,-10069.75,12147.27,,
16160.0,3021993.07,1114871.77,-9930.02,-9539.12,-9698.68,-9772.32,-9902.12,-9946.64,-10069.75,12147.28,69.64304329014863,
16161.0,3021993.11,1114870.78,-9930.04,-9539.13,-9698.69,-9772.33,-9902.12,-9946.65,-10069.76,12147.29,,
16162.0,3021993.15,1114869.78,-9930.06,-9539.14,-9698.7,-9772.34,-9902.13,-9946.66,-10069.77,12147.3,,
16163.0,3021993.19,1114868.78,-9930.08,-9539.15,-9698.71,-9772.35,-9902.14,-9946.67,-10069.78,12147.31,,
16164.0,3021993.23,1114867.78,-9930.09,-9539.16,-9698.72,-9772.36,-9902.15,-9946.68,-10069.79,12147.320000000002,,
16165.0,3021993.27,1114866.78,-9930.11,-9539.17,-9698.73,-9772.37,-9902.16,-9946.69,-10069.8,12147.33,66.55759200514206,
16166.0,3021993.32,1114865.78,-9930.13,-9539.18,-9698.74,-9772.38,-9902.17,-9946.7,-10069.81,12147.34,63.03136196513452,
16167.0,3021993.36,1114864.78,-9930.15,-9539.19,-9698.75,-9772.39,-9902.18,-9946.71,-10069.82,12147.35,61.16907172525555,
16168.0,3021993.4,1114863.78,-9930.17,-9539.2,-9698.76,-9772.4,-9902.19,-9946.72,-10069.83,12147.36,63.56029647113564,
16169.0,3021993.44,1114862.78,-9930.19,-9539.21,-9698.77,-9772.41,-9902.2,-9946.73,-10069.84,12147.37,75.15277772766039,
16170.0,3021993.47,1114861.79,-9930.21,-9539.22,-9698.78,-9772.41,-9902.21,-9946.73,-10069.85,12147.38,70.16095832727474,
16171.0,3021993.51,1114860.79,-9930.23,-9539.23,-9698.79,-9772.42,-9902.22,-9946.74,-10069.86,12147.39,67.43914951514392,
16172.0,3021993.55,1114859.79,-9930.25,-9539.24,-9698.79,-9772.43,-9902.23,-9946.75,-10069.87,12147.4,,
16173.0,3021993.59,1114858.79,-9930.27,-9539.25,-9698.8,-9772.44,-9902.24,-9946.76,-10069.88,12147.41,69.64304329014863,
16174.0,3021993.63,1114857.79,-9930.29,-9539.25,-9698.81,-9772.45,-9902.25,-9946.77,-10069.89,12147.42,,
16175.0,3021993.67,1114856.79,-9930.31,-9539.26,-9698.82,-9772.46,-9902.26,-9946.78,-10069.89,12147.43,,
16176.0,3021993.71,1114855.79,-9930.33,-9539.27,-9698.83,-9772.47,-9902.26,-9946.79,-10069.9,12147.44,67.43914951514392,
16177.0,3021993.75,1114854.79,-9930.34,-9539.28,-9698.84,-9772.48,-9902.27,-9946.8,-10069.91,12147.45,66.97633182239294,
16178.0,3021993.79,1114853.79,-9930.36,-9539.29,-9698.85,-9772.49,-9902.28,-9946.81,-10069.92,12147.46,65.23525574013922,
16179.0,3021993.82,1114852.79,-9930.38,-9539.3,-9698.86,-9772.5,-9902.29,-9946.82,-10069.93,12147.47,66.00661856139088,
16180.0,3021993.86,1114851.79,-9930.4,-9539.31,-9698.87,-9772.51,-9902.3,-9946.83,-10069.94,12147.48,67.43914951514392,
16181.0,3021993.9,1114850.8,-9930.42,-9539.32,-9698.88,-9772.52,-9902.31,-9946.84,-10069.95,12147.490000000002,,
16182.0,3021993.94,1114849.8,-9930.44,-9539.33,-9698.89,-9772.53,-9902.32,-9946.85,-10069.96,12147.5,,
16183.0,3021993.97,1114848.8,-9930.46,-9539.34,-9698.9,-9772.54,-9902.33,-9946.86,-10069.97,12147.51,,
16184.0,3021994.01,1114847.8,-9930.48,-9539.35,-9698.91,-9772.55,-9902.34,-9946.87,-10069.98,12147.52,63.03136196513452,
16185.0,3021994.05,1114846.8,-9930.5,-9539.36,-9698.92,-9772.55,-9902.35,-9946.87,-10069.99,12147.53,63.37296550026025,
16186.0,3021994.09,1114845.8,-9930.52,-9539.37,-9698.93,-9772.56,-9902.36,-9946.88,-10070.0,12147.54,65.23525574013922,
16187.0,3021994.12,1114844.8,-9930.54,-9539.38,-9698.93,-9772.57,-9902.37,-9946.89,-10070.01,12147.55,66.38128050314167,
16188.0,3021994.16,1114843.8,-9930.56,-9539.39,-9698.94,-9772.58,-9902.38,-9946.9,-10070.02,12147.56,69.31245922389793,
16189.0,3021994.2,1114842.8,-9930.58,-9539.39,-9698.95,-9772.59,-9902.39,-9946.91,-10070.03,12147.570000000002,69.64304329014863,
16190.0,3021994.23,1114841.8,-9930.6,-9539.4,-9698.96,-9772.6,-9902.4,-9946.92,-10070.03,12147.58,,
16191.0,3021994.27,1114840.8,-9930.62,-9539.41,-9698.97,-9772.61,-9902.4,-9946.93,-10070.04,12147.6,67.8909477390199,
16192.0,3021994.31,1114839.81,-9930.64,-9539.42,-9698.98,-9772.62,-9902.41,-9946.94,-10070.05,12147.61,67.7587141125196,
16193.0,3021994.34,1114838.81,-9930.66,-9539.43,-9698.99,-9772.63,-9902.42,-9946.95,-10070.06,12147.62,69.64304329014863,
16194.0,3021994.38,1114837.81,-9930.68,-9539.44,-9699.0,-9772.64,-9902.43,-9946.96,-10070.07,12147.63,68.28764861852073,
16195.0,3021994.41,1114836.81,-9930.7,-9539.45,-9699.01,-9772.65,-9902.44,-9946.97,-10070.08,12147.64,67.43914951514392,
16196.0,3021994.45,1114835.81,-9930.72,-9539.46,-9699.02,-9772.66,-9902.45,-9946.98,-10070.09,12147.65,,
16197.0,3021994.48,1114834.81,-9930.74,-9539.47,-9699.03,-9772.67,-9902.46,-9946.99,-10070.1,12147.66,66.94327341576786,
16198.0,3021994.52,1114833.81,-9930.76,-9539.48,-9699.04,-9772.68,-9902.47,-9947.0,-10070.11,12147.67,65.23525574013922,
16199.0,3021994.56,1114832.81,-9930.78,-9539.49,-9699.05,-9772.69,-9902.48,-9947.01,-10070.12,12147.68,69.64304329014863,
16200.0,3021994.59,1114831.81,-9930.8,-9539.5,-9699.06,-9772.69,-9902.49,-9947.01,-10070.13,12147.69,,
16201.0,3021994.63,1114830.81,-9930.82,-9539.51,-9699.07,-9772.7,-9902.5,-9947.02,-10070.14,12147.7,71.84693706515334,
16202.0,3021994.66,1114829.81,-9930.84,-9539.52,-9699.07,-9772.71,-9902.51,-9947.03,-10070.15,12147.72,63.03136196513452,
16203.0,3021994.69,1114828.81,-9930.86,-9539.53,-9699.08,-9772.72,-9902.52,-9947.04,-10070.16,12147.73,,
16204.0,3021994.73,1114827.81,-9930.89,-9539.54,-9699.09,-9772.73,-9902.53,-9947.05,-10070.17,12147.740000000002,60.82746819012981,
16205.0,3021994.76,1114826.82,-9930.91,-9539.54,-9699.1,-9772.74,-9902.54,-9947.06,-10070.17,12147.75,59.35085936087666,
16206.0,3021994.8,1114825.82,-9930.93,-9539.55,-9699.11,-9772.75,-9902.54,-9947.07,-10070.18,12147.76,57.48856912099769,
16207.0,3021994.83,1114824.82,-9930.95,-9539.56,-9699.12,-9772.76,-9902.55,-9947.08,-10070.19,12147.77,55.31773375261806,
16208.0,3021994.87,1114823.82,-9930.97,-9539.57,-9699.13,-9772.77,-9902.56,-9947.09,-10070.2,12147.78,58.62357441512511,
16209.0,3021994.9,1114822.82,-9930.99,-9539.58,-9699.14,-9772.78,-9902.57,-9947.1,-10070.21,12147.8,58.1497372534991,
16210.0,3021994.93,1114821.82,-9931.01,-9539.59,-9699.15,-9772.79,-9902.58,-9947.11,-10070.22,12147.81,55.31773375261806,
16211.0,3021994.97,1114820.82,-9931.03,-9539.6,-9699.16,-9772.8,-9902.59,-9947.12,-10070.23,12147.820000000002,57.85221159387346,
16212.0,3021995.0,1114819.82,-9931.05,-9539.61,-9699.17,-9772.81,-9902.6,-9947.13,-10070.24,12147.83,56.08909657386971,
16213.0,3021995.03,1114818.82,-9931.07,-9539.62,-9699.18,-9772.82,-9902.61,-9947.14,-10070.25,12147.84,52.265340874236536,
16214.0,3021995.06,1114817.82,-9931.09,-9539.63,-9699.19,-9772.83,-9902.62,-9947.15,-10070.26,12147.85,58.62357441512511,
16215.0,3021995.1,1114816.82,-9931.12,-9539.64,-9699.2,-9772.84,-9902.63,-9947.15,-10070.27,12147.87,,
16216.0,3021995.13,1114815.82,-9931.14,-9539.65,-9699.21,-9772.84,-9902.64,-9947.16,-10070.28,12147.88,60.82746819012981,
16217.0,3021995.16,1114814.83,-9931.16,-9539.66,-9699.21,-9772.85,-9902.65,-9947.17,-10070.29,12147.89,56.22133020036998,
16218.0,3021995.2,1114813.83,-9931.18,-9539.67,-9699.22,-9772.86,-9902.66,-9947.18,-10070.3,12147.9,58.05056203362388,
16219.0,3021995.23,1114812.83,-9931.2,-9539.68,-9699.23,-9772.87,-9902.67,-9947.19,-10070.31,12147.91,60.82746819012981,
16220.0,3021995.26,1114811.83,-9931.22,-9539.68,-9699.24,-9772.88,-9902.68,-9947.2,-10070.31,12147.93,,
16221.0,3021995.29,1114810.83,-9931.24,-9539.69,-9699.25,-9772.89,-9902.69,-9947.21,-10070.32,12147.94,60.51892306162916,
16222.0,3021995.32,1114809.83,-9931.26,-9539.7,-9699.26,-9772.9,-9902.69,-9947.22,-10070.33,12147.95,58.62357441512511,
16223.0,3021995.35,1114808.83,-9931.29,-9539.71,-9699.27,-9772.91,-9902.7,-9947.23,-10070.34,12147.96,52.45267184511194,
16224.0,3021995.39,1114807.83,-9931.31,-9539.72,-9699.28,-9772.92,-9902.71,-9947.24,-10070.35,12147.97,51.75844530598546,
16225.0,3021995.42,1114806.83,-9931.33,-9539.73,-9699.29,-9772.93,-9902.72,-9947.25,-10070.36,12147.990000000002,52.1992240609864,
16226.0,3021995.45,1114805.83,-9931.35,-9539.74,-9699.3,-9772.94,-9902.73,-9947.26,-10070.37,12148.0,48.70605242760395,
16227.0,3021995.48,1114804.83,-9931.37,-9539.75,-9699.31,-9772.95,-9902.74,-9947.27,-10070.38,12148.01,49.41129843560545,
16228.0,3021995.51,1114803.83,-9931.39,-9539.76,-9699.32,-9772.96,-9902.75,-9947.28,-10070.39,12148.02,53.11383997761335,
16229.0,3021995.54,1114802.83,-9931.42,-9539.77,-9699.33,-9772.97,-9902.76,-9947.29,-10070.4,12148.04,54.87695499761711,
16230.0,3021995.57,1114801.83,-9931.44,-9539.78,-9699.34,-9772.98,-9902.77,-9947.29,-10070.41,12148.05,57.19104346137206,
16231.0,3021995.6,1114800.84,-9931.46,-9539.79,-9699.35,-9772.98,-9902.78,-9947.3,-10070.42,12148.06,58.62357441512511,
16232.0,3021995.63,1114799.84,-9931.48,-9539.8,-9699.36,-9772.99,-9902.79,-9947.31,-10070.43,12148.070000000002,,
16233.0,3021995.66,1114798.84,-9931.5,-9539.81,-9699.36,-9773.0,-9902.8,-9947.32,-10070.44,12148.09,57.44449124549759,
16234.0,3021995.69,1114797.84,-9931.53,-9539.82,-9699.37,-9773.01,-9902.81,-9947.33,-10070.45,12148.1,55.31773375261806,
16235.0,3021995.72,1114796.84,-9931.55,-9539.82,-9699.38,-9773.02,-9902.82,-9947.34,-10070.46,12148.11,,
16236.0,3021995.75,1114795.84,-9931.57,-9539.83,-9699.39,-9773.03,-9902.83,-9947.35,-10070.46,12148.12,,
16237.0,3021995.78,1114794.84,-9931.59,-9539.84,-9699.4,-9773.04,-9902.83,-9947.36,-10070.47,12148.14,53.11383997761335,
16238.0,3021995.81,1114793.84,-9931.61,-9539.85,-9699.41,-9773.05,-9902.84,-9947.37,-10070.48,12148.15,,
16239.0,3021995.84,1114792.84,-9931.64,-9539.86,-9699.42,-9773.06,-9902.85,-9947.38,-10070.49,12148.16,57.3563354944974,
16240.0,3021995.87,1114791.84,-9931.66,-9539.87,-9699.43,-9773.07,-9902.86,-9947.39,-10070.5,12148.18,55.94584347849439,
16241.0,3021995.9,1114790.84,-9931.68,-9539.88,-9699.44,-9773.08,-9902.87,-9947.4,-10070.51,12148.19,52.55184706498715,
16242.0,3021995.93,1114789.84,-9931.7,-9539.89,-9699.45,-9773.09,-9902.88,-9947.41,-10070.52,12148.2,55.80259038311909,
16243.0,3021995.95,1114788.84,-9931.73,-9539.9,-9699.46,-9773.1,-9902.89,-9947.42,-10070.53,12148.22,53.92928067436509,
16244.0,3021995.98,1114787.84,-9931.75,-9539.91,-9699.47,-9773.11,-9902.9,-9947.43,-10070.54,12148.23,53.91826120549006,
16245.0,3021996.01,1114786.84,-9931.77,-9539.92,-9699.48,-9773.12,-9902.91,-9947.44,-10070.55,12148.240000000002,58.62357441512511,
16246.0,3021996.04,1114785.85,-9931.79,-9539.93,-9699.49,-9773.12,-9902.92,-9947.44,-10070.56,12148.25,,
16247.0,3021996.07,1114784.85,-9931.82,-9539.94,-9699.5,-9773.13,-9902.93,-9947.45,-10070.57,12148.27,54.05049483199035,
16248.0,3021996.09,1114783.85,-9931.84,-9539.95,-9699.5,-9773.14,-9902.94,-9947.46,-10070.58,12148.28,53.11383997761335,
16249.0,3021996.12,1114782.85,-9931.86,-9539.96,-9699.51,-9773.15,-9902.95,-9947.47,-10070.59,12148.29,51.94577627686086,
16250.0,3021996.15,1114781.85,-9931.88,-9539.96,-9699.52,-9773.16,-9902.96,-9947.48,-10070.6,12148.31,50.90994620260865,
16251.0,3021996.18,1114780.85,-9931.91,-9539.97,-9699.53,-9773.17,-9902.97,-9947.49,-10070.6,12148.320000000002,48.39750729910329,
16252.0,3021996.2,1114779.85,-9931.93,-9539.98,-9699.54,-9773.18,-9902.97,-9947.5,-10070.61,12148.33,46.50215865259924,
16253.0,3021996.23,1114778.85,-9931.95,-9539.99,-9699.55,-9773.19,-9902.98,-9947.51,-10070.62,12148.35,52.022912558986015,
16254.0,3021996.26,1114777.85,-9931.98,-9540.0,-9699.56,-9773.2,-9902.99,-9947.52,-10070.63,12148.36,53.11383997761335,
16255.0,3021996.28,1114776.85,-9932.0,-9540.01,-9699.57,-9773.21,-9903.0,-9947.53,-10070.64,12148.38,,
16256.0,3021996.31,1114775.85,-9932.02,-9540.02,-9699.58,-9773.22,-9903.01,-9947.54,-10070.65,12148.39,,
16257.0,3021996.34,1114774.85,-9932.04,-9540.03,-9699.59,-9773.23,-9903.02,-9947.55,-10070.66,12148.4,,
16258.0,3021996.36,1114773.85,-9932.07,-9540.04,-9699.6,-9773.24,-9903.03,-9947.56,-10070.67,12148.42,,
16259.0,3021996.39,1114772.85,-9932.09,-9540.05,-9699.61,-9773.25,-9903.04,-9947.57,-10070.68,12148.43,51.36174442648461,
16260.0,3021996.42,1114771.85,-9932.11,-9540.06,-9699.62,-9773.26,-9903.05,-9947.58,-10070.69,12148.44,50.90994620260865,
16261.0,3021996.44,1114770.85,-9932.14,-9540.07,-9699.63,-9773.26,-9903.06,-9947.58,-10070.7,12148.46,52.628983347112325,
16262.0,3021996.47,1114769.86,-9932.16,-9540.08,-9699.64,-9773.27,-9903.07,-9947.59,-10070.71,12148.47,52.33145768748668,
16263.0,3021996.49,1114768.86,-9932.18,-9540.09,-9699.64,-9773.28,-9903.08,-9947.6,-10070.72,12148.490000000002,50.425089572107616,
16264.0,3021996.52,1114767.86,-9932.21,-9540.1,-9699.65,-9773.29,-9903.09,-9947.61,-10070.73,12148.5,49.04765596272968,
16265.0,3021996.54,1114766.86,-9932.23,-9540.1,-9699.66,-9773.3,-9903.1,-9947.62,-10070.74,12148.52,50.90994620260865,
16266.0,3021996.57,1114765.86,-9932.25,-9540.11,-9699.67,-9773.31,-9903.11,-9947.63,-10070.74,12148.53,50.22673913235719,
16267.0,3021996.59,1114764.86,-9932.28,-9540.12,-9699.68,-9773.32,-9903.11,-9947.64,-10070.75,12148.54,46.50215865259924,
16268.0,3021996.62,1114763.86,-9932.3,-9540.13,-9699.69,-9773.33,-9903.12,-9947.65,-10070.76,12148.56,,
16269.0,3021996.64,1114762.86,-9932.33,-9540.14,-9699.7,-9773.34,-9903.13,-9947.66,-10070.77,12148.570000000002,51.61519221061016,
16270.0,3021996.67,1114761.86,-9932.35,-9540.15,-9699.71,-9773.35,-9903.14,-9947.67,-10070.78,12148.59,51.75844530598546,
16271.0,3021996.69,1114760.86,-9932.37,-9540.16,-9699.72,-9773.36,-9903.15,-9947.68,-10070.79,12148.6,50.90994620260865,
16272.0,3021996.72,1114759.86,-9932.4,-9540.17,-9699.73,-9773.37,-9903.16,-9947.69,-10070.8,12148.62,52.3865550318618,
16273.0,3021996.74,1114758.86,-9932.42,-9540.18,-9699.74,-9773.38,-9903.17,-9947.7,-10070.81,12148.63,52.28737981198659,
16274.0,3021996.77,1114757.86,-9932.45,-9540.19,-9699.75,-9773.39,-9903.18,-9947.71,-10070.82,12148.65,,
16275.0,3021996.79,1114756.86,-9932.47,-9540.2,-9699.76,-9773.4,-9903.19,-9947.72,-10070.83,12148.66,48.87134446072929,
16276.0,3021996.82,1114755.86,-9932.49,-9540.21,-9699.77,-9773.4,-9903.2,-9947.72,-10070.84,12148.68,50.55732319860789,
16277.0,3021996.84,1114754.86,-9932.52,-9540.22,-9699.78,-9773.41,-9903.21,-9947.73,-10070.85,12148.69,52.35349662523674,
16278.0,3021996.87,1114753.86,-9932.54,-9540.23,-9699.78,-9773.42,-9903.22,-9947.74,-10070.86,12148.71,53.11383997761335,
16279.0,3021996.89,1114752.87,-9932.57,-9540.24,-9699.79,-9773.43,-9903.23,-9947.75,-10070.87,12148.72,54.20476739624068,
16280.0,3021996.91,1114751.87,-9932.59,-9540.24,-9699.8,-9773.44,-9903.24,-9947.76,-10070.88,12148.740000000002,54.4912735869913,
16281.0,3021996.94,1114750.87,-9932.62,-9540.25,-9699.81,-9773.45,-9903.25,-9947.77,-10070.88,12148.75,52.210243529861415,
16282.0,3021996.96,1114749.87,-9932.64,-9540.26,-9699.82,-9773.46,-9903.25,-9947.78,-10070.89,12148.77,50.95402407810874,
16283.0,3021996.98,1114748.87,-9932.67,-9540.27,-9699.83,-9773.47,-9903.26,-9947.79,-10070.9,12148.78,50.90994620260865,
16284.0,3021997.01,1114747.87,-9932.69,-9540.28,-9699.84,-9773.48,-9903.27,-9947.8,-10070.91,12148.8,49.90717453498152,
16285.0,3021997.03,1114746.87,-9932.72,-9540.29,-9699.85,-9773.49,-9903.28,-9947.81,-10070.92,12148.81,49.87411612835644,
16286.0,3021997.06,1114745.87,-9932.74,-9540.3,-9699.86,-9773.5,-9903.29,-9947.82,-10070.93,12148.83,50.78873204498339,
16287.0,3021997.08,1114744.87,-9932.77,-9540.31,-9699.87,-9773.51,-9903.3,-9947.83,-10070.94,12148.84,50.45814797873269,
16288.0,3021997.1,1114743.87,-9932.79,-9540.32,-9699.88,-9773.52,-9903.31,-9947.84,-10070.95,12148.86,48.70605242760395,
16289.0,3021997.12,1114742.87,-9932.82,-9540.33,-9699.89,-9773.53,-9903.32,-9947.85,-10070.96,12148.88,49.069694900479725,
16290.0,3021997.15,1114741.87,-9932.84,-9540.34,-9699.9,-9773.54,-9903.33,-9947.86,-10070.97,12148.89,50.90994620260865,
16291.0,3021997.17,1114740.87,-9932.87,-9540.35,-9699.91,-9773.54,-9903.34,-9947.86,-10070.98,12148.91,46.50215865259924,
16292.0,3021997.19,1114739.87,-9932.89,-9540.36,-9699.92,-9773.55,-9903.35,-9947.87,-10070.99,12148.92,48.926441805104425,
16293.0,3021997.22,1114738.87,-9932.92,-9540.37,-9699.92,-9773.56,-9903.36,-9947.88,-10071.0,12148.94,50.90994620260865,
16294.0,3021997.24,1114737.87,-9932.94,-9540.38,-9699.93,-9773.57,-9903.37,-9947.89,-10071.01,12148.96,46.50215865259924,
16295.0,3021997.26,1114736.87,-9932.97,-9540.39,-9699.94,-9773.58,-9903.38,-9947.9,-10071.02,12148.97,,
16296.0,3021997.28,1114735.88,-9933.0,-9540.39,-9699.95,-9773.59,-9903.39,-9947.91,-10071.02,12148.990000000002,48.66197455210385,
16297.0,3021997.31,1114734.88,-9933.02,-9540.4,-9699.96,-9773.6,-9903.39,-9947.92,-10071.03,12149.01,50.90994620260865,
16298.0,3021997.33,1114733.88,-9933.05,-9540.41,-9699.97,-9773.61,-9903.4,-9947.93,-10071.04,12149.02,52.8052948491127,
16299.0,3021997.35,1114732.88,-9933.07,-9540.42,-9699.98,-9773.62,-9903.41,-9947.94,-10071.05,12149.04,51.339705488734566,
16300.0,3021997.37,1114731.88,-9933.1,-9540.43,-9699.99,-9773.63,-9903.42,-9947.95,-10071.06,12149.06,55.846668258619175,
16301.0,3021997.4,1114730.88,-9933.12,-9540.44,-9700.0,-9773.64,-9903.43,-9947.96,-10071.07,12149.070000000002,58.62357441512511,
16302.0,3021997.42,1114729.88,-9933.15,-9540.45,-9700.01,-9773.65,-9903.44,-9947.97,-10071.08,12149.09,55.09734437511759,
16303.0,3021997.44,1114728.88,-9933.18,-9540.46,-9700.02,-9773.66,-9903.45,-9947.98,-10071.09,12149.11,55.31773375261806,
16304.0,3021997.46,1114727.88,-9933.2,-9540.47,-9700.03,-9773.67,-9903.46,-9947.99,-10071.1,12149.12,53.609716076989415,
16305.0,3021997.48,1114726.88,-9933.23,-9540.48,-9700.04,-9773.68,-9903.47,-9948.0,-10071.11,12149.14,53.565638201489314,
16306.0,3021997.5,1114725.88,-9933.26,-9540.49,-9700.05,-9773.68,-9903.48,-9948.0,-10071.12,12149.16,55.31773375261806,
16307.0,3021997.53,1114724.88,-9933.28,-9540.5,-9700.06,-9773.69,-9903.49,-9948.01,-10071.13,12149.17,,
16308.0,3021997.55,1114723.88,-9933.31,-9540.51,-9700.06,-9773.7,-9903.5,-9948.02,-10071.14,12149.19,58.12769831574905,
16309.0,3021997.57,1114722.88,-9933.34,-9540.52,-9700.07,-9773.71,-9903.51,-9948.03,-10071.15,12149.21,57.03677089712173,
16310.0,3021997.59,1114721.88,-9933.36,-9540.53,-9700.08,-9773.72,-9903.52,-9948.04,-10071.16,12149.23,55.31773375261806,
16311.0,3021997.61,1114720.88,-9933.39,-9540.53,-9700.09,-9773.73,-9903.53,-9948.05,-10071.16,12149.240000000002,,
16312.0,3021997.63,1114719.88,-9933.42,-9540.54,-9700.1,-9773.74,-9903.53,-9948.06,-10071.17,12149.26,56.79434258187121,
16313.0,3021997.65,1114718.89,-9933.44,-9540.55,-9700.11,-9773.75,-9903.54,-9948.07,-10071.18,12149.28,58.62357441512511,
16314.0,3021997.67,1114717.89,-9933.47,-9540.56,-9700.12,-9773.76,-9903.55,-9948.08,-10071.19,12149.3,,
16315.0,3021997.69,1114716.89,-9933.5,-9540.57,-9700.13,-9773.77,-9903.56,-9948.09,-10071.2,12149.31,,
16316.0,3021997.71,1114715.89,-9933.52,-9540.58,-9700.14,-9773.78,-9903.57,-9948.1,-10071.21,12149.33,,
16317.0,3021997.74,1114714.89,-9933.55,-9540.59,-9700.15,-9773.79,-9903.58,-9948.11,-10071.22,12149.35,55.31773375261806,
16318.0,3021997.76,1114713.89,-9933.58,-9540.6,-9700.16,-9773.8,-9903.59,-9948.12,-10071.23,12149.37,53.74194970348969,
16319.0,3021997.78,1114712.89,-9933.61,-9540.61,-9700.17,-9773.81,-9903.6,-9948.13,-10071.24,12149.39,50.90994620260865,
16320.0,3021997.8,1114711.89,-9933.63,-9540.62,-9700.18,-9773.82,-9903.61,-9948.14,-10071.25,12149.4,52.6620417537374,
16321.0,3021997.82,1114710.89,-9933.66,-9540.63,-9700.19,-9773.83,-9903.62,-9948.15,-10071.26,12149.42,53.97335854986519,
16322.0,3021997.84,1114709.89,-9933.69,-9540.64,-9700.2,-9773.83,-9903.63,-9948.15,-10071.27,12149.44,53.11383997761335,
16323.0,3021997.86,1114708.89,-9933.72,-9540.65,-9700.21,-9773.84,-9903.64,-9948.16,-10071.28,12149.46,59.54920980062709,
16324.0,3021997.88,1114707.89,-9933.74,-9540.66,-9700.22,-9773.85,-9903.65,-9948.17,-10071.29,12149.48,54.8659355287421,
16325.0,3021997.9,1114706.89,-9933.77,-9540.67,-9700.22,-9773.86,-9903.66,-9948.18,-10071.3,12149.490000000002,51.71436743048536,
16326.0,3021997.92,1114705.89,-9933.8,-9540.68,-9700.23,-9773.87,-9903.67,-9948.19,-10071.31,12149.51,51.64825061723523,
16327.0,3021997.94,1114704.89,-9933.83,-9540.68,-9700.24,-9773.88,-9903.68,-9948.2,-10071.32,12149.53,53.11383997761335,
16328.0,3021997.96,1114703.89,-9933.86,-9540.69,-9700.25,-9773.89,-9903.69,-9948.21,-10071.32,12149.55,52.2983992808616,
16329.0,3021997.97,1114702.89,-9933.88,-9540.7,-9700.26,-9773.9,-9903.7,-9948.22,-10071.33,12149.570000000002,50.90994620260865,
16330.0,3021997.99,1114701.9,-9933.91,-9540.71,-9700.27,-9773.91,-9903.7,-9948.23,-10071.34,12149.59,,
16331.0,3021998.01,1114700.9,-9933.94,-9540.72,-9700.28,-9773.92,-9903.71,-9948.24,-10071.35,12149.61,53.11383997761335,
16332.0,3021998.03,1114699.9,-9933.97,-9540.73,-9700.29,-9773.93,-9903.72,-9948.25,-10071.36,12149.62,49.6206683442309,
16333.0,3021998.05,1114698.9,-9934.0,-9540.74,-9700.3,-9773.94,-9903.73,-9948.26,-10071.37,12149.64,48.70605242760395,
16334.0,3021998.07,1114697.9,-9934.03,-9540.75,-9700.31,-9773.95,-9903.74,-9948.27,-10071.38,12149.66,,
16335.0,3021998.09,1114696.9,-9934.05,-9540.76,-9700.32,-9773.96,-9903.75,-9948.28,-10071.39,12149.68,49.70882409523109,
16336.0,3021998.11,1114695.9,-9934.08,-9540.77,-9700.33,-9773.97,-9903.76,-9948.29,-10071.4,12149.7,50.90994620260865,
16337.0,3021998.13,1114694.9,-9934.11,-9540.78,-9700.34,-9773.98,-9903.77,-9948.3,-10071.41,12149.72,48.70605242760395,
16338.0,3021998.15,1114693.9,-9934.14,-9540.79,-9700.35,-9773.99,-9903.78,-9948.31,-10071.42,12149.740000000002,56.4637585156205,
16339.0,3021998.16,1114692.9,-9934.17,-9540.8,-9700.36,-9774.0,-9903.79,-9948.32,-10071.43,12149.76,58.62357441512511,
16340.0,3021998.18,1114691.9,-9934.2,-9540.81,-9700.37,-9774.01,-9903.8,-9948.32,-10071.44,12149.78,55.6703567566188,
16341.0,3021998.2,1114690.9,-9934.23,-9540.82,-9700.38,-9774.01,-9903.81,-9948.33,-10071.45,12149.8,53.11383997761335,
16342.0,3021998.22,1114689.9,-9934.26,-9540.83,-9700.39,-9774.02,-9903.82,-9948.34,-10071.46,12149.820000000002,,
16343.0,3021998.24,1114688.9,-9934.28,-9540.84,-9700.39,-9774.03,-9903.83,-9948.35,-10071.47,12149.84,57.510608058747735,
16344.0,3021998.26,1114687.9,-9934.31,-9540.85,-9700.4,-9774.04,-9903.84,-9948.36,-10071.48,12149.86,57.04779036599675,
16345.0,3021998.27,1114686.9,-9934.34,-9540.86,-9700.41,-9774.05,-9903.85,-9948.37,-10071.49,12149.88,50.90994620260865,
16346.0,3021998.29,1114685.9,-9934.37,-9540.86,-9700.42,-9774.06,-9903.86,-9948.38,-10071.49,12149.9,,
16347.0,3021998.31,1114684.91,-9934.4,-9540.87,-9700.43,-9774.07,-9903.87,-9948.39,-10071.5,12149.92,,
16348.0,3021998.33,1114683.91,-9934.43,-9540.88,-9700.44,-9774.08,-9903.87,-9948.4,-10071.51,12149.94,56.12215498049476,
16349.0,3021998.34,1114682.91,-9934.46,-9540.89,-9700.45,-9774.09,-9903.88,-9948.41,-10071.52,12149.96,65.23525574013922,
16350.0,3021998.36,1114681.91,-9934.49,-9540.9,-9700.46,-9774.1,-9903.89,-9948.42,-10071.53,12149.98,57.19104346137206,
16351.0,3021998.38,1114680.91,-9934.52,-9540.91,-9700.47,-9774.11,-9903.9,-9948.43,-10071.54,12150.0,56.19929126261994,
16352.0,3021998.4,1114679.91,-9934.55,-9540.92,-9700.48,-9774.12,-9903.91,-9948.44,-10071.55,12150.02,60.82746819012981,
16353.0,3021998.41,1114678.91,-9934.58,-9540.93,-9700.49,-9774.13,-9903.92,-9948.45,-10071.56,12150.04,,
16354.0,3021998.43,1114677.91,-9934.61,-9540.94,-9700.5,-9774.14,-9903.93,-9948.46,-10071.57,12150.06,62.68975843000879,
16355.0,3021998.45,1114676.91,-9934.64,-9540.95,-9700.51,-9774.15,-9903.94,-9948.47,-10071.58,12150.08,63.90190000626137,
16356.0,3021998.47,1114675.91,-9934.67,-9540.96,-9700.52,-9774.16,-9903.95,-9948.48,-10071.59,12150.1,66.4363778475168,
16357.0,3021998.48,1114674.91,-9934.7,-9540.97,-9700.53,-9774.17,-9903.96,-9948.49,-10071.6,12150.12,58.1497372534991,
16358.0,3021998.5,1114673.91,-9934.73,-9540.98,-9700.54,-9774.18,-9903.97,-9948.49,-10071.61,12150.14,55.31773375261806,
16359.0,3021998.52,1114672.91,-9934.76,-9540.99,-9700.55,-9774.18,-9903.98,-9948.5,-10071.62,12150.16,54.37005942936604,
16360.0,3021998.53,1114671.91,-9934.79,-9541.0,-9700.56,-9774.19,-9903.99,-9948.51,-10071.63,12150.18,52.2983992808616,
16361.0,3021998.55,1114670.91,-9934.82,-9541.01,-9700.56,-9774.2,-9904.0,-9948.52,-10071.64,12150.2,53.11383997761335,
16362.0,3021998.57,1114669.91,-9934.85,-9541.02,-9700.57,-9774.21,-9904.01,-9948.53,-10071.65,12150.22,60.82746819012981,
16363.0,3021998.59,1114668.91,-9934.88,-9541.03,-9700.58,-9774.22,-9904.02,-9948.54,-10071.66,12150.25,,
16364.0,3021998.61,1114667.92,-9934.91,-9541.03,-9700.59,-9774.23,-9904.03,-9948.55,-10071.67,12150.27,61.15805225638052,
16365.0,3021998.63,1114666.92,-9934.94,-9541.04,-9700.6,-9774.24,-9904.04,-9948.56,-10071.67,12150.29,63.03136196513452,
16366.0,3021998.65,1114665.92,-9934.98,-9541.05,-9700.61,-9774.25,-9904.04,-9948.57,-10071.68,12150.31,58.62357441512511,
16367.0,3021998.67,1114664.92,-9935.01,-9541.09,-9700.65,-9774.29,-9904.08,-9948.61,-10071.72,12150.3,69.64304329014863,
16368.0,3021998.69,1114663.92,-9935.04,-9541.17,-9700.73,-9774.37,-9904.16,-9948.69,-10071.8,12150.26,,
16369.0,3021998.71,1114662.92,-9935.07,-9541.25,-9700.81,-9774.44,-9904.24,-9948.76,-10071.88,12150.21,67.20774066876842,
16370.0,3021998.73,1114661.92,-9935.1,-9541.32,-9700.88,-9774.52,-9904.32,-9948.84,-10071.95,12150.17,,
16371.0,3021998.75,1114660.92,-9935.13,-9541.4,-9700.96,-9774.6,-9904.39,-9948.92,-10072.03,12150.12,60.838487659004834,
16372.0,3021998.78,1114659.92,-9935.17,-9541.48,-9701.04,-9774.68,-9904.47,-9949.0,-10072.11,12150.08,60.97072128550512,
16373.0,3021998.8,1114658.92,-9935.2,-9541.56,-9701.11,-9774.75,-9904.55,-9949.07,-10072.19,12150.03,63.05340090288456,
16374.0,3021998.82,1114657.92,-9935.23,-9541.63,-9701.19,-9774.83,-9904.62,-9949.15,-10072.26,12149.990000000002,60.82746819012981,
16375.0,3021998.85,1114656.92,-9935.26,-9541.71,-9701.27,-9774.91,-9904.7,-9949.23,-10072.34,12149.95,65.23525574013922,
16376.0,3021998.87,1114655.92,-9935.3,-9541.79,-9701.35,-9774.98,-9904.78,-9949.3,-10072.42,12149.9,,
16377.0,3021998.89,1114654.93,-9935.33,-9541.86,-9701.42,-9775.06,-9904.85,-9949.38,-10072.49,12149.86,64.7503991096382,
16378.0,3021998.92,1114653.93,-9935.36,-9541.94,-9701.5,-9775.14,-9904.93,-9949.46,-10072.57,12149.81,63.03136196513452,
16379.0,3021998.94,1114652.93,-9935.4,-9542.02,-9701.58,-9775.22,-9905.01,-9949.53,-10072.65,12149.77,,
16380.0,3021998.97,1114651.93,-9935.43,-9542.09,-9701.65,-9775.29,-9905.09,-9949.61,-10072.73,12149.72,65.32341149113941,
16381.0,3021999.0,1114650.93,-9935.46,-9542.17,-9701.73,-9775.37,-9905.16,-9949.69,-10072.8,12149.68,64.88263273613846,
16382.0,3021999.02,1114649.93,-9935.5,-9542.25,-9701.81,-9775.45,-9905.24,-9949.77,-10072.88,12149.64,64.70632123413809,
16383.0,3021999.05,1114648.93,-9935.53,-9542.33,-9701.88,-9775.52,-9905.32,-9949.84,-10072.96,12149.6,64.32063982351228,
16384.0,3021999.08,1114647.93,-9935.57,-9542.4,-9701.96,-9775.6,-9905.39,-9949.92,-10073.03,12149.55,61.68698676238165,
16385.0,3021999.11,1114646.93,-9935.6,-9542.48,-9702.04,-9775.68,-9905.47,-9950.0,-10073.11,12149.51,63.03136196513452,
16386.0,3021999.13,1114645.93,-9935.64,-9542.56,-9702.12,-9775.75,-9905.55,-9950.07,-10073.19,12149.47,54.7777797777419,
16387.0,3021999.16,1114644.93,-9935.67,-9542.63,-9702.19,-9775.83,-9905.63,-9950.15,-10073.26,12149.43,49.36722056010535,
16388.0,3021999.19,1114643.94,-9935.7,-9542.71,-9702.27,-9775.91,-9905.7,-9950.23,-10073.34,12149.38,48.76114977197906,
16389.0,3021999.22,1114642.94,-9935.74,-9542.79,-9702.35,-9775.99,-9905.78,-9950.31,-10073.42,12149.34,50.90994620260865,
16390.0,3021999.25,1114641.94,-9935.77,-9542.87,-9702.42,-9776.06,-9905.86,-9950.38,-10073.5,12149.3,48.70605242760395,
16391.0,3021999.28,1114640.94,-9935.81,-9542.94,-9702.5,-9776.14,-9905.93,-9950.46,-10073.57,12149.26,54.976130217492326,
16392.0,3021999.31,1114639.94,-9935.85,-9543.02,-9702.58,-9776.22,-9906.01,-9950.54,-10073.65,12149.21,53.23505413523861,
16393.0,3021999.35,1114638.94,-9935.88,-9543.1,-9702.65,-9776.29,-9906.09,-9950.61,-10073.73,12149.17,58.12769831574905,
16394.0,3021999.38,1114637.94,-9935.92,-9543.17,-9702.73,-9776.37,-9906.16,-9950.69,-10073.8,12149.13,53.5105408571142,
16395.0,3021999.41,1114636.94,-9935.95,-9543.25,-9702.81,-9776.45,-9906.24,-9950.77,-10073.88,12149.09,54.7777797777419,
16396.0,3021999.44,1114635.94,-9935.99,-9543.33,-9702.89,-9776.52,-9906.32,-9950.84,-10073.96,12149.05,59.94591068012794,
16397.0,3021999.48,1114634.95,-9936.02,-9543.4,-9702.96,-9776.6,-9906.4,-9950.92,-10074.03,12149.01,56.551914266620685,
16398.0,3021999.51,1114633.95,-9936.06,-9543.48,-9703.04,-9776.68,-9906.47,-9951.0,-10074.11,12148.97,58.0064841581238,
16399.0,3021999.54,1114632.95,-9936.1,-9543.56,-9703.12,-9776.76,-9906.55,-9951.08,-10074.19,12148.93,58.62357441512511,
16400.0,3021999.58,1114631.95,-9936.13,-9543.64,-9703.19,-9776.83,-9906.63,-9951.15,-10074.27,12148.89,59.51615139400202,
16401.0,3021999.61,1114630.95,-9936.17,-9543.71,-9703.27,-9776.91,-9906.7,-9951.23,-10074.34,12148.85,62.2269407372578,
16402.0,3021999.65,1114629.95,-9936.21,-9543.79,-9703.35,-9776.98,-9906.78,-9951.3,-10074.42,12148.81,59.62634608275225,
16403.0,3021999.68,1114628.95,-9936.24,-9543.86,-9703.42,-9777.06,-9906.85,-9951.38,-10074.49,12148.77,58.62357441512511,
16404.0,3021999.72,1114627.95,-9936.28,-9543.94,-9703.5,-9777.14,-9906.93,-9951.46,-10074.57,12148.73,61.55475313588136,
16405.0,3021999.76,1114626.96,-9936.32,-9544.01,-9703.57,-9777.21,-9907.0,-9951.53,-10074.64,12148.7,61.543733667006336,
16406.0,3021999.79,1114625.96,-9936.36,-9544.09,-9703.65,-9777.29,-9907.08,-9951.61,-10074.72,12148.66,58.62357441512511,
16407.0,3021999.83,1114624.96,-9936.39,-9544.16,-9703.72,-9777.36,-9907.15,-9951.68,-10074.79,12148.62,,
16408.0,3021999.87,1114623.96,-9936.43,-9544.24,-9703.8,-9777.44,-9907.23,-9951.76,-10074.87,12148.58,,
16409.0,3021999.91,1114622.96,-9936.47,-9544.31,-9703.87,-9777.51,-9907.31,-9951.83,-10074.94,12148.54,56.52987532887064,
16410.0,3021999.95,1114621.96,-9936.51,-9544.39,-9703.95,-9777.59,-9907.38,-9951.91,-10075.02,12148.51,59.6924628960024,
16411.0,3021999.98,1114620.96,-9936.55,-9544.46,-9704.02,-9777.66,-9907.46,-9951.98,-10075.09,12148.47,60.82746819012981,
16412.0,3022000.02,1114619.97,-9936.58,-9544.52,-9704.08,-9777.71,-9907.51,-9952.03,-10075.15,12148.46,53.11383997761335,
16413.0,3022000.06,1114618.97,-9936.62,-9544.57,-9704.13,-9777.77,-9907.56,-9952.09,-10075.2,12148.44,50.90994620260865,
16414.0,3022000.1,1114617.97,-9936.66,-9544.62,-9704.18,-9777.82,-9907.61,-9952.14,-10075.25,12148.43,46.50215865259924,
16415.0,3022000.14,1114616.97,-9936.7,-9544.68,-9704.23,-9777.87,-9907.67,-9952.19,-10075.31,12148.41,44.66190735047032,
16416.0,3022000.19,1114615.97,-9936.74,-9544.73,-9704.29,-9777.93,-9907.72,-9952.25,-10075.36,12148.4,44.29826487759454,
16417.0,3022000.23,1114614.97,-9936.78,-9544.78,-9704.34,-9777.98,-9907.77,-9952.3,-10075.41,12148.39,,
16418.0,3022000.27,1114613.98,-9936.82,-9544.83,-9704.39,-9778.03,-9907.83,-9952.35,-10075.47,12148.37,49.400278966730426,
16419.0,3022000.31,1114612.98,-9936.86,-9544.89,-9704.45,-9778.08,-9907.88,-9952.4,-10075.52,12148.36,48.23221526597793,
16420.0,3022000.36,1114611.98,-9936.9,-9544.94,-9704.5,-9778.14,-9907.93,-9952.46,-10075.57,12148.35,46.50215865259924,
16421.0,3022000.4,1114610.98,-9936.94,-9544.99,-9704.55,-9778.19,-9907.98,-9952.51,-10075.62,12148.33,,
16422.0,3022000.44,1114609.98,-9936.98,-9545.05,-9704.6,-9778.24,-9908.04,-9952.56,-10075.68,12148.320000000002,,
16423.0,3022000.49,1114608.98,-9937.02,-9545.1,-9704.66,-9778.3,-9908.09,-9952.62,-10075.73,12148.31,48.70605242760395,
16424.0,3022000.53,1114607.99,-9937.06,-9545.15,-9704.71,-9778.35,-9908.14,-9952.67,-10075.78,12148.3,,
16425.0,3022000.58,1114606.99,-9937.1,-9545.2,-9704.76,-9778.4,-9908.2,-9952.72,-10075.84,12148.28,,
16426.0,3022000.62,1114605.99,-9937.14,-9545.26,-9704.82,-9778.45,-9908.25,-9952.77,-10075.89,12148.27,44.29826487759454,
16427.0,3022000.67,1114604.99,-9937.18,-9545.31,-9704.87,-9778.51,-9908.3,-9952.83,-10075.94,12148.26,48.22119579710291,
16428.0,3022000.71,1114603.99,-9937.22,-9545.36,-9704.92,-9778.56,-9908.35,-9952.88,-10075.99,12148.25,50.90994620260865,
16429.0,3022000.76,1114603.0,-9937.26,-9545.42,-9704.97,-9778.61,-9908.41,-9952.93,-10076.05,12148.23,49.9953302859817,
16430.0,3022000.81,1114602.0,-9937.3,-9545.47,-9705.03,-9778.67,-9908.46,-9952.99,-10076.1,12148.22,46.50215865259924,
16431.0,3022000.86,1114601.0,-9937.34,-9545.52,-9705.08,-9778.72,-9908.51,-9953.04,-10076.15,12148.21,47.912650668602254,
16432.0,3022000.9,1114600.0,-9937.39,-9545.58,-9705.13,-9778.77,-9908.57,-9953.09,-10076.21,12148.2,49.135811713729865,
16433.0,3022000.95,1114599.0,-9937.43,-9545.63,-9705.19,-9778.83,-9908.62,-9953.14,-10076.26,12148.19,50.90994620260865,
16434.0,3022001.0,1114598.01,-9937.47,-9545.68,-9705.24,-9778.88,-9908.67,-9953.2,-10076.31,12148.18,,
16435.0,3022001.05,1114597.01,-9937.51,-9545.73,-9705.29,-9778.93,-9908.72,-9953.25,-10076.36,12148.17,,
16436.0,3022001.1,1114596.01,-9937.55,-9545.79,-9705.35,-9778.98,-9908.78,-9953.3,-10076.42,12148.16,,
16437.0,3022001.15,1114595.01,-9937.6,-9545.84,-9705.4,-9779.04,-9908.83,-9953.36,-10076.47,12148.15,49.466395779980566,
16438.0,3022001.2,1114594.01,-9937.64,-9545.89,-9705.45,-9779.09,-9908.88,-9953.41,-10076.52,12148.14,44.617829474970215,
16439.0,3022001.25,1114593.02,-9937.68,-9545.95,-9705.5,-9779.14,-9908.94,-9953.46,-10076.58,12148.13,46.50215865259924,
16440.0,3022001.3,1114592.02,-9937.72,-9546.0,-9705.56,-9779.2,-9908.99,-9953.52,-10076.63,12148.11,47.87959226197719,
16441.0,3022001.35,1114591.02,-9937.77,-9546.05,-9705.61,-9779.25,-9909.04,-9953.57,-10076.68,12148.1,53.11383997761335,
16442.0,3022001.41,1114590.02,-9937.81,-9546.1,-9705.66,-9779.3,-9909.1,-9953.62,-10076.73,12148.09,47.65920288447671,
16443.0,3022001.46,1114589.03,-9937.85,-9546.16,-9705.72,-9779.35,-9909.15,-9953.67,-10076.79,12148.09,48.23221526597793,
16444.0,3022001.51,1114588.03,-9937.9,-9546.21,-9705.77,-9779.41,-9909.2,-9953.73,-10076.84,12148.08,50.90994620260865,
16445.0,3022001.57,1114587.03,-9937.94,-9546.26,-9705.82,-9779.46,-9909.25,-9953.78,-10076.89,12148.070000000002,,
16446.0,3022001.62,1114586.03,-9937.98,-9546.32,-9705.87,-9779.51,-9909.31,-9953.83,-10076.95,12148.06,51.64825061723523,
16447.0,3022001.67,1114585.04,-9938.03,-9546.37,-9705.93,-9779.57,-9909.36,-9953.89,-10077.0,12148.05,53.11383997761335,
16448.0,3022001.73,1114584.04,-9938.07,-9546.42,-9705.98,-9779.62,-9909.41,-9953.94,-10077.05,12148.04,55.31773375261806,
16449.0,3022001.78,1114583.04,-9938.12,-9546.47,-9706.03,-9779.67,-9909.47,-9953.99,-10077.1,12148.03,54.48025411811626,
16450.0,3022001.84,1114582.04,-9938.16,-9546.53,-9706.09,-9779.72,-9909.52,-9954.04,-10077.16,12148.02,53.11383997761335,
16451.0,3022001.9,1114581.05,-9938.2,-9546.58,-9706.14,-9779.78,-9909.57,-9954.1,-10077.21,12148.01,51.37276389535964,
16452.0,3022001.95,1114580.05,-9938.25,-9546.63,-9706.19,-9779.83,-9909.62,-9954.15,-10077.26,12148.0,50.90994620260865,
16453.0,3022002.01,1114579.05,-9938.29,-9546.69,-9706.24,-9779.88,-9909.68,-9954.2,-10077.32,12148.0,,
16454.0,3022002.07,1114578.05,-9938.34,-9546.74,-9706.3,-9779.94,-9909.73,-9954.26,-10077.37,12147.990000000002,48.70605242760395,
16455.0,3022002.12,1114577.06,-9938.38,-9546.79,-9706.35,-9779.99,-9909.78,-9954.31,-10077.42,12147.98,50.90994620260865,
16456.0,3022002.18,1114576.06,-9938.43,-9546.84,-9706.4,-9780.04,-9909.84,-9954.36,-10077.47,12147.97,48.551779863353616,
16457.0,3022002.24,1114575.06,-9938.47,-9546.9,-9706.46,-9780.09,-9909.89,-9954.41,-10077.53,12147.97,47.22944359835079,
16458.0,3022002.3,1114574.06,-9938.52,-9546.95,-9706.51,-9780.15,-9909.94,-9954.47,-10077.58,12147.96,50.90994620260865,
16459.0,3022002.36,1114573.07,-9938.56,-9547.0,-9706.56,-9780.2,-9909.99,-9954.52,-10077.63,12147.95,,
16460.0,3022002.42,1114572.07,-9938.61,-9547.06,-9706.61,-9780.25,-9910.05,-9954.57,-10077.69,12147.94,,
16461.0,3022002.47,1114571.07,-9938.65,-9547.11,-9706.67,-9780.31,-9910.1,-9954.63,-10077.74,12147.93,46.50215865259924,
16462.0,3022002.53,1114570.08,-9938.7,-9547.16,-9706.72,-9780.36,-9910.15,-9954.68,-10077.79,12147.93,48.70605242760395,
16463.0,3022002.59,1114569.08,-9938.74,-9547.21,-9706.77,-9780.41,-9910.21,-9954.73,-10077.84,12147.92,52.06699043448612,
16464.0,3022002.65,1114568.08,-9938.79,-9547.27,-9706.83,-9780.46,-9910.26,-9954.78,-10077.9,12147.91,51.94577627686086,
16465.0,3022002.71,1114567.08,-9938.84,-9547.32,-9706.88,-9780.52,-9910.31,-9954.84,-10077.95,12147.9,52.78325591136265,
16466.0,3022002.77,1114566.09,-9938.88,-9547.37,-9706.93,-9780.57,-9910.36,-9954.89,-10078.0,12147.9,53.11383997761335,
16467.0,3022002.83,1114565.09,-9938.93,-9547.43,-9706.98,-9780.62,-9910.42,-9954.94,-10078.06,12147.89,54.92103287311721,
16468.0,3022002.89,1114564.09,-9938.97,-9547.48,-9707.04,-9780.68,-9910.47,-9955.0,-10078.11,12147.88,60.82746819012981,
16469.0,3022002.95,1114563.09,-9939.02,-9547.53,-9707.09,-9780.73,-9910.52,-9955.05,-10078.16,12147.88,55.31773375261806,
16470.0,3022003.01,1114562.1,-9939.06,-9547.58,-9707.14,-9780.78,-9910.58,-9955.1,-10078.21,12147.87,53.11383997761335,
16471.0,3022003.07,1114561.1,-9939.11,-9547.64,-9707.2,-9780.83,-9910.63,-9955.15,-10078.27,12147.86,54.55739040024144,
16472.0,3022003.13,1114560.1,-9939.16,-9547.69,-9707.25,-9780.89,-9910.68,-9955.21,-10078.32,12147.85,55.31773375261806,
16473.0,3022003.19,1114559.11,-9939.2,-9547.74,-9707.3,-9780.94,-9910.73,-9955.26,-10078.37,12147.85,,
16474.0,3022003.26,1114558.11,-9939.25,-9547.8,-9707.35,-9780.99,-9910.79,-9955.31,-10078.43,12147.84,57.79711424949835,
16475.0,3022003.32,1114557.11,-9939.29,-9547.85,-9707.41,-9781.05,-9910.84,-9955.37,-10078.48,12147.83,60.82746819012981,
16476.0,3022003.38,1114556.12,-9939.34,-9547.9,-9707.46,-9781.1,-9910.89,-9955.42,-10078.53,12147.83,58.95415848137581,
16477.0,3022003.44,1114555.12,-9939.39,-9547.95,-9707.51,-9781.15,-9910.95,-9955.47,-10078.59,12147.820000000002,58.62357441512511,
16478.0,3022003.5,1114554.12,-9939.43,-9548.01,-9707.57,-9781.2,-9911.0,-9955.52,-10078.64,12147.81,,
16479.0,3022003.57,1114553.12,-9939.48,-9548.06,-9707.62,-9781.26,-9911.05,-9955.58,-10078.69,12147.81,,
16480.0,3022003.63,1114552.13,-9939.53,-9548.11,-9707.67,-9781.31,-9911.1,-9955.63,-10078.74,12147.8,60.82746819012981,
16481.0,3022003.69,1114551.13,-9939.57,-9548.17,-9707.72,-9781.36,-9911.16,-9955.68,-10078.8,12147.79,60.00100802450305,
16482.0,3022003.76,1114550.13,-9939.62,-9548.22,-9707.78,-9781.42,-9911.21,-9955.74,-10078.85,12147.79,58.62357441512511,
16483.0,3022003.82,1114549.14,-9939.66,-9548.27,-9707.83,-9781.47,-9911.26,-9955.79,-10078.9,12147.78,63.03136196513452,
16484.0,3022003.88,1114548.14,-9939.71,-9548.32,-9707.88,-9781.52,-9911.32,-9955.84,-10078.96,12147.78,64.3867566367624,
16485.0,3022003.95,1114547.14,-9939.76,-9548.38,-9707.94,-9781.57,-9911.37,-9955.89,-10079.01,12147.77,65.23525574013922,
16486.0,3022004.01,1114546.15,-9939.8,-9548.43,-9707.99,-9781.63,-9911.42,-9955.95,-10079.06,12147.76,63.82476372413621,
16487.0,3022004.07,1114545.15,-9939.85,-9548.48,-9708.04,-9781.68,-9911.47,-9956.0,-10079.11,12147.76,58.62357441512511,
16488.0,3022004.14,1114544.15,-9939.9,-9548.54,-9708.09,-9781.73,-9911.53,-9956.05,-10079.17,12147.75,,
16489.0,3022004.2,1114543.16,-9939.94,-9548.59,-9708.15,-9781.79,-9911.58,-9956.11,-10079.22,12147.740000000002,57.76405584287328,
16490.0,3022004.27,1114542.16,-9939.99,-9548.64,-9708.2,-9781.84,-9911.63,-9956.16,-10079.27,12147.740000000002,53.11383997761335,
16491.0,3022004.33,1114541.16,-9940.04,-9548.69,-9708.25,-9781.89,-9911.69,-9956.21,-10079.33,12147.73,,
16492.0,3022004.4,1114540.17,-9940.09,-9548.75,-9708.31,-9781.94,-9911.74,-9956.26,-10079.38,12147.73,,
16493.0,3022004.46,1114539.17,-9940.13,-9548.8,-9708.36,-9782.0,-9911.79,-9956.32,-10079.43,12147.72,55.18550012611777,
16494.0,3022004.53,1114538.17,-9940.18,-9548.85,-9708.41,-9782.05,-9911.84,-9956.37,-10079.48,12147.72,58.62357441512511,
16495.0,3022004.59,1114537.18,-9940.23,-9548.91,-9708.46,-9782.1,-9911.9,-9956.42,-10079.54,12147.71,59.141489452251214,
16496.0,3022004.66,1114536.18,-9940.27,-9548.96,-9708.52,-9782.16,-9911.95,-9956.48,-10079.59,12147.7,59.383917767501735,
16497.0,3022004.73,1114535.18,-9940.32,-9549.01,-9708.57,-9782.21,-9912.0,-9956.53,-10079.64,12147.7,55.86870719636924,
16498.0,3022004.79,1114534.19,-9940.37,-9549.07,-9708.62,-9782.26,-9912.06,-9956.58,-10079.7,12147.69,56.783323112996186,
16499.0,3022004.86,1114533.19,-9940.42,-9549.12,-9708.68,-9782.32,-9912.11,-9956.63,-10079.75,12147.69,63.03136196513452,
16500.0,3022004.93,1114532.19,-9940.46,-9549.17,-9708.73,-9782.37,-9912.16,-9956.69,-10079.8,12147.68,,
16501.0,3022004.99,1114531.2,-9940.51,-9549.22,-9708.78,-9782.42,-9912.21,-9956.74,-10079.85,12147.68,55.31773375261806,
16502.0,3022005.06,1114530.2,-9940.56,-9549.28,-9708.83,-9782.47,-9912.27,-9956.79,-10079.91,12147.67,61.84125932663199,
16503.0,3022005.13,1114529.2,-9940.61,-9549.33,-9708.89,-9782.53,-9912.32,-9956.85,-10079.96,12147.67,63.03136196513452,
16504.0,3022005.2,1114528.21,-9940.65,-9549.38,-9708.94,-9782.58,-9912.37,-9956.9,-10080.01,12147.66,58.62357441512511,
16505.0,3022005.26,1114527.21,-9940.7,-9549.44,-9708.99,-9782.63,-9912.43,-9956.95,-10080.07,12147.66,59.47207351850192,
16506.0,3022005.33,1114526.21,-9940.75,-9549.49,-9709.05,-9782.69,-9912.48,-9957.01,-10080.12,12147.65,60.82746819012981,
16507.0,3022005.4,1114525.22,-9940.8,-9549.54,-9709.1,-9782.74,-9912.53,-9957.06,-10080.17,12147.65,58.62357441512511,
16508.0,3022005.47,1114524.22,-9940.85,-9549.59,-9709.15,-9782.79,-9912.58,-9957.11,-10080.22,12147.64,56.10011604274472,
16509.0,3022005.54,1114523.22,-9940.89,-9549.65,-9709.21,-9782.84,-9912.64,-9957.16,-10080.28,12147.64,55.31773375261806,
16510.0,3022005.61,1114522.23,-9940.94,-9549.7,-9709.26,-9782.9,-9912.69,-9957.22,-10080.33,12147.63,56.56293373549571,
16511.0,3022005.68,1114521.23,-9940.99,-9549.75,-9709.31,-9782.95,-9912.74,-9957.27,-10080.38,12147.63,58.62357441512511,
16512.0,3022005.75,1114520.23,-9941.04,-9549.81,-9709.36,-9783.0,-9912.8,-9957.32,-10080.44,12147.62,63.03136196513452,
16513.0,3022005.82,1114519.24,-9941.09,-9549.86,-9709.42,-9783.06,-9912.85,-9957.38,-10080.49,12147.62,62.54650533463349,
16514.0,3022005.88,1114518.24,-9941.13,-9549.91,-9709.47,-9783.11,-9912.9,-9957.43,-10080.54,12147.61,60.82746819012981,
16515.0,3022005.95,1114517.24,-9941.18,-9549.96,-9709.52,-9783.16,-9912.96,-9957.48,-10080.59,12147.61,62.66771949225875,
16516.0,3022006.02,1114516.25,-9941.23,-9550.02,-9709.58,-9783.21,-9913.01,-9957.53,-10080.65,12147.6,63.03136196513452,
16517.0,3022006.1,1114515.25,-9941.28,-9550.07,-9709.63,-9783.27,-9913.06,-9957.59,-10080.7,12147.6,,
16518.0,3022006.17,1114514.26,-9941.33,-9550.12,-9709.68,-9783.32,-9913.11,-9957.64,-10080.75,12147.59,65.23525574013922,
16519.0,3022006.24,1114513.26,-9941.38,-9550.18,-9709.73,-9783.37,-9913.17,-9957.69,-10080.81,12147.59,63.03136196513452,
16520.0,3022006.31,1114512.26,-9941.43,-9550.23,-9709.79,-9783.43,-9913.22,-9957.75,-10080.86,12147.59,60.254455808628585,
16521.0,3022006.38,1114511.27,-9941.47,-9550.28,-9709.84,-9783.48,-9913.27,-9957.8,-10080.91,12147.58,58.62357441512511,
16522.0,3022006.45,1114510.27,-9941.52,-9550.33,-9709.89,-9783.53,-9913.33,-9957.85,-10080.96,12147.58,,
16523.0,3022006.52,1114509.27,-9941.57,-9550.39,-9709.95,-9783.58,-9913.38,-9957.9,-10081.02,12147.570000000002,,
16524.0,3022006.59,1114508.28,-9941.62,-9550.44,-9710.0,-9783.64,-9913.43,-9957.96,-10081.07,12147.570000000002,,
16525.0,3022006.67,1114507.28,-9941.67,-9550.49,-9710.05,-9783.69,-9913.48,-9958.01,-10081.12,12147.570000000002,,
16526.0,3022006.74,1114506.29,-9941.72,-9550.55,-9710.1,-9783.74,-9913.54,-9958.06,-10081.18,12147.56,60.82746819012981,
16527.0,3022006.81,1114505.29,-9941.77,-9550.6,-9710.16,-9783.8,-9913.59,-9958.12,-10081.23,12147.56,,
16528.0,3022006.88,1114504.29,-9941.82,-9550.65,-9710.21,-9783.85,-9913.64,-9958.17,-10081.28,12147.55,55.31773375261806,
16529.0,3022006.96,1114503.3,-9941.87,-9550.7,-9710.26,-9783.9,-9913.7,-9958.22,-10081.33,12147.55,,
16530.0,3022007.03,1114502.3,-9941.92,-9550.76,-9710.32,-9783.95,-9913.75,-9958.27,-10081.39,12147.55,,
16531.0,3022007.1,1114501.3,-9941.96,-9550.81,-9710.37,-9784.01,-9913.8,-9958.33,-10081.44,12147.54,56.97065408387159,
16532.0,3022007.18,1114500.31,-9942.01,-9550.86,-9710.42,-9784.06,-9913.85,-9958.38,-10081.49,12147.54,58.62357441512511,
16533.0,3022007.25,1114499.31,-9942.06,-9550.92,-9710.47,-9784.11,-9913.91,-9958.43,-10081.55,12147.54,55.31773375261806,
16534.0,3022007.32,1114498.32,-9942.11,-9550.97,-9710.53,-9784.17,-9913.96,-9958.49,-10081.6,12147.53,,
16535.0,3022007.4,1114497.32,-9942.16,-9551.02,-9710.58,-9784.22,-9914.01,-9958.54,-10081.65,12147.53,,
16536.0,3022007.47,1114496.32,-9942.21,-9551.07,-9710.63,-9784.27,-9914.07,-9958.59,-10081.7,12147.53,60.41974784175394,
16537.0,3022007.55,1114495.33,-9942.26,-9551.13,-9710.69,-9784.32,-9914.12,-9958.64,-10081.76,12147.52,65.23525574013922,
16538.0,3022007.62,1114494.33,-9942.31,-9551.18,-9710.74,-9784.38,-9914.17,-9958.7,-10081.81,12147.52,63.549277002260624,
16539.0,3022007.7,1114493.34,-9942.36,-9551.23,-9710.79,-9784.43,-9914.22,-9958.75,-10081.86,12147.52,60.82746819012981,
16540.0,3022007.77,1114492.34,-9942.41,-9551.29,-9710.84,-9784.48,-9914.28,-9958.8,-10081.92,12147.51,63.60437434663574,
16541.0,3022007.85,1114491.34,-9942.46,-9551.34,-9710.9,-9784.54,-9914.33,-9958.86,-10081.97,12147.51,65.23525574013922,
16542.0,3022007.92,1114490.35,-9942.51,-9551.39,-9710.95,-9784.59,-9914.38,-9958.91,-10082.02,12147.51,58.62357441512511,
16543.0,3022008.0,1114489.35,-9942.56,-9551.44,-9711.0,-9784.64,-9914.44,-9958.96,-10082.07,12147.5,,
16544.0,3022008.08,1114488.36,-9942.61,-9551.5,-9711.06,-9784.69,-9914.49,-9959.01,-10082.13,12147.5,,
16545.0,3022008.15,1114487.36,-9942.66,-9551.55,-9711.11,-9784.75,-9914.54,-9959.07,-10082.18,12147.5,59.17454785887629,
16546.0,3022008.23,1114486.37,-9942.71,-9551.6,-9711.16,-9784.8,-9914.59,-9959.12,-10082.23,12147.5,60.82746819012981,
16547.0,3022008.3,1114485.37,-9942.76,-9551.66,-9711.21,-9784.85,-9914.65,-9959.17,-10082.29,12147.490000000002,,
16548.0,3022008.38,1114484.37,-9942.81,-9551.71,-9711.27,-9784.91,-9914.7,-9959.23,-10082.34,12147.490000000002,61.15805225638052,
16549.0,3022008.46,1114483.38,-9942.86,-9551.76,-9711.32,-9784.96,-9914.75,-9959.28,-10082.39,12147.490000000002,63.03136196513452,
16550.0,3022008.54,1114482.38,-9942.91,-9551.81,-9711.37,-9785.01,-9914.81,-9959.33,-10082.44,12147.48,68.10031764764533,
16551.0,3022008.61,1114481.39,-9942.96,-9551.87,-9711.43,-9785.06,-9914.86,-9959.38,-10082.5,12147.48,69.64304329014863,
16552.0,3022008.69,1114480.39,-9943.01,-9551.92,-9711.48,-9785.12,-9914.91,-9959.44,-10082.55,12147.48,67.10856544889323,
16553.0,3022008.77,1114479.4,-9943.06,-9551.97,-9711.53,-9785.17,-9914.96,-9959.49,-10082.6,12147.47,63.03136196513452,
16554.0,3022008.84,1114478.4,-9943.11,-9552.03,-9711.58,-9785.22,-9915.02,-9959.54,-10082.66,12147.47,67.43914951514392,
16555.0,3022008.92,1114477.4,-9943.16,-9552.08,-9711.64,-9785.28,-9915.07,-9959.6,-10082.71,12147.47,66.40331944089172,
16556.0,3022009.0,1114476.41,-9943.21,-9552.13,-9711.69,-9785.33,-9915.12,-9959.65,-10082.76,12147.46,65.23525574013922,
16557.0,3022009.08,1114475.41,-9943.26,-9552.18,-9711.74,-9785.38,-9915.18,-9959.7,-10082.81,12147.46,67.00939022901801,
16558.0,3022009.16,1114474.42,-9943.31,-9552.24,-9711.8,-9785.43,-9915.23,-9959.75,-10082.87,12147.46,65.598898213015,
16559.0,3022009.23,1114473.42,-9943.36,-9552.29,-9711.85,-9785.49,-9915.28,-9959.81,-10082.92,12147.45,63.03136196513452,
16560.0,3022009.31,1114472.42,-9943.4,-9552.34,-9711.9,-9785.54,-9915.33,-9959.86,-10082.97,12147.45,,
16561.0,3022009.39,1114471.43,-9943.45,-9552.4,-9711.95,-9785.59,-9915.39,-9959.91,-10083.03,12147.45,66.71186456939238,
16562.0,3022009.47,1114470.43,-9943.5,-9552.45,-9712.01,-9785.65,-9915.44,-9959.97,-10083.08,12147.44,66.98735129126797,
16563.0,3022009.55,1114469.44,-9943.55,-9552.5,-9712.06,-9785.7,-9915.49,-9960.02,-10083.13,12147.44,65.56583980638993,
16564.0,3022009.63,1114468.44,-9943.6,-9552.55,-9712.11,-9785.75,-9915.55,-9960.07,-10083.18,12147.43,67.43914951514392,
16565.0,3022009.7,1114467.45,-9943.65,-9552.61,-9712.17,-9785.8,-9915.6,-9960.12,-10083.24,12147.43,65.67603449514016,
16566.0,3022009.78,1114466.45,-9943.69,-9552.66,-9712.22,-9785.86,-9915.65,-9960.18,-10083.29,12147.42,65.23525574013922,
16567.0,3022009.86,1114465.45,-9943.74,-9552.71,-9712.27,-9785.91,-9915.7,-9960.23,-10083.34,12147.42,,
16568.0,3022009.94,1114464.46,-9943.79,-9552.77,-9712.32,-9785.96,-9915.76,-9960.28,-10083.4,12147.41,,
16569.0,3022010.02,1114463.46,-9943.84,-9552.82,-9712.38,-9786.02,-9915.81,-9960.34,-10083.45,12147.41,66.39229997201669,
16570.0,3022010.1,1114462.47,-9943.89,-9552.87,-9712.43,-9786.07,-9915.86,-9960.39,-10083.5,12147.4,68.07827870989529,
16571.0,3022010.18,1114461.47,-9943.93,-9552.92,-9712.48,-9786.12,-9915.92,-9960.44,-10083.55,12147.4,69.3014397550229,
16572.0,3022010.26,1114460.48,-9943.98,-9552.97,-9712.53,-9786.16,-9915.96,-9960.48,-10083.6,12147.4,65.23525574013922,
16573.0,3022010.34,1114459.48,-9944.03,-9553.01,-9712.57,-9786.21,-9916.0,-9960.53,-10083.64,12147.41,68.70638843577163,
16574.0,3022010.42,1114458.48,-9944.07,-9553.05,-9712.61,-9786.25,-9916.04,-9960.57,-10083.68,12147.41,70.73397070877596,
16575.0,3022010.5,1114457.49,-9944.12,-9553.09,-9712.65,-9786.29,-9916.08,-9960.61,-10083.72,12147.41,66.35924156539161,
16576.0,3022010.58,1114456.49,-9944.17,-9553.14,-9712.69,-9786.33,-9916.13,-9960.65,-10083.77,12147.42,,
16577.0,3022010.65,1114455.5,-9944.21,-9553.18,-9712.74,-9786.38,-9916.17,-9960.7,-10083.81,12147.42,68.57415480927135,
16578.0,3022010.73,1114454.5,-9944.26,-9553.22,-9712.78,-9786.42,-9916.21,-9960.74,-10083.85,12147.43,65.60991768189002,
16579.0,3022010.81,1114453.51,-9944.31,-9553.26,-9712.82,-9786.46,-9916.25,-9960.78,-10083.89,12147.43,66.38128050314167,
16580.0,3022010.89,1114452.51,-9944.35,-9553.31,-9712.86,-9786.5,-9916.3,-9960.82,-10083.94,12147.44,,
16581.0,3022010.97,1114451.51,-9944.4,-9553.35,-9712.91,-9786.54,-9916.34,-9960.86,-10083.98,12147.44,63.03136196513452,
16582.0,3022011.06,1114450.52,-9944.45,-9553.38,-9712.94,-9786.58,-9916.38,-9960.9,-10084.01,12147.45,61.8963566710071,
16583.0,3022011.14,1114449.52,-9944.49,-9553.42,-9712.98,-9786.62,-9916.41,-9960.94,-10084.05,12147.46,60.82746819012981,
16584.0,3022011.22,1114448.53,-9944.54,-9553.46,-9713.02,-9786.66,-9916.45,-9960.98,-10084.09,12147.47,64.5189902632627,
16585.0,3022011.3,1114447.53,-9944.58,-9553.5,-9713.05,-9786.69,-9916.49,-9961.01,-10084.13,12147.47,62.0396097663824,
16586.0,3022011.38,1114446.54,-9944.63,-9553.53,-9713.09,-9786.73,-9916.52,-9961.05,-10084.16,12147.48,60.60707881262935,
16587.0,3022011.46,1114445.54,-9944.67,-9553.57,-9713.13,-9786.77,-9916.56,-9961.09,-10084.2,12147.490000000002,66.18293006339124,
16588.0,3022011.54,1114444.54,-9944.72,-9553.61,-9713.17,-9786.8,-9916.6,-9961.12,-10084.24,12147.5,58.62357441512511,
16589.0,3022011.62,1114443.55,-9944.76,-9553.64,-9713.2,-9786.84,-9916.63,-9961.16,-10084.27,12147.51,59.49411245625196,
16590.0,3022011.7,1114442.55,-9944.81,-9553.68,-9713.24,-9786.88,-9916.67,-9961.2,-10084.31,12147.52,63.03136196513452,
16591.0,3022011.78,1114441.56,-9944.85,-9553.72,-9713.28,-9786.91,-9916.71,-9961.23,-10084.35,12147.52,61.257227476255736,
16592.0,3022011.86,1114440.56,-9944.9,-9553.75,-9713.31,-9786.95,-9916.75,-9961.27,-10084.39,12147.53,61.99553189088231,
16593.0,3022011.94,1114439.57,-9944.94,-9553.79,-9713.35,-9786.99,-9916.78,-9961.31,-10084.42,12147.54,63.03136196513452,
16594.0,3022012.03,1114438.57,-9944.99,-9553.83,-9713.39,-9787.03,-9916.82,-9961.35,-10084.46,12147.55,65.23525574013922,
16595.0,3022012.11,1114437.57,-9945.03,-9553.87,-9713.42,-9787.06,-9916.86,-9961.38,-10084.5,12147.55,,
16596.0,3022012.19,1114436.58,-9945.08,-9553.9,-9713.46,-9787.1,-9916.89,-9961.42,-10084.53,12147.56,63.03136196513452,
16597.0,3022012.27,1114435.58,-9945.12,-9553.94,-9713.5,-9787.14,-9916.93,-9961.46,-10084.57,12147.570000000002,65.01486636263876,
16598.0,3022012.35,1114434.59,-9945.16,-9553.98,-9713.54,-9787.17,-9916.97,-9961.49,-10084.61,12147.570000000002,67.43914951514392,
16599.0,3022012.43,1114433.59,-9945.21,-9554.01,-9713.57,-9787.21,-9917.01,-9961.53,-10084.64,12147.58,65.23525574013922,
16600.0,3022012.52,1114432.6,-9945.25,-9554.05,-9713.61,-9787.25,-9917.04,-9961.57,-10084.68,12147.59,66.14987165676618,
16601.0,3022012.6,1114431.6,-9945.3,-9554.09,-9713.65,-9787.29,-9917.08,-9961.61,-10084.72,12147.6,69.64304329014863,
16602.0,3022012.68,1114430.61,-9945.34,-9554.13,-9713.68,-9787.32,-9917.12,-9961.64,-10084.76,12147.6,,
16603.0,3022012.76,1114429.61,-9945.38,-9554.16,-9713.72,-9787.36,-9917.15,-9961.68,-10084.79,12147.61,,
16604.0,3022012.85,1114428.61,-9945.43,-9554.2,-9713.76,-9787.4,-9917.19,-9961.72,-10084.83,12147.61,64.62918495201293,
16605.0,3022012.93,1114427.62,-9945.47,-9554.24,-9713.79,-9787.43,-9917.23,-9961.75,-10084.87,12147.62,60.82746819012981,
16606.0,3022013.01,1114426.62,-9945.51,-9554.27,-9713.83,-9787.47,-9917.26,-9961.79,-10084.9,12147.63,,
16607.0,3022013.09,1114425.63,-9945.56,-9554.31,-9713.87,-9787.51,-9917.3,-9961.83,-10084.94,12147.63,,
16608.0,3022013.18,1114424.63,-9945.6,-9554.35,-9713.91,-9787.54,-9917.34,-9961.86,-10084.98,12147.64,67.43914951514392,
16609.0,3022013.26,1114423.64,-9945.64,-9554.38,-9713.94,-9787.58,-9917.38,-9961.9,-10085.01,12147.64,,
16610.0,3022013.34,1114422.64,-9945.68,-9554.42,-9713.98,-9787.62,-9917.41,-9961.94,-10085.05,12147.65,60.40872837287891,
16611.0,3022013.43,1114421.64,-9945.73,-9554.46,-9714.02,-9787.66,-9917.45,-9961.98,-10085.09,12147.66,58.62357441512511,
16612.0,3022013.51,1114420.65,-9945.77,-9554.5,-9714.05,-9787.69,-9917.49,-9962.01,-10085.13,12147.66,,
16613.0,3022013.59,1114419.65,-9945.81,-9554.53,-9714.09,-9787.73,-9917.52,-9962.05,-10085.16,12147.66,55.8576877274942,
16614.0,3022013.68,1114418.66,-9945.85,-9554.57,-9714.13,-9787.77,-9917.56,-9962.09,-10085.2,12147.67,56.35356382687026,
16615.0,3022013.76,1114417.66,-9945.89,-9554.61,-9714.17,-9787.8,-9917.6,-9962.12,-10085.24,12147.67,60.82746819012981,
16616.0,3022013.84,1114416.67,-9945.94,-9554.64,-9714.2,-9787.84,-9917.64,-9962.16,-10085.27,12147.68,,
16617.0,3022013.93,1114415.67,-9945.98,-9554.68,-9714.24,-9787.88,-9917.67,-9962.2,-10085.31,12147.68,55.31773375261806,
16618.0,3022014.01,1114414.67,-9946.02,-9554.72,-9714.28,-9787.92,-9917.71,-9962.23,-10085.35,12147.69,56.05603816724464,
16619.0,3022014.09,1114413.68,-9946.06,-9554.75,-9714.31,-9787.95,-9917.75,-9962.27,-10085.39,12147.69,58.62357441512511,
16620.0,3022014.18,1114412.68,-9946.1,-9554.79,-9714.35,-9787.99,-9917.78,-9962.31,-10085.42,12147.7,55.31773375261806,
16621.0,3022014.26,1114411.69,-9946.14,-9554.83,-9714.39,-9788.03,-9917.82,-9962.35,-10085.46,12147.7,58.094639909123984,
16622.0,3022014.35,1114410.69,-9946.18,-9554.87,-9714.42,-9788.06,-9917.86,-9962.38,-10085.5,12147.7,63.03136196513452,
16623.0,3022014.43,1114409.7,-9946.22,-9554.9,-9714.46,-9788.1,-9917.89,-9962.42,-10085.53,12147.71,,
16624.0,3022014.52,1114408.7,-9946.26,-9554.94,-9714.5,-9788.14,-9917.93,-9962.46,-10085.57,12147.71,58.62357441512511,
16625.0,3022014.6,1114407.71,-9946.31,-9554.98,-9714.54,-9788.17,-9917.97,-9962.49,-10085.61,12147.71,,
16626.0,3022014.68,1114406.71,-9946.35,-9555.01,-9714.57,-9788.21,-9918.01,-9962.53,-10085.64,12147.72,55.31773375261806,
16627.0,3022014.77,1114405.71,-9946.39,-9555.05,-9714.61,-9788.25,-9918.04,-9962.57,-10085.68,12147.72,58.62357441512511,
16628.0,3022014.85,1114404.72,-9946.43,-9555.09,-9714.65,-9788.29,-9918.08,-9962.61,-10085.72,12147.72,,
16629.0,3022014.94,1114403.72,-9946.47,-9555.13,-9714.68,-9788.32,-9918.12,-9962.64,-10085.76,12147.73,,
16630.0,3022015.02,1114402.73,-9946.51,-9555.16,-9714.72,-9788.36,-9918.15,-9962.68,-10085.79,12147.73,53.6537939524895,
16631.0,3022015.11,1114401.73,-9946.55,-9555.2,-9714.76,-9788.4,-9918.19,-9962.72,-10085.83,12147.73,54.24884527174078,
16632.0,3022015.19,1114400.74,-9946.59,-9555.24,-9714.8,-9788.43,-9918.23,-9962.75,-10085.87,12147.740000000002,58.62357441512511,
16633.0,3022015.28,1114399.74,-9946.63,-9555.27,-9714.83,-9788.47,-9918.26,-9962.79,-10085.9,12147.740000000002,55.95686294736942,
16634.0,3022015.36,1114398.75,-9946.67,-9555.31,-9714.87,-9788.51,-9918.3,-9962.83,-10085.94,12147.740000000002,55.31773375261806,
16635.0,3022015.45,1114397.75,-9946.7,-9555.35,-9714.91,-9788.54,-9918.34,-9962.86,-10085.98,12147.740000000002,,
16636.0,3022015.54,1114396.75,-9946.74,-9555.38,-9714.94,-9788.58,-9918.38,-9962.9,-10086.02,12147.75,,
16637.0,3022015.62,1114395.76,-9946.78,-9555.42,-9714.98,-9788.62,-9918.41,-9962.94,-10086.05,12147.75,,
16638.0,3022015.71,1114394.76,-9946.82,-9555.46,-9715.02,-9788.66,-9918.45,-9962.98,-10086.09,12147.75,54.48025411811626,
16639.0,3022015.79,1114393.77,-9946.86,-9555.5,-9715.05,-9788.69,-9918.49,-9963.01,-10086.13,12147.75,53.11383997761335,
16640.0,3022015.88,1114392.77,-9946.9,-9555.53,-9715.09,-9788.73,-9918.52,-9963.05,-10086.16,12147.75,55.31773375261806,
16641.0,3022015.97,1114391.78,-9946.94,-9555.57,-9715.13,-9788.77,-9918.56,-9963.09,-10086.2,12147.76,,
16642.0,3022016.05,1114390.78,-9946.98,-9555.61,-9715.17,-9788.8,-9918.6,-9963.12,-10086.24,12147.76,53.11383997761335,
16643.0,3022016.14,1114389.79,-9947.01,-9555.64,-9715.2,-9788.84,-9918.64,-9963.16,-10086.27,12147.76,53.86316386111495,
16644.0,3022016.22,1114388.79,-9947.05,-9555.68,-9715.24,-9788.88,-9918.67,-9963.2,-10086.31,12147.76,55.31773375261806,
16645.0,3022016.31,1114387.79,-9947.09,-9555.72,-9715.28,-9788.92,-9918.71,-9963.24,-10086.35,12147.76,53.11383997761335,
16646.0,3022016.4,1114386.8,-9947.13,-9555.76,-9715.31,-9788.95,-9918.75,-9963.27,-10086.39,12147.76,53.885202798865,
16647.0,3022016.48,1114385.8,-9947.17,-9555.79,-9715.35,-9788.99,-9918.78,-9963.31,-10086.42,12147.76,55.31773375261806,
16648.0,3022016.57,1114384.81,-9947.21,-9555.83,-9715.39,-9789.03,-9918.82,-9963.35,-10086.46,12147.77,,
16649.0,3022016.66,1114383.81,-9947.25,-9555.87,-9715.42,-9789.06,-9918.86,-9963.38,-10086.5,12147.77,,
16650.0,3022016.75,1114382.82,-9947.28,-9555.9,-9715.46,-9789.1,-9918.89,-9963.42,-10086.53,12147.77,53.54359926373928,
16651.0,3022016.83,1114381.82,-9947.32,-9555.94,-9715.5,-9789.14,-9918.93,-9963.46,-10086.57,12147.77,53.11383997761335,
16652.0,3022016.92,1114380.83,-9947.36,-9555.98,-9715.54,-9789.17,-9918.97,-9963.49,-10086.61,12147.77,,
16653.0,3022017.01,1114379.83,-9947.4,-9556.01,-9715.57,-9789.21,-9919.01,-9963.53,-10086.65,12147.77,54.29292314724086,
16654.0,3022017.1,1114378.84,-9947.44,-9556.05,-9715.61,-9789.25,-9919.04,-9963.57,-10086.68,12147.78,53.59869660811439,
16655.0,3022017.19,1114377.84,-9947.48,-9556.09,-9715.65,-9789.29,-9919.08,-9963.61,-10086.72,12147.78,55.31773375261806,
16656.0,3022017.27,1114376.85,-9947.52,-9556.13,-9715.68,-9789.32,-9919.12,-9963.64,-10086.76,12147.78,,
16657.0,3022017.36,1114375.85,-9947.56,-9556.16,-9715.72,-9789.36,-9919.15,-9963.68,-10086.79,12147.78,53.11383997761335,
16658.0,3022017.45,1114374.85,-9947.6,-9556.2,-9715.76,-9789.4,-9919.19,-9963.72,-10086.83,12147.78,52.8052948491127,
16659.0,3022017.54,1114373.86,-9947.63,-9556.24,-9715.8,-9789.43,-9919.23,-9963.75,-10086.87,12147.79,50.90994620260865,
16660.0,3022017.63,1114372.86,-9947.67,-9556.27,-9715.83,-9789.47,-9919.27,-9963.79,-10086.9,12147.79,52.67306122261241,
16661.0,3022017.72,1114371.87,-9947.71,-9556.31,-9715.87,-9789.51,-9919.3,-9963.83,-10086.94,12147.79,58.08362044024895,
16662.0,3022017.81,1114370.87,-9947.75,-9556.35,-9715.91,-9789.55,-9919.34,-9963.87,-10086.98,12147.79,60.34261155962879,
16663.0,3022017.9,1114369.88,-9947.79,-9556.39,-9715.94,-9789.58,-9919.38,-9963.9,-10087.02,12147.79,58.62357441512511,
16664.0,3022017.98,1114368.88,-9947.83,-9556.42,-9715.98,-9789.62,-9919.41,-9963.94,-10087.05,12147.8,,
16665.0,3022018.07,1114367.89,-9947.87,-9556.46,-9716.02,-9789.66,-9919.45,-9963.98,-10087.09,12147.8,,
16666.0,3022018.16,1114366.89,-9947.91,-9556.5,-9716.05,-9789.69,-9919.49,-9964.01,-10087.13,12147.8,55.94584347849439,
16667.0,3022018.25,1114365.9,-9947.95,-9556.53,-9716.09,-9789.73,-9919.52,-9964.05,-10087.16,12147.8,55.31773375261806,
16668.0,3022018.34,1114364.9,-9947.99,-9556.57,-9716.13,-9789.77,-9919.56,-9964.09,-10087.2,12147.81,,
16669.0,3022018.43,1114363.91,-9948.03,-9556.61,-9716.17,-9789.8,-9919.6,-9964.12,-10087.24,12147.81,,
16670.0,3022018.52,1114362.91,-9948.07,-9556.64,-9716.2,-9789.84,-9919.64,-9964.16,-10087.27,12147.81,,
16671.0,3022018.61,1114361.92,-9948.11,-9556.68,-9716.24,-9789.88,-9919.67,-9964.2,-10087.31,12147.81,56.86045939512134,
16672.0,3022018.71,1114360.92,-9948.15,-9556.72,-9716.28,-9789.92,-9919.71,-9964.24,-10087.35,12147.820000000002,58.62357441512511,
16673.0,3022018.8,1114359.93,-9948.19,-9556.76,-9716.31,-9789.95,-9919.75,-9964.27,-10087.39,12147.820000000002,55.81360985199412,
16674.0,3022018.89,1114358.93,-9948.23,-9556.79,-9716.35,-9789.99,-9919.78,-9964.31,-10087.42,12147.820000000002,56.033999229494576,
16675.0,3022018.98,1114357.94,-9948.26,-9556.83,-9716.39,-9790.03,-9919.82,-9964.35,-10087.46,12147.820000000002,58.62357441512511,
16676.0,3022019.07,1114356.94,-9948.3,-9556.87,-9716.43,-9790.06,-9919.86,-9964.38,-10087.5,12147.83,,
16677.0,3022019.16,1114355.95,-9948.34,-9556.9,-9716.46,-9790.1,-9919.9,-9964.42,-10087.53,12147.83,,
16678.0,3022019.25,1114354.95,-9948.38,-9556.94,-9716.5,-9790.14,-9919.93,-9964.46,-10087.57,12147.83,58.94313901250079,
16679.0,3022019.34,1114353.96,-9948.42,-9556.98,-9716.54,-9790.18,-9919.97,-9964.5,-10087.61,12147.83,60.82746819012981,
16680.0,3022019.44,1114352.96,-9948.46,-9557.02,-9716.57,-9790.21,-9920.01,-9964.53,-10087.65,12147.84,,
16681.0,3022019.53,1114351.97,-9948.5,-9557.05,-9716.61,-9790.25,-9920.04,-9964.57,-10087.68,12147.84,58.62357441512511,
16682.0,3022019.62,1114350.97,-9948.54,-9557.09,-9716.65,-9790.29,-9920.08,-9964.61,-10087.72,12147.84,55.31773375261806,
16683.0,3022019.71,1114349.98,-9948.58,-9557.13,-9716.68,-9790.32,-9920.12,-9964.64,-10087.76,12147.85,56.04501869836961,
16684.0,3022019.8,1114348.98,-9948.62,-9557.16,-9716.72,-9790.36,-9920.15,-9964.68,-10087.79,12147.85,58.62357441512511,
16685.0,3022019.9,1114347.99,-9948.66,-9557.2,-9716.76,-9790.4,-9920.19,-9964.72,-10087.83,12147.85,,
16686.0,3022019.99,1114346.99,-9948.7,-9557.24,-9716.8,-9790.43,-9920.23,-9964.75,-10087.87,12147.86,,
16687.0,3022020.08,1114346.0,-9948.74,-9557.27,-9716.83,-9790.47,-9920.27,-9964.79,-10087.9,12147.86,55.31773375261806,
16688.0,3022020.18,1114345.0,-9948.78,-9557.31,-9716.87,-9790.51,-9920.3,-9964.83,-10087.94,12147.86,60.82746819012981,
16689.0,3022020.27,1114344.01,-9948.83,-9557.35,-9716.91,-9790.55,-9920.34,-9964.87,-10087.98,12147.86,60.034066431128124,
16690.0,3022020.36,1114343.01,-9948.87,-9557.39,-9716.94,-9790.58,-9920.38,-9964.9,-10088.02,12147.87,58.62357441512511,
16691.0,3022020.46,1114342.02,-9948.91,-9557.42,-9716.98,-9790.62,-9920.41,-9964.94,-10088.05,12147.87,,
16692.0,3022020.55,1114341.02,-9948.95,-9557.46,-9717.02,-9790.66,-9920.45,-9964.98,-10088.09,12147.87,55.31773375261806,
16693.0,3022020.64,1114340.03,-9948.99,-9557.5,-9717.06,-9790.69,-9920.49,-9965.01,-10088.13,12147.88,,
16694.0,3022020.74,1114339.03,-9949.03,-9557.53,-9717.09,-9790.73,-9920.52,-9965.05,-10088.16,12147.88,58.62357441512511,
16695.0,3022020.83,1114338.04,-9949.07,-9557.57,-9717.13,-9790.77,-9920.56,-9965.09,-10088.2,12147.89,,
16696.0,3022020.93,1114337.04,-9949.11,-9557.61,-9717.17,-9790.81,-9920.6,-9965.12,-10088.24,12147.89,,
16697.0,3022021.02,1114336.05,-9949.15,-9557.64,-9717.2,-9790.84,-9920.64,-9965.16,-10088.28,12147.89,62.381213301508126,
16698.0,3022021.11,1114335.05,-9949.19,-9557.68,-9717.24,-9790.88,-9920.67,-9965.2,-10088.31,12147.9,62.171843392882685,
16699.0,3022021.21,1114334.06,-9949.23,-9557.72,-9717.28,-9790.92,-9920.71,-9965.24,-10088.35,12147.9,58.62357441512511,
16700.0,3022021.3,1114333.07,-9949.27,-9557.76,-9717.31,-9790.95,-9920.75,-9965.27,-10088.39,12147.9,,
16701.0,3022021.4,1114332.07,-9949.31,-9557.79,-9717.35,-9790.99,-9920.78,-9965.31,-10088.42,12147.91,60.40872837287891,
16702.0,3022021.49,1114331.08,-9949.35,-9557.83,-9717.39,-9791.03,-9920.82,-9965.35,-10088.46,12147.91,60.507903592754126,
16703.0,3022021.59,1114330.08,-9949.39,-9557.87,-9717.43,-9791.06,-9920.86,-9965.38,-10088.5,12147.91,58.62357441512511,
16704.0,3022021.69,1114329.09,-9949.43,-9557.9,-9717.46,-9791.1,-9920.9,-9965.42,-10088.53,12147.92,59.54920980062709,
16705.0,3022021.78,1114328.09,-9949.47,-9557.94,-9717.5,-9791.14,-9920.93,-9965.46,-10088.57,12147.92,60.82746819012981,
16706.0,3022021.88,1114327.1,-9949.52,-9557.98,-9717.54,-9791.18,-9920.97,-9965.5,-10088.61,12147.93,57.63182221637299,
16707.0,3022021.97,1114326.1,-9949.56,-9558.02,-9717.57,-9791.21,-9921.01,-9965.53,-10088.65,12147.93,55.31773375261806,
16708.0,3022022.07,1114325.11,-9949.6,-9558.05,-9717.61,-9791.25,-9921.04,-9965.57,-10088.68,12147.93,55.89074613411928,
16709.0,3022022.16,1114324.11,-9949.64,-9558.09,-9717.65,-9791.29,-9921.08,-9965.61,-10088.72,12147.94,58.62357441512511,
16710.0,3022022.26,1114323.12,-9949.68,-9558.13,-9717.69,-9791.32,-9921.12,-9965.64,-10088.76,12147.94,60.6842150947545,
16711.0,3022022.36,1114322.13,-9949.72,-9558.16,-9717.72,-9791.36,-9921.15,-9965.68,-10088.79,12147.95,63.03136196513452,
16712.0,3022022.45,1114321.13,-9949.76,-9558.2,-9717.76,-9791.4,-9921.19,-9965.72,-10088.83,12147.95,61.24620800738071,
16713.0,3022022.55,1114320.14,-9949.8,-9558.24,-9717.8,-9791.43,-9921.23,-9965.75,-10088.87,12147.95,60.34261155962879,
16714.0,3022022.65,1114319.14,-9949.84,-9558.27,-9717.83,-9791.47,-9921.27,-9965.79,-10088.91,12147.96,58.62357441512511,
16715.0,3022022.74,1114318.15,-9949.89,-9558.31,-9717.87,-9791.51,-9921.3,-9965.83,-10088.94,12147.96,,
16716.0,3022022.84,1114317.15,-9949.93,-9558.35,-9717.91,-9791.55,-9921.34,-9965.87,-10088.98,12147.97,60.3536310285038,
16717.0,3022022.94,1114316.16,-9949.97,-9558.39,-9717.94,-9791.58,-9921.38,-9965.9,-10089.02,12147.97,60.82746819012981,
16718.0,3022023.04,1114315.16,-9950.01,-9558.42,-9717.98,-9791.62,-9921.41,-9965.94,-10089.05,12147.98,63.03136196513452,
16719.0,3022023.13,1114314.17,-9950.05,-9558.46,-9718.02,-9791.66,-9921.45,-9965.98,-10089.09,12147.98,,
16720.0,3022023.23,1114313.18,-9950.09,-9558.5,-9718.06,-9791.69,-9921.49,-9966.01,-10089.13,12147.98,,
16721.0,3022023.33,1114312.18,-9950.13,-9558.53,-9718.09,-9791.73,-9921.53,-9966.05,-10089.16,12147.990000000002,,
16722.0,3022023.43,1114311.19,-9950.18,-9558.57,-9718.13,-9791.77,-9921.56,-9966.09,-10089.2,12147.990000000002,,
16723.0,3022023.53,1114310.19,-9950.22,-9558.61,-9718.17,-9791.81,-9921.6,-9966.13,-10089.24,12148.0,,
16724.0,3022023.63,1114309.2,-9950.26,-9558.65,-9718.2,-9791.84,-9921.64,-9966.16,-10089.28,12148.0,,
16725.0,3022023.72,1114308.2,-9950.3,-9558.68,-9718.24,-9791.88,-9921.67,-9966.2,-10089.31,12148.01,,
16726.0,3022023.82,1114307.21,-9950.34,-9558.72,-9718.28,-9791.92,-9921.71,-9966.24,-10089.35,12148.01,,
16727.0,3022023.92,1114306.22,-9950.39,-9558.76,-9718.31,-9791.95,-9921.75,-9966.27,-10089.39,12148.02,68.61823268477144,
16728.0,3022024.02,1114305.22,-9950.43,-9558.79,-9718.35,-9791.99,-9921.78,-9966.31,-10089.42,12148.02,68.84964153114694,
16729.0,3022024.12,1114304.23,-9950.47,-9558.83,-9718.39,-9792.03,-9921.82,-9966.35,-10089.46,12148.03,65.23525574013922,
16730.0,3022024.22,1114303.23,-9950.51,-9558.87,-9718.43,-9792.06,-9921.86,-9966.38,-10089.5,12148.03,,
16731.0,3022024.32,1114302.24,-9950.55,-9558.9,-9718.46,-9792.1,-9921.9,-9966.42,-10089.53,12148.04,,
16732.0,3022024.42,1114301.24,-9950.59,-9558.93,-9718.49,-9792.13,-9921.92,-9966.45,-10089.56,12148.05,,
16733.0,3022024.52,1114300.25,-9950.64,-9558.96,-9718.52,-9792.16,-9921.95,-9966.48,-10089.59,12148.070000000002,67.43914951514392,
16734.0,3022024.62,1114299.26,-9950.68,-9558.99,-9718.55,-9792.18,-9921.98,-9966.5,-10089.62,12148.08,,
16735.0,3022024.72,1114298.26,-9950.72,-9559.01,-9718.57,-9792.21,-9922.01,-9966.53,-10089.64,12148.1,,
16736.0,3022024.82,1114297.27,-9950.76,-9559.04,-9718.6,-9792.24,-9922.03,-9966.56,-10089.67,12148.11,,
16737.0,3022024.92,1114296.27,-9950.81,-9559.07,-9718.63,-9792.27,-9922.06,-9966.59,-10089.7,12148.12,,
16738.0,3022025.02,1114295.28,-9950.85,-9559.1,-9718.66,-9792.29,-9922.09,-9966.61,-10089.73,12148.14,,
16739.0,3022025.12,1114294.29,-9950.89,-9559.12,-9718.68,-9792.32,-9922.12,-9966.64,-10089.75,12148.15,65.23525574013922,
16740.0,3022025.22,1114293.29,-9950.93,-9559.15,-9718.71,-9792.35,-9922.14,-9966.67,-10089.78,12148.17,64.41981504338747,
16741.0,3022025.32,1114292.3,-9950.97,-9559.18,-9718.74,-9792.38,-9922.17,-9966.7,-10089.81,12148.18,63.03136196513452,
16742.0,3022025.42,1114291.3,-9951.02,-9559.2,-9718.76,-9792.4,-9922.2,-9966.72,-10089.83,12148.2,64.87161326726346,
16743.0,3022025.52,1114290.31,-9951.06,-9559.23,-9718.79,-9792.43,-9922.22,-9966.75,-10089.86,12148.22,65.23525574013922,
16744.0,3022025.62,1114289.32,-9951.1,-9559.25,-9718.81,-9792.45,-9922.24,-9966.77,-10089.88,12148.240000000002,67.43914951514392,
16745.0,3022025.72,1114288.32,-9951.14,-9559.28,-9718.84,-9792.48,-9922.27,-9966.8,-10089.91,12148.25,,
16746.0,3022025.82,1114287.33,-9951.19,-9559.3,-9718.86,-9792.5,-9922.29,-9966.82,-10089.93,12148.27,68.59619374702139,
16747.0,3022025.92,1114286.33,-9951.23,-9559.33,-9718.89,-9792.53,-9922.32,-9966.85,-10089.96,12148.29,68.01216189664514,
16748.0,3022026.02,1114285.34,-9951.27,-9559.35,-9718.91,-9792.55,-9922.34,-9966.87,-10089.98,12148.31,70.44746451802534,
16749.0,3022026.13,1114284.35,-9951.31,-9559.38,-9718.94,-9792.57,-9922.37,-9966.89,-10090.01,12148.33,71.84693706515334,
16750.0,3022026.23,1114283.35,-9951.36,-9559.4,-9718.96,-9792.6,-9922.39,-9966.92,-10090.03,12148.34,,
16751.0,3022026.33,1114282.36,-9951.4,-9559.43,-9718.99,-9792.62,-9922.42,-9966.94,-10090.06,12148.36,63.03136196513452,
16752.0,3022026.43,1114281.36,-9951.44,-9559.45,-9719.01,-9792.65,-9922.44,-9966.97,-10090.08,12148.38,61.8963566710071,
16753.0,3022026.53,1114280.37,-9951.49,-9559.48,-9719.04,-9792.67,-9922.47,-9966.99,-10090.11,12148.4,60.82746819012981,
16754.0,3022026.63,1114279.38,-9951.53,-9559.5,-9719.06,-9792.7,-9922.49,-9967.02,-10090.13,12148.42,65.23525574013922,
16755.0,3022026.73,1114278.38,-9951.57,-9559.53,-9719.08,-9792.72,-9922.52,-9967.04,-10090.16,12148.43,67.00939022901801,
16756.0,3022026.83,1114277.39,-9951.61,-9559.55,-9719.11,-9792.75,-9922.54,-9967.07,-10090.18,12148.45,67.43914951514392,
16757.0,3022026.93,1114276.39,-9951.66,-9559.58,-9719.13,-9792.77,-9922.57,-9967.09,-10090.21,12148.47,66.74492297601743,
16758.0,3022027.03,1114275.4,-9951.7,-9559.6,-9719.16,-9792.8,-9922.59,-9967.12,-10090.23,12148.490000000002,67.20774066876842,
16759.0,3022027.13,1114274.41,-9951.74,-9559.63,-9719.18,-9792.82,-9922.62,-9967.14,-10090.26,12148.51,68.6512910913965,
16760.0,3022027.24,1114273.41,-9951.79,-9559.65,-9719.21,-9792.85,-9922.64,-9967.17,-10090.28,12148.52,69.2573618795228,
16761.0,3022027.34,1114272.42,-9951.83,-9559.68,-9719.23,-9792.87,-9922.67,-9967.19,-10090.31,12148.54,67.43914951514392,
16762.0,3022027.44,1114271.42,-9951.87,-9559.7,-9719.26,-9792.9,-9922.69,-9967.22,-10090.33,12148.56,,
16763.0,3022027.54,1114270.43,-9951.92,-9559.72,-9719.28,-9792.92,-9922.72,-9967.24,-10090.36,12148.58,67.8909477390199,
16764.0,3022027.64,1114269.44,-9951.96,-9559.75,-9719.31,-9792.95,-9922.74,-9967.27,-10090.38,12148.6,69.64304329014863,
16765.0,3022027.74,1114268.44,-9952.0,-9559.77,-9719.33,-9792.97,-9922.77,-9967.29,-10090.4,12148.62,,
16766.0,3022027.84,1114267.45,-9952.04,-9559.8,-9719.36,-9793.0,-9922.79,-9967.32,-10090.43,12148.63,68.59619374702139,
16767.0,3022027.94,1114266.45,-9952.09,-9559.82,-9719.38,-9793.02,-9922.81,-9967.34,-10090.45,12148.65,67.43914951514392,
16768.0,3022028.05,1114265.46,-9952.13,-9559.85,-9719.41,-9793.05,-9922.84,-9967.37,-10090.48,12148.67,66.64574775614224,
16769.0,3022028.15,1114264.47,-9952.17,-9559.87,-9719.43,-9793.07,-9922.86,-9967.39,-10090.5,12148.69,65.23525574013922,
16770.0,3022028.25,1114263.47,-9952.22,-9559.9,-9719.46,-9793.1,-9922.89,-9967.42,-10090.53,12148.71,,
16771.0,3022028.35,1114262.48,-9952.26,-9559.92,-9719.48,-9793.12,-9922.91,-9967.44,-10090.55,12148.73,65.04792476926382,
16772.0,3022028.45,1114261.49,-9952.3,-9559.95,-9719.51,-9793.14,-9922.94,-9967.46,-10090.58,12148.75,63.47214072013545,
16773.0,3022028.55,1114260.49,-9952.35,-9559.97,-9719.53,-9793.17,-9922.96,-9967.49,-10090.6,12148.76,63.03136196513452,
16774.0,3022028.65,1114259.5,-9952.39,-9560.0,-9719.56,-9793.19,-9922.99,-9967.51,-10090.63,12148.78,,
16775.0,3022028.76,1114258.5,-9952.44,-9560.02,-9719.58,-9793.22,-9923.01,-9967.54,-10090.65,12148.8,64.01209469501161,
16776.0,3022028.86,1114257.51,-9952.48,-9560.05,-9719.61,-9793.24,-9923.04,-9967.56,-10090.68,12148.820000000002,67.43914951514392,
16777.0,3022028.96,1114256.52,-9952.52,-9560.07,-9719.63,-9793.27,-9923.06,-9967.59,-10090.7,12148.84,,
16778.0,3022029.06,1114255.52,-9952.57,-9560.1,-9719.65,-9793.29,-9923.09,-9967.61,-10090.73,12148.86,,
16779.0,3022029.16,1114254.53,-9952.61,-9560.12,-9719.68,-9793.32,-9923.11,-9967.64,-10090.75,12148.88,58.62357441512511,
16780.0,3022029.26,1114253.53,-9952.65,-9560.15,-9719.7,-9793.34,-9923.14,-9967.66,-10090.78,12148.9,60.14426111987835,
16781.0,3022029.36,1114252.54,-9952.7,-9560.17,-9719.73,-9793.37,-9923.16,-9967.69,-10090.8,12148.91,63.03136196513452,
16782.0,3022029.47,1114251.55,-9952.74,-9560.2,-9719.75,-9793.39,-9923.19,-9967.71,-10090.83,12148.93,,
16783.0,3022029.57,1114250.55,-9952.78,-9560.22,-9719.78,-9793.42,-9923.21,-9967.74,-10090.85,12148.95,,
16784.0,3022029.67,1114249.56,-9952.83,-9560.25,-9719.8,-9793.44,-9923.24,-9967.76,-10090.88,12148.97,,
16785.0,3022029.77,1114248.56,-9952.87,-9560.27,-9719.83,-9793.47,-9923.26,-9967.79,-10090.9,12148.990000000002,,
16786.0,3022029.87,1114247.57,-9952.92,-9560.29,-9719.85,-9793.49,-9923.29,-9967.81,-10090.93,12149.01,65.86336546601555,
16787.0,3022029.98,1114246.58,-9952.96,-9560.32,-9719.88,-9793.52,-9923.31,-9967.84,-10090.95,12149.03,67.43914951514392,
16788.0,3022030.08,1114245.58,-9953.0,-9560.34,-9719.9,-9793.54,-9923.34,-9967.86,-10090.97,12149.05,69.64304329014863,
16789.0,3022030.18,1114244.59,-9953.05,-9560.37,-9719.93,-9793.57,-9923.36,-9967.89,-10091.0,12149.070000000002,,
16790.0,3022030.28,1114243.6,-9953.09,-9560.39,-9719.95,-9793.59,-9923.38,-9967.91,-10091.02,12149.09,68.37580436952092,
16791.0,3022030.38,1114242.6,-9953.14,-9560.42,-9719.98,-9793.62,-9923.41,-9967.94,-10091.05,12149.11,67.43914951514392,
16792.0,3022030.48,1114241.61,-9953.18,-9560.44,-9720.0,-9793.64,-9923.43,-9967.96,-10091.07,12149.13,63.7696663797611,
16793.0,3022030.59,1114240.61,-9953.23,-9560.47,-9720.03,-9793.67,-9923.46,-9967.99,-10091.1,12149.15,63.38398496913526,
16794.0,3022030.69,1114239.62,-9953.27,-9560.49,-9720.05,-9793.69,-9923.48,-9968.01,-10091.12,12149.16,65.23525574013922,
16795.0,3022030.79,1114238.63,-9953.31,-9560.52,-9720.08,-9793.71,-9923.51,-9968.03,-10091.15,12149.18,,
16796.0,3022030.89,1114237.63,-9953.36,-9560.54,-9720.1,-9793.74,-9923.53,-9968.06,-10091.17,12149.2,,
16797.0,3022030.99,1114236.64,-9953.4,-9560.57,-9720.13,-9793.76,-9923.56,-9968.08,-10091.2,12149.22,,
16798.0,3022031.1,1114235.65,-9953.45,-9560.59,-9720.15,-9793.79,-9923.58,-9968.11,-10091.22,12149.240000000002,,
16799.0,3022031.2,1114234.65,-9953.49,-9560.62,-9720.18,-9793.81,-9923.61,-9968.13,-10091.25,12149.26,,
16800.0,3022031.3,1114233.66,-9953.54,-9560.64,-9720.2,-9793.84,-9923.63,-9968.16,-10091.27,12149.28,,
16801.0,3022031.4,1114232.66,-9953.58,-9560.67,-9720.22,-9793.86,-9923.66,-9968.18,-10091.3,12149.3,,
16802.0,3022031.51,1114231.67,-9953.62,-9560.69,-9720.25,-9793.89,-9923.68,-9968.21,-10091.32,12149.320000000002,60.82746819012981,
16803.0,3022031.61,1114230.68,-9953.67,-9560.72,-9720.27,-9793.91,-9923.71,-9968.23,-10091.35,12149.34,67.43914951514392,
16804.0,3022031.71,1114229.68,-9953.71,-9560.74,-9720.3,-9793.94,-9923.73,-9968.26,-10091.37,12149.36,,
16805.0,3022031.81,1114228.69,-9953.76,-9560.77,-9720.32,-9793.96,-9923.76,-9968.28,-10091.4,12149.38,,
16806.0,3022031.91,1114227.7,-9953.8,-9560.79,-9720.35,-9793.99,-9923.78,-9968.31,-10091.42,12149.4,,
16807.0,3022032.02,1114226.7,-9953.85,-9560.82,-9720.37,-9794.01,-9923.81,-9968.33,-10091.45,12149.42,69.18022559739764,
16808.0,3022032.12,1114225.71,-9953.89,-9560.84,-9720.4,-9794.04,-9923.83,-9968.36,-10091.47,12149.44,68.71740790464665,
16809.0,3022032.22,1114224.71,-9953.94,-9560.86,-9720.42,-9794.06,-9923.86,-9968.38,-10091.5,12149.46,63.03136196513452,
16810.0,3022032.32,1114223.72,-9953.98,-9560.89,-9720.45,-9794.09,-9923.88,-9968.41,-10091.52,12149.48,,
16811.0,3022032.43,1114222.73,-9954.03,-9560.91,-9720.47,-9794.11,-9923.91,-9968.43,-10091.54,12149.5,,
16812.0,3022032.53,1114221.73,-9954.07,-9560.94,-9720.5,-9794.14,-9923.93,-9968.46,-10091.57,12149.52,,
16813.0,3022032.63,1114220.74,-9954.12,-9560.96,-9720.52,-9794.16,-9923.95,-9968.48,-10091.59,12149.54,66.81103978926758,
16814.0,3022032.73,1114219.75,-9954.16,-9560.99,-9720.55,-9794.19,-9923.98,-9968.51,-10091.62,12149.56,66.98735129126797,
16815.0,3022032.84,1114218.75,-9954.21,-9561.01,-9720.57,-9794.21,-9924.0,-9968.53,-10091.64,12149.58,65.23525574013922,
16816.0,3022032.94,1114217.76,-9954.25,-9561.04,-9720.6,-9794.24,-9924.03,-9968.56,-10091.67,12149.6,64.03413363276165,
16817.0,3022033.04,1114216.76,-9954.3,-9561.06,-9720.62,-9794.26,-9924.05,-9968.58,-10091.69,12149.62,63.03136196513452,
16818.0,3022033.14,1114215.77,-9954.34,-9561.09,-9720.65,-9794.28,-9924.08,-9968.6,-10091.72,12149.64,60.82746819012981,
16819.0,3022033.25,1114214.78,-9954.39,-9561.11,-9720.67,-9794.31,-9924.1,-9968.63,-10091.74,12149.66,,
16820.0,3022033.35,1114213.78,-9954.43,-9561.14,-9720.7,-9794.33,-9924.13,-9968.65,-10091.77,12149.68,61.63188941800652,
16821.0,3022033.45,1114212.79,-9954.48,-9561.16,-9720.72,-9794.36,-9924.15,-9968.68,-10091.79,12149.7,,
16822.0,3022033.56,1114211.8,-9954.52,-9561.19,-9720.75,-9794.38,-9924.18,-9968.7,-10091.82,12149.72,64.46389291888758,
16823.0,3022033.66,1114210.8,-9954.57,-9561.21,-9720.77,-9794.41,-9924.2,-9968.73,-10091.84,12149.740000000002,65.23525574013922,
16824.0,3022033.76,1114209.81,-9954.61,-9561.24,-9720.79,-9794.43,-9924.23,-9968.75,-10091.87,12149.76,67.43914951514392,
16825.0,3022033.86,1114208.81,-9954.66,-9561.26,-9720.82,-9794.46,-9924.25,-9968.78,-10091.89,12149.78,65.38952830438956,
16826.0,3022033.97,1114207.82,-9954.7,-9561.29,-9720.84,-9794.48,-9924.28,-9968.8,-10091.92,12149.81,63.03136196513452,
16827.0,3022034.07,1114206.83,-9954.75,-9561.31,-9720.87,-9794.51,-9924.3,-9968.83,-10091.94,12149.83,,
16828.0,3022034.17,1114205.83,-9954.79,-9561.34,-9720.89,-9794.53,-9924.33,-9968.85,-10091.97,12149.85,64.8936522050135,
16829.0,3022034.28,1114204.84,-9954.84,-9561.36,-9720.92,-9794.56,-9924.35,-9968.88,-10091.99,12149.87,62.42529117700823,
16830.0,3022034.38,1114203.85,-9954.88,-9561.39,-9720.94,-9794.58,-9924.38,-9968.9,-10092.02,12149.89,58.62357441512511,
16831.0,3022034.48,1114202.85,-9954.93,-9561.41,-9720.97,-9794.61,-9924.4,-9968.93,-10092.04,12149.91,55.31773375261806,
16832.0,3022034.58,1114201.86,-9954.98,-9561.43,-9720.99,-9794.63,-9924.43,-9968.95,-10092.06,12149.93,58.73376910387534,
16833.0,3022034.69,1114200.87,-9955.02,-9561.46,-9721.02,-9794.66,-9924.45,-9968.98,-10092.09,12149.95,60.82746819012981,
16834.0,3022034.79,1114199.87,-9955.06,-9561.48,-9721.04,-9794.68,-9924.48,-9969.0,-10092.11,12149.96,,
16835.0,3022034.89,1114198.88,-9955.11,-9561.51,-9721.07,-9794.71,-9924.5,-9969.03,-10092.14,12149.98,,
16836.0,3022035.0,1114197.88,-9955.15,-9561.53,-9721.09,-9794.73,-9924.52,-9969.05,-10092.16,12150.0,,
16837.0,3022035.1,1114196.89,-9955.2,-9561.56,-9721.12,-9794.76,-9924.55,-9969.08,-10092.19,12150.02,63.03136196513452,
16838.0,3022035.2,1114195.9,-9955.24,-9561.58,-9721.14,-9794.78,-9924.57,-9969.1,-10092.21,12150.04,65.23525574013922,
16839.0,3022035.3,1114194.9,-9955.28,-9561.61,-9721.17,-9794.81,-9924.6,-9969.13,-10092.24,12150.06,63.5823354088857,
16840.0,3022035.4,1114193.91,-9955.32,-9561.63,-9721.19,-9794.83,-9924.62,-9969.15,-10092.26,12150.08,60.82746819012981,
16841.0,3022035.5,1114192.92,-9955.37,-9561.66,-9721.22,-9794.85,-9924.65,-9969.17,-10092.29,12150.1,,
16842.0,3022035.61,1114191.92,-9955.41,-9561.68,-9721.24,-9794.88,-9924.67,-9969.2,-10092.31,12150.11,61.8963566710071,
16843.0,3022035.71,1114190.93,-9955.45,-9561.71,-9721.27,-9794.9,-9924.7,-9969.22,-10092.34,12150.13,60.82746819012981,
16844.0,3022035.81,1114189.93,-9955.49,-9561.73,-9721.29,-9794.93,-9924.72,-9969.25,-10092.36,12150.14,,
16845.0,3022035.91,1114188.94,-9955.53,-9561.76,-9721.32,-9794.95,-9924.75,-9969.27,-10092.39,12150.16,61.279266414005775,
16846.0,3022036.01,1114187.94,-9955.57,-9561.78,-9721.34,-9794.98,-9924.77,-9969.3,-10092.41,12150.17,63.03136196513452,
16847.0,3022036.11,1114186.95,-9955.61,-9561.81,-9721.36,-9795.0,-9924.8,-9969.32,-10092.44,12150.19,60.19935846425347,
16848.0,3022036.21,1114185.96,-9955.65,-9561.83,-9721.39,-9795.03,-9924.82,-9969.35,-10092.46,12150.2,58.62357441512511,
16849.0,3022036.31,1114184.96,-9955.69,-9561.86,-9721.41,-9795.05,-9924.85,-9969.37,-10092.49,12150.21,,
16850.0,3022036.41,1114183.97,-9955.72,-9561.88,-9721.44,-9795.08,-9924.87,-9969.4,-10092.51,12150.23,,
16851.0,3022036.51,1114182.97,-9955.76,-9561.91,-9721.46,-9795.1,-9924.9,-9969.42,-10092.54,12150.240000000002,,
16852.0,3022036.61,1114181.98,-9955.8,-9561.93,-9721.49,-9795.13,-9924.92,-9969.45,-10092.56,12150.26,58.12769831574905,
16853.0,3022036.71,1114180.99,-9955.84,-9561.96,-9721.51,-9795.15,-9924.95,-9969.47,-10092.59,12150.27,60.82746819012981,
16854.0,3022036.81,1114179.99,-9955.87,-9561.98,-9721.54,-9795.18,-9924.97,-9969.5,-10092.61,12150.28,59.75857970925254,
16855.0,3022036.91,1114179.0,-9955.91,-9562.0,-9721.56,-9795.2,-9925.0,-9969.52,-10092.64,12150.29,58.18279566012416,
16856.0,3022037.01,1114178.0,-9955.95,-9562.03,-9721.59,-9795.23,-9925.02,-9969.55,-10092.66,12150.3,59.47207351850192,
16857.0,3022037.11,1114177.01,-9955.98,-9562.05,-9721.61,-9795.25,-9925.05,-9969.57,-10092.68,12150.31,60.5850398748793,
16858.0,3022037.21,1114176.01,-9956.02,-9562.08,-9721.64,-9795.28,-9925.07,-9969.6,-10092.71,12150.320000000002,58.62357441512511,
16859.0,3022037.31,1114175.02,-9956.05,-9562.1,-9721.66,-9795.3,-9925.1,-9969.62,-10092.73,12150.33,58.799885917125486,
16860.0,3022037.41,1114174.02,-9956.08,-9562.13,-9721.69,-9795.33,-9925.12,-9969.65,-10092.76,12150.34,54.810838184366965,
16861.0,3022037.51,1114173.03,-9956.12,-9562.15,-9721.71,-9795.35,-9925.14,-9969.67,-10092.78,12150.35,56.3645832957453,
16862.0,3022037.61,1114172.04,-9956.15,-9562.18,-9721.74,-9795.38,-9925.17,-9969.7,-10092.81,12150.36,55.31773375261806,
16863.0,3022037.7,1114171.04,-9956.19,-9562.2,-9721.76,-9795.4,-9925.19,-9969.72,-10092.83,12150.37,54.85491605986707,
16864.0,3022037.8,1114170.05,-9956.22,-9562.23,-9721.79,-9795.43,-9925.22,-9969.74,-10092.86,12150.37,56.67312842424594,
16865.0,3022037.9,1114169.05,-9956.25,-9562.25,-9721.81,-9795.45,-9925.24,-9969.77,-10092.88,12150.38,51.73640636823541,
16866.0,3022038.0,1114168.06,-9956.28,-9562.28,-9721.84,-9795.47,-9925.27,-9969.79,-10092.91,12150.39,60.034066431128124,
16867.0,3022038.1,1114167.06,-9956.31,-9562.3,-9721.86,-9795.5,-9925.29,-9969.82,-10092.93,12150.39,56.02297976061956,
16868.0,3022038.2,1114166.07,-9956.34,-9562.33,-9721.89,-9795.52,-9925.32,-9969.84,-10092.96,12150.4,55.79157091424406,
16869.0,3022038.29,1114165.07,-9956.38,-9562.35,-9721.91,-9795.55,-9925.34,-9969.87,-10092.98,12150.41,55.31773375261806,
16870.0,3022038.39,1114164.08,-9956.41,-9562.38,-9721.94,-9795.57,-9925.37,-9969.89,-10093.01,12150.42,55.79157091424406,
16871.0,3022038.49,1114163.08,-9956.44,-9562.4,-9721.96,-9795.6,-9925.39,-9969.92,-10093.03,12150.42,57.18002399249703,
16872.0,3022038.58,1114162.09,-9956.47,-9562.43,-9721.98,-9795.62,-9925.42,-9969.94,-10093.06,12150.43,55.31773375261806,
16873.0,3022038.68,1114161.09,-9956.49,-9562.45,-9722.01,-9795.65,-9925.44,-9969.97,-10093.08,12150.43,,
16874.0,3022038.78,1114160.1,-9956.52,-9562.48,-9722.03,-9795.67,-9925.47,-9969.99,-10093.11,12150.43,58.62357441512511,
16875.0,3022038.88,1114159.1,-9956.55,-9562.5,-9722.06,-9795.7,-9925.49,-9970.02,-10093.13,12150.43,50.90994620260865,
16876.0,3022038.97,1114158.11,-9956.58,-9562.53,-9722.08,-9795.72,-9925.52,-9970.04,-10093.16,12150.44,53.11383997761335,
16877.0,3022039.07,1114157.11,-9956.61,-9562.55,-9722.11,-9795.75,-9925.54,-9970.07,-10093.18,12150.44,,
16878.0,3022039.16,1114156.12,-9956.63,-9562.57,-9722.13,-9795.77,-9925.57,-9970.09,-10093.21,12150.44,52.03393202786105,
16879.0,3022039.26,1114155.12,-9956.66,-9562.6,-9722.16,-9795.8,-9925.59,-9970.12,-10093.23,12150.45,50.06144709923183,
16880.0,3022039.36,1114154.13,-9956.69,-9562.62,-9722.18,-9795.82,-9925.62,-9970.14,-10093.25,12150.45,50.028388692606775,
16881.0,3022039.45,1114153.13,-9956.71,-9562.65,-9722.21,-9795.85,-9925.64,-9970.17,-10093.28,12150.45,55.31773375261806,
16882.0,3022039.55,1114152.14,-9956.74,-9562.67,-9722.23,-9795.87,-9925.67,-9970.19,-10093.3,12150.45,54.24884527174078,
16883.0,3022039.64,1114151.14,-9956.76,-9562.7,-9722.26,-9795.9,-9925.69,-9970.22,-10093.33,12150.45,52.32043821861166,
16884.0,3022039.74,1114150.15,-9956.79,-9562.72,-9722.28,-9795.92,-9925.71,-9970.24,-10093.35,12150.45,50.90994620260865,
16885.0,3022039.83,1114149.15,-9956.81,-9562.75,-9722.31,-9795.95,-9925.74,-9970.27,-10093.38,12150.45,48.70605242760395,
16886.0,3022039.93,1114148.16,-9956.84,-9562.77,-9722.33,-9795.97,-9925.76,-9970.29,-10093.4,12150.45,50.10552497473193,
16887.0,3022040.02,1114147.16,-9956.86,-9562.8,-9722.36,-9796.0,-9925.79,-9970.32,-10093.43,12150.45,50.90994620260865,
16888.0,3022040.12,1114146.17,-9956.88,-9562.82,-9722.38,-9796.02,-9925.81,-9970.34,-10093.45,12150.45,49.21294799585503,
16889.0,3022040.21,1114145.17,-9956.91,-9562.85,-9722.41,-9796.04,-9925.84,-9970.36,-10093.48,12150.44,49.6206683442309,
16890.0,3022040.31,1114144.18,-9956.93,-9562.87,-9722.43,-9796.07,-9925.86,-9970.39,-10093.5,12150.44,53.11383997761335,
16891.0,3022040.4,1114143.18,-9956.95,-9562.9,-9722.46,-9796.09,-9925.89,-9970.41,-10093.53,12150.44,49.543532062105726,
16892.0,3022040.5,1114142.19,-9956.97,-9562.92,-9722.48,-9796.12,-9925.91,-9970.44,-10093.55,12150.44,50.35897275885748,
16893.0,3022040.59,1114141.19,-9956.99,-9562.95,-9722.51,-9796.14,-9925.94,-9970.46,-10093.58,12150.43,53.11383997761335,
16894.0,3022040.69,1114140.2,-9957.02,-9562.97,-9722.53,-9796.17,-9925.96,-9970.49,-10093.6,12150.43,,
16895.0,3022040.78,1114139.2,-9957.04,-9563.0,-9722.56,-9796.19,-9925.99,-9970.51,-10093.63,12150.42,,
16896.0,3022040.87,1114138.21,-9957.06,-9563.02,-9722.58,-9796.22,-9926.01,-9970.54,-10093.65,12150.42,52.32043821861166,
16897.0,3022040.97,1114137.21,-9957.08,-9563.05,-9722.6,-9796.24,-9926.04,-9970.56,-10093.68,12150.41,50.90994620260865,
16898.0,3022041.06,1114136.21,-9957.1,-9563.07,-9722.63,-9796.27,-9926.06,-9970.59,-10093.7,12150.41,47.17434625397568,
16899.0,3022041.15,1114135.22,-9957.11,-9563.1,-9722.65,-9796.29,-9926.09,-9970.61,-10093.73,12150.4,46.97599581422525,
16900.0,3022041.25,1114134.22,-9957.13,-9563.12,-9722.68,-9796.32,-9926.11,-9970.64,-10093.75,12150.4,48.70605242760395,
16901.0,3022041.34,1114133.23,-9957.15,-9563.15,-9722.7,-9796.34,-9926.14,-9970.66,-10093.78,12150.39,,
16902.0,3022041.43,1114132.23,-9957.17,-9563.17,-9722.73,-9796.37,-9926.16,-9970.69,-10093.8,12150.38,50.43610904098264,
16903.0,3022041.52,1114131.24,-9957.19,-9563.2,-9722.75,-9796.39,-9926.19,-9970.71,-10093.83,12150.38,50.90994620260865,
16904.0,3022041.62,1114130.24,-9957.2,-9563.22,-9722.78,-9796.42,-9926.21,-9970.74,-10093.85,12150.37,55.31773375261806,
16905.0,3022041.71,1114129.25,-9957.22,-9563.24,-9722.8,-9796.44,-9926.24,-9970.76,-10093.87,12150.36,53.81908598561486,
16906.0,3022041.8,1114128.25,-9957.24,-9563.27,-9722.83,-9796.47,-9926.26,-9970.79,-10093.9,12150.35,48.70605242760395,
16907.0,3022041.89,1114127.25,-9957.25,-9563.29,-9722.85,-9796.49,-9926.29,-9970.81,-10093.92,12150.34,51.54907539736001,
16908.0,3022041.99,1114126.26,-9957.27,-9563.32,-9722.88,-9796.52,-9926.31,-9970.84,-10093.95,12150.33,53.11383997761335,
16909.0,3022042.08,1114125.26,-9957.28,-9563.34,-9722.9,-9796.54,-9926.34,-9970.86,-10093.97,12150.320000000002,52.22126299873645,
16910.0,3022042.17,1114124.27,-9957.3,-9563.37,-9722.93,-9796.57,-9926.36,-9970.89,-10094.0,12150.31,48.70605242760395,
16911.0,3022042.26,1114123.27,-9957.31,-9563.39,-9722.95,-9796.59,-9926.38,-9970.91,-10094.02,12150.3,,
16912.0,3022042.35,1114122.28,-9957.32,-9563.42,-9722.98,-9796.62,-9926.41,-9970.94,-10094.05,12150.29,,
16913.0,3022042.44,1114121.28,-9957.34,-9563.44,-9723.0,-9796.64,-9926.43,-9970.96,-10094.07,12150.28,46.97599581422525,
16914.0,3022042.53,1114120.28,-9957.35,-9563.47,-9723.03,-9796.67,-9926.46,-9970.98,-10094.1,12150.27,46.50215865259924,
16915.0,3022042.63,1114119.29,-9957.36,-9563.49,-9723.05,-9796.69,-9926.48,-9971.01,-10094.12,12150.25,50.90994620260865,
16916.0,3022042.72,1114118.29,-9957.37,-9563.52,-9723.08,-9796.71,-9926.51,-9971.03,-10094.15,12150.240000000002,,
16917.0,3022042.81,1114117.3,-9957.39,-9563.54,-9723.1,-9796.74,-9926.53,-9971.06,-10094.17,12150.23,,
16918.0,3022042.9,1114116.3,-9957.4,-9563.57,-9723.13,-9796.76,-9926.56,-9971.08,-10094.2,12150.21,,
16919.0,3022042.99,1114115.31,-9957.41,-9563.59,-9723.15,-9796.79,-9926.58,-9971.11,-10094.22,12150.2,46.50215865259924,
16920.0,3022043.08,1114114.31,-9957.42,-9563.62,-9723.18,-9796.81,-9926.61,-9971.13,-10094.25,12150.19,46.96497634535024,
16921.0,3022043.17,1114113.31,-9957.43,-9563.64,-9723.2,-9796.84,-9926.63,-9971.16,-10094.27,12150.18,48.70605242760395,
16922.0,3022043.26,1114112.32,-9957.44,-9563.67,-9723.22,-9796.86,-9926.66,-9971.18,-10094.3,12150.16,50.127563912481975,
16923.0,3022043.35,1114111.32,-9957.45,-9563.69,-9723.25,-9796.89,-9926.68,-9971.21,-10094.32,12150.14,50.90994620260865,
16924.0,3022043.44,1114110.33,-9957.46,-9563.72,-9723.27,-9796.91,-9926.71,-9971.23,-10094.35,12150.13,,
16925.0,3022043.53,1114109.33,-9957.47,-9563.74,-9723.3,-9796.94,-9926.73,-9971.26,-10094.37,12150.11,48.70605242760395,
16926.0,3022043.62,1114108.33,-9957.47,-9563.77,-9723.32,-9796.96,-9926.76,-9971.28,-10094.4,12150.09,,
16927.0,3022043.71,1114107.34,-9957.48,-9563.79,-9723.35,-9796.99,-9926.78,-9971.31,-10094.42,12150.08,,
16928.0,3022043.79,1114106.34,-9957.49,-9563.82,-9723.37,-9797.01,-9926.81,-9971.33,-10094.45,12150.06,,
16929.0,3022043.88,1114105.35,-9957.5,-9563.84,-9723.4,-9797.04,-9926.83,-9971.36,-10094.47,12150.05,53.11383997761335,
16930.0,3022043.97,1114104.35,-9957.51,-9563.86,-9723.42,-9797.06,-9926.86,-9971.38,-10094.5,12150.03,,
16931.0,3022044.06,1114103.35,-9957.51,-9563.89,-9723.45,-9797.09,-9926.88,-9971.41,-10094.52,12150.01,,
16932.0,3022044.15,1114102.36,-9957.52,-9563.91,-9723.47,-9797.11,-9926.91,-9971.43,-10094.54,12150.0,50.87688779598358,
16933.0,3022044.24,1114101.36,-9957.53,-9563.94,-9723.5,-9797.14,-9926.93,-9971.46,-10094.57,12149.98,48.70605242760395,
16934.0,3022044.33,1114100.37,-9957.54,-9563.96,-9723.52,-9797.16,-9926.96,-9971.48,-10094.59,12149.96,46.8107037810999,
16935.0,3022044.42,1114099.37,-9957.55,-9563.99,-9723.55,-9797.19,-9926.98,-9971.51,-10094.62,12149.94,47.41677456922619,
16936.0,3022044.51,1114098.37,-9957.55,-9564.01,-9723.57,-9797.21,-9927.0,-9971.53,-10094.64,12149.93,50.90994620260865,
16937.0,3022044.6,1114097.38,-9957.56,-9564.04,-9723.6,-9797.24,-9927.03,-9971.56,-10094.67,12149.91,49.069694900479725,
16938.0,3022044.69,1114096.38,-9957.57,-9564.06,-9723.62,-9797.26,-9927.05,-9971.58,-10094.69,12149.89,46.50215865259924,
16939.0,3022044.78,1114095.39,-9957.58,-9564.09,-9723.65,-9797.29,-9927.08,-9971.6,-10094.72,12149.88,48.628916145478776,
16940.0,3022044.87,1114094.39,-9957.58,-9564.11,-9723.67,-9797.31,-9927.1,-9971.63,-10094.74,12149.86,49.257025871355125,
16941.0,3022044.96,1114093.39,-9957.59,-9564.14,-9723.7,-9797.33,-9927.13,-9971.65,-10094.77,12149.84,46.50215865259924,
16942.0,3022045.05,1114092.4,-9957.6,-9564.16,-9723.72,-9797.36,-9927.15,-9971.68,-10094.79,12149.820000000002,,
16943.0,3022045.14,1114091.4,-9957.61,-9564.19,-9723.75,-9797.38,-9927.18,-9971.7,-10094.82,12149.81,48.70605242760395,
16944.0,3022045.23,1114090.41,-9957.61,-9564.21,-9723.77,-9797.41,-9927.2,-9971.73,-10094.84,12149.79,49.04765596272968,
16945.0,3022045.32,1114089.41,-9957.62,-9564.24,-9723.8,-9797.43,-9927.23,-9971.75,-10094.87,12149.77,50.90994620260865,
16946.0,3022045.42,1114088.42,-9957.63,-9564.26,-9723.82,-9797.46,-9927.25,-9971.78,-10094.89,12149.75,,
16947.0,3022045.51,1114087.42,-9957.63,-9564.29,-9723.84,-9797.48,-9927.28,-9971.8,-10094.92,12149.740000000002,49.34518162235531,
16948.0,3022045.6,1114086.42,-9957.64,-9564.31,-9723.87,-9797.51,-9927.3,-9971.83,-10094.94,12149.72,52.000873621235975,
16949.0,3022045.69,1114085.43,-9957.65,-9564.34,-9723.89,-9797.53,-9927.33,-9971.85,-10094.97,12149.7,47.43881350697624,
16950.0,3022045.78,1114084.43,-9957.66,-9564.36,-9723.92,-9797.56,-9927.35,-9971.88,-10094.99,12149.68,52.05597096561109,
16951.0,3022045.87,1114083.44,-9957.66,-9564.39,-9723.94,-9797.58,-9927.38,-9971.9,-10095.02,12149.66,51.75844530598546,
16952.0,3022045.96,1114082.44,-9957.67,-9564.41,-9723.97,-9797.61,-9927.4,-9971.93,-10095.04,12149.65,50.78873204498339,
16953.0,3022046.05,1114081.44,-9957.68,-9564.44,-9723.99,-9797.63,-9927.43,-9971.95,-10095.07,12149.63,50.99810195360884,
16954.0,3022046.14,1114080.45,-9957.68,-9564.46,-9724.02,-9797.66,-9927.45,-9971.98,-10095.09,12149.61,52.210243529861415,
16955.0,3022046.23,1114079.45,-9957.69,-9564.48,-9724.04,-9797.68,-9927.48,-9972.0,-10095.12,12149.59,51.6813090238603,
16956.0,3022046.33,1114078.46,-9957.7,-9564.51,-9724.07,-9797.71,-9927.5,-9972.03,-10095.14,12149.570000000002,51.47193911523484,
16957.0,3022046.42,1114077.46,-9957.7,-9564.53,-9724.09,-9797.73,-9927.53,-9972.05,-10095.16,12149.56,47.9346896063523,
16958.0,3022046.51,1114076.47,-9957.71,-9564.56,-9724.12,-9797.76,-9927.55,-9972.08,-10095.19,12149.54,51.97883468348593,
16959.0,3022046.6,1114075.47,-9957.72,-9564.58,-9724.14,-9797.78,-9927.58,-9972.1,-10095.21,12149.52,50.90994620260865,
16960.0,3022046.69,1114074.47,-9957.72,-9564.61,-9724.17,-9797.81,-9927.6,-9972.13,-10095.24,12149.5,,
16961.0,3022046.78,1114073.48,-9957.73,-9564.63,-9724.19,-9797.83,-9927.62,-9972.15,-10095.26,12149.48,52.7612169736126,
16962.0,3022046.87,1114072.48,-9957.74,-9564.66,-9724.22,-9797.86,-9927.65,-9972.18,-10095.29,12149.47,53.11383997761335,
16963.0,3022046.97,1114071.49,-9957.74,-9564.68,-9724.24,-9797.88,-9927.67,-9972.2,-10095.31,12149.45,51.24053026885935,
16964.0,3022047.06,1114070.49,-9957.75,-9564.71,-9724.27,-9797.91,-9927.7,-9972.23,-10095.34,12149.43,50.90994620260865,
16965.0,3022047.15,1114069.5,-9957.76,-9564.73,-9724.29,-9797.93,-9927.72,-9972.25,-10095.36,12149.41,51.73640636823541,
16966.0,3022047.24,1114068.5,-9957.76,-9564.76,-9724.32,-9797.95,-9927.75,-9972.27,-10095.39,12149.39,55.31773375261806,
16967.0,3022047.33,1114067.5,-9957.77,-9564.78,-9724.34,-9797.98,-9927.77,-9972.3,-10095.41,12149.37,48.70605242760395,
16968.0,3022047.43,1114066.51,-9957.77,-9564.81,-9724.37,-9798.0,-9927.8,-9972.32,-10095.44,12149.36,,
16969.0,3022047.52,1114065.51,-9957.78,-9564.83,-9724.39,-9798.03,-9927.82,-9972.35,-10095.46,12149.34,,
16970.0,3022047.61,1114064.52,-9957.79,-9564.86,-9724.42,-9798.05,-9927.85,-9972.37,-10095.49,12149.320000000002,53.11383997761335,
16971.0,3022047.7,1114063.52,-9957.79,-9564.88,-9724.44,-9798.08,-9927.87,-9972.4,-10095.51,12149.3,51.394802833109686,
16972.0,3022047.8,1114062.53,-9957.8,-9564.91,-9724.47,-9798.1,-9927.9,-9972.42,-10095.54,12149.28,51.97883468348593,
16973.0,3022047.89,1114061.53,-9957.81,-9564.93,-9724.49,-9798.13,-9927.92,-9972.45,-10095.56,12149.26,53.11383997761335,
16974.0,3022047.98,1114060.53,-9957.81,-9564.96,-9724.51,-9798.15,-9927.95,-9972.47,-10095.59,12149.240000000002,50.90994620260865,
16975.0,3022048.07,1114059.54,-9957.82,-9564.98,-9724.54,-9798.18,-9927.97,-9972.5,-10095.61,12149.22,51.64825061723523,
16976.0,3022048.17,1114058.54,-9957.82,-9565.01,-9724.56,-9798.2,-9928.0,-9972.52,-10095.64,12149.21,53.11383997761335,
16977.0,3022048.26,1114057.55,-9957.83,-9565.03,-9724.59,-9798.23,-9928.02,-9972.55,-10095.66,12149.19,55.31773375261806,
16978.0,3022048.35,1114056.55,-9957.84,-9565.06,-9724.61,-9798.25,-9928.05,-9972.57,-10095.69,12149.17,,
16979.0,3022048.45,1114055.56,-9957.84,-9565.08,-9724.64,-9798.28,-9928.07,-9972.6,-10095.71,12149.15,,
16980.0,3022048.54,1114054.56,-9957.85,-9565.11,-9724.66,-9798.3,-9928.1,-9972.62,-10095.74,12149.13,,
16981.0,3022048.63,1114053.56,-9957.85,-9565.13,-9724.69,-9798.33,-9928.12,-9972.65,-10095.76,12149.11,,
16982.0,3022048.73,1114052.57,-9957.86,-9565.15,-9724.71,-9798.35,-9928.15,-9972.67,-10095.79,12149.09,53.11383997761335,
16983.0,3022048.82,1114051.57,-9957.86,-9565.18,-9724.74,-9798.38,-9928.17,-9972.7,-10095.81,12149.070000000002,,
16984.0,3022048.91,1114050.58,-9957.87,-9565.2,-9724.76,-9798.4,-9928.2,-9972.72,-10095.83,12149.05,,
16985.0,3022049.01,1114049.58,-9957.87,-9565.23,-9724.79,-9798.43,-9928.22,-9972.75,-10095.86,12149.03,46.50215865259924,
16986.0,3022049.1,1114048.59,-9957.88,-9565.25,-9724.81,-9798.45,-9928.25,-9972.77,-10095.88,12149.01,48.48566305010348,
16987.0,3022049.19,1114047.59,-9957.89,-9565.28,-9724.84,-9798.48,-9928.27,-9972.8,-10095.91,12148.990000000002,55.31773375261806,
16988.0,3022049.29,1114046.6,-9957.89,-9565.3,-9724.86,-9798.5,-9928.29,-9972.82,-10095.93,12148.98,,
16989.0,3022049.38,1114045.6,-9957.9,-9565.33,-9724.89,-9798.53,-9928.32,-9972.85,-10095.96,12148.96,48.70605242760395,
16990.0,3022049.47,1114044.6,-9957.9,-9565.35,-9724.91,-9798.55,-9928.34,-9972.87,-10095.98,12148.94,,
16991.0,3022049.57,1114043.61,-9957.91,-9565.38,-9724.94,-9798.58,-9928.37,-9972.89,-10096.01,12148.92,55.31773375261806,
16992.0,3022049.66,1114042.61,-9957.91,-9565.4,-9724.96,-9798.6,-9928.39,-9972.92,-10096.03,12148.9,53.43340457498903,
16993.0,3022049.76,1114041.62,-9957.92,-9565.43,-9724.99,-9798.62,-9928.42,-9972.94,-10096.06,12148.88,52.6620417537374,
16994.0,3022049.85,1114040.62,-9957.92,-9565.45,-9725.01,-9798.65,-9928.44,-9972.97,-10096.08,12148.86,50.90994620260865,
16995.0,3022049.94,1114039.63,-9957.93,-9565.48,-9725.04,-9798.67,-9928.47,-9972.99,-10096.11,12148.84,,
16996.0,3022050.04,1114038.63,-9957.93,-9565.5,-9725.06,-9798.7,-9928.49,-9973.02,-10096.13,12148.820000000002,54.43617624261618,
16997.0,3022050.13,1114037.64,-9957.94,-9565.53,-9725.09,-9798.72,-9928.52,-9973.04,-10096.16,12148.8,54.60146827574152,
16998.0,3022050.23,1114036.64,-9957.94,-9565.55,-9725.11,-9798.75,-9928.54,-9973.07,-10096.18,12148.78,50.90994620260865,
16999.0,3022050.32,1114035.64,-9957.95,-9565.58,-9725.13,-9798.77,-9928.57,-9973.09,-10096.21,12148.76,,
17000.0,3022050.42,1114034.65,-9957.95,-9565.6,-9725.16,-9798.8,-9928.59,-9973.12,-10096.23,12148.740000000002,53.11383997761335,
17001.0,3022050.51,1114033.65,-9957.96,-9565.63,-9725.18,-9798.82,-9928.62,-9973.14,-10096.26,12148.72,49.51047365548065,
17002.0,3022050.6,1114032.66,-9957.96,-9565.65,-9725.21,-9798.85,-9928.64,-9973.17,-10096.28,12148.7,48.70605242760395,
17003.0,3022050.7,1114031.66,-9957.97,-9565.68,-9725.23,-9798.87,-9928.67,-9973.19,-10096.31,12148.68,,
17004.0,3022050.79,1114030.67,-9957.97,-9565.7,-9725.26,-9798.9,-9928.69,-9973.22,-10096.33,12148.66,,
17005.0,3022050.89,1114029.67,-9957.98,-9565.73,-9725.28,-9798.92,-9928.72,-9973.24,-10096.36,12148.64,52.27636034311156,
17006.0,3022050.98,1114028.68,-9957.98,-9565.75,-9725.31,-9798.95,-9928.74,-9973.27,-10096.38,12148.62,53.11383997761335,
17007.0,3022051.08,1114027.68,-9957.99,-9565.77,-9725.33,-9798.97,-9928.77,-9973.29,-10096.41,12148.6,48.70605242760395,
17008.0,3022051.17,1114026.68,-9957.99,-9565.8,-9725.36,-9799.0,-9928.79,-9973.32,-10096.43,12148.58,49.21294799585503,
17009.0,3022051.27,1114025.69,-9958.0,-9565.82,-9725.38,-9799.02,-9928.82,-9973.34,-10096.45,12148.56,50.90994620260865,
17010.0,3022051.36,1114024.69,-9958.0,-9565.85,-9725.41,-9799.05,-9928.84,-9973.37,-10096.48,12148.54,,
17011.0,3022051.46,1114023.7,-9958.0,-9565.87,-9725.43,-9799.07,-9928.87,-9973.39,-10096.5,12148.52,53.11383997761335,
17012.0,3022051.55,1114022.7,-9958.01,-9565.9,-9725.46,-9799.1,-9928.89,-9973.42,-10096.53,12148.5,48.70605242760395,
17013.0,3022051.65,1114021.71,-9958.01,-9565.93,-9725.49,-9799.13,-9928.92,-9973.45,-10096.56,12148.47,,
17014.0,3022051.75,1114020.71,-9958.02,-9565.96,-9725.52,-9799.15,-9928.95,-9973.47,-10096.59,12148.45,49.4774152488556,
17015.0,3022051.84,1114019.72,-9958.02,-9565.98,-9725.54,-9799.18,-9928.98,-9973.5,-10096.61,12148.43,53.11383997761335,
17016.0,3022051.94,1114018.72,-9958.03,-9566.01,-9725.57,-9799.21,-9929.0,-9973.53,-10096.64,12148.4,,
17017.0,3022052.03,1114017.73,-9958.03,-9566.04,-9725.6,-9799.24,-9929.03,-9973.56,-10096.67,12148.38,50.90994620260865,
17018.0,3022052.13,1114016.73,-9958.03,-9566.07,-9725.63,-9799.26,-9929.06,-9973.58,-10096.7,12148.35,,
17019.0,3022052.22,1114015.73,-9958.04,-9566.1,-9725.65,-9799.29,-9929.09,-9973.61,-10096.73,12148.33,53.11383997761335,
17020.0,3022052.32,1114014.74,-9958.04,-9566.12,-9725.68,-9799.32,-9929.11,-9973.64,-10096.75,12148.31,50.90994620260865,
17021.0,3022052.42,1114013.74,-9958.05,-9566.15,-9725.71,-9799.35,-9929.14,-9973.67,-10096.78,12148.28,,
17022.0,3022052.51,1114012.75,-9958.05,-9566.18,-9725.74,-9799.38,-9929.17,-9973.7,-10096.81,12148.26,,
17023.0,3022052.61,1114011.75,-9958.06,-9566.21,-9725.76,-9799.4,-9929.2,-9973.72,-10096.84,12148.240000000002,51.24053026885935,
17024.0,3022052.7,1114010.76,-9958.06,-9566.23,-9725.79,-9799.43,-9929.22,-9973.75,-10096.86,12148.22,53.11383997761335,
17025.0,3022052.8,1114009.76,-9958.07,-9566.26,-9725.82,-9799.46,-9929.25,-9973.78,-10096.89,12148.2,56.00094082286951,
17026.0,3022052.9,1114008.77,-9958.07,-9566.29,-9725.85,-9799.49,-9929.28,-9973.81,-10096.92,12148.17,56.79434258187121,
17027.0,3022052.99,1114007.77,-9958.08,-9566.32,-9725.87,-9799.51,-9929.31,-9973.83,-10096.95,12148.15,46.50215865259924,
17028.0,3022053.09,1114006.78,-9958.08,-9566.34,-9725.9,-9799.54,-9929.34,-9973.86,-10096.97,12148.13,,
17029.0,3022053.18,1114005.78,-9958.09,-9566.37,-9725.93,-9799.57,-9929.36,-9973.89,-10097.0,12148.11,55.31773375261806,
17030.0,3022053.28,1114004.79,-9958.1,-9566.4,-9725.96,-9799.6,-9929.39,-9973.92,-10097.03,12148.09,54.38107889824105,
17031.0,3022053.38,1114003.79,-9958.1,-9566.43,-9725.99,-9799.62,-9929.42,-9973.94,-10097.06,12148.06,50.90994620260865,
17032.0,3022053.47,1114002.8,-9958.11,-9566.46,-9726.01,-9799.65,-9929.45,-9973.97,-10097.09,12148.05,,
17033.0,3022053.57,1114001.8,-9958.12,-9566.48,-9726.04,-9799.68,-9929.47,-9974.0,-10097.11,12148.03,51.70334796161034,
17034.0,3022053.66,1114000.8,-9958.13,-9566.51,-9726.07,-9799.71,-9929.5,-9974.03,-10097.14,12148.01,53.58767713923936,
17035.0,3022053.76,1113999.81,-9958.13,-9566.54,-9726.1,-9799.74,-9929.53,-9974.06,-10097.17,12147.990000000002,,
17036.0,3022053.86,1113998.81,-9958.14,-9566.57,-9726.12,-9799.76,-9929.56,-9974.08,-10097.2,12147.97,58.039542564748864,
17037.0,3022053.95,1113997.82,-9958.15,-9566.59,-9726.15,-9799.79,-9929.58,-9974.11,-10097.22,12147.95,55.31773375261806,
17038.0,3022054.05,1113996.82,-9958.16,-9566.62,-9726.18,-9799.82,-9929.61,-9974.14,-10097.25,12147.93,53.11383997761335,
17039.0,3022054.14,1113995.83,-9958.17,-9566.65,-9726.21,-9799.85,-9929.64,-9974.17,-10097.28,12147.91,54.039475363115336,
17040.0,3022054.24,1113994.83,-9958.18,-9566.68,-9726.23,-9799.87,-9929.67,-9974.19,-10097.31,12147.89,58.62357441512511,
17041.0,3022054.34,1113993.84,-9958.19,-9566.7,-9726.26,-9799.9,-9929.7,-9974.22,-10097.33,12147.88,52.7612169736126,
17042.0,3022054.43,1113992.84,-9958.2,-9566.73,-9726.29,-9799.93,-9929.72,-9974.25,-10097.36,12147.86,53.11383997761335,
17043.0,3022054.53,1113991.85,-9958.21,-9566.76,-9726.32,-9799.96,-9929.75,-9974.28,-10097.39,12147.84,53.59869660811439,
17044.0,3022054.62,1113990.85,-9958.23,-9566.79,-9726.35,-9799.98,-9929.78,-9974.3,-10097.42,12147.83,52.68408069148744,
17045.0,3022054.72,1113989.86,-9958.24,-9566.82,-9726.37,-9800.01,-9929.81,-9974.33,-10097.45,12147.81,52.05597096561109,
17046.0,3022054.82,1113988.86,-9958.25,-9566.84,-9726.4,-9800.04,-9929.83,-9974.36,-10097.47,12147.8,57.01473195937167,
17047.0,3022054.91,1113987.87,-9958.26,-9566.87,-9726.43,-9800.07,-9929.86,-9974.39,-10097.5,12147.78,53.11383997761335,
17048.0,3022055.01,1113986.87,-9958.27,-9566.9,-9726.46,-9800.1,-9929.89,-9974.42,-10097.53,12147.77,,
17049.0,3022055.1,1113985.87,-9958.29,-9566.93,-9726.48,-9800.12,-9929.92,-9974.44,-10097.56,12147.75,54.93205234199223,
17050.0,3022055.2,1113984.88,-9958.3,-9566.95,-9726.51,-9800.15,-9929.94,-9974.47,-10097.58,12147.740000000002,53.1358789153634,
17051.0,3022055.3,1113983.88,-9958.31,-9566.98,-9726.54,-9800.18,-9929.97,-9974.5,-10097.61,12147.72,55.95686294736942,
17052.0,3022055.39,1113982.89,-9958.33,-9567.01,-9726.57,-9800.21,-9930.0,-9974.53,-10097.64,12147.71,55.83564878974416,
17053.0,3022055.49,1113981.89,-9958.34,-9567.04,-9726.6,-9800.23,-9930.03,-9974.55,-10097.67,12147.7,54.744721371116825,
17054.0,3022055.58,1113980.9,-9958.36,-9567.06,-9726.62,-9800.26,-9930.06,-9974.58,-10097.69,12147.68,54.94307181086725,
17055.0,3022055.68,1113979.9,-9958.37,-9567.09,-9726.65,-9800.29,-9930.08,-9974.61,-10097.72,12147.67,54.6345266823666,
17056.0,3022055.78,1113978.91,-9958.39,-9567.12,-9726.68,-9800.32,-9930.11,-9974.64,-10097.75,12147.66,51.61519221061016,
17057.0,3022055.87,1113977.91,-9958.4,-9567.15,-9726.71,-9800.34,-9930.14,-9974.66,-10097.78,12147.65,53.11383997761335,
17058.0,3022055.97,1113976.92,-9958.42,-9567.18,-9726.73,-9800.37,-9930.17,-9974.69,-10097.81,12147.63,56.48579745337055,
17059.0,3022056.06,1113975.92,-9958.43,-9567.2,-9726.76,-9800.4,-9930.19,-9974.72,-10097.83,12147.62,57.37837443224745,
17060.0,3022056.16,1113974.93,-9958.45,-9567.23,-9726.79,-9800.43,-9930.22,-9974.75,-10097.86,12147.61,53.11383997761335,
17061.0,3022056.25,1113973.93,-9958.47,-9567.26,-9726.82,-9800.46,-9930.25,-9974.78,-10097.89,12147.6,54.00641695649026,
17062.0,3022056.35,1113972.94,-9958.48,-9567.29,-9726.84,-9800.48,-9930.28,-9974.8,-10097.92,12147.59,52.628983347112325,
17063.0,3022056.45,1113971.94,-9958.5,-9567.31,-9726.87,-9800.51,-9930.3,-9974.83,-10097.94,12147.58,54.766760308866886,
17064.0,3022056.54,1113970.95,-9958.52,-9567.34,-9726.9,-9800.54,-9930.33,-9974.86,-10097.97,12147.570000000002,58.62357441512511,
17065.0,3022056.64,1113969.95,-9958.54,-9567.37,-9726.93,-9800.57,-9930.36,-9974.89,-10098.0,12147.56,,
17066.0,3022056.73,1113968.96,-9958.56,-9567.4,-9726.95,-9800.59,-9930.39,-9974.91,-10098.03,12147.55,60.41974784175394,
17067.0,3022056.83,1113967.96,-9958.58,-9567.42,-9726.98,-9800.62,-9930.42,-9974.94,-10098.05,12147.54,55.76953197649402,
17068.0,3022056.93,1113966.96,-9958.59,-9567.45,-9727.01,-9800.65,-9930.44,-9974.97,-10098.08,12147.53,53.565638201489314,
17069.0,3022057.02,1113965.97,-9958.61,-9567.48,-9727.04,-9800.68,-9930.47,-9975.0,-10098.11,12147.52,55.31773375261806,
17070.0,3022057.12,1113964.97,-9958.63,-9567.51,-9727.07,-9800.7,-9930.5,-9975.02,-10098.14,12147.52,,
17071.0,3022057.21,1113963.98,-9958.65,-9567.54,-9727.09,-9800.73,-9930.53,-9975.05,-10098.17,12147.51,,
17072.0,3022057.31,1113962.98,-9958.67,-9567.56,-9727.12,-9800.76,-9930.55,-9975.08,-10098.19,12147.5,53.11383997761335,
17073.0,3022057.41,1113961.99,-9958.69,-9567.59,-9727.15,-9800.79,-9930.58,-9975.11,-10098.22,12147.5,54.79981871549195,
17074.0,3022057.5,1113960.99,-9958.72,-9567.62,-9727.18,-9800.82,-9930.61,-9975.14,-10098.25,12147.490000000002,55.31773375261806,
17075.0,3022057.6,1113960.0,-9958.74,-9567.65,-9727.2,-9800.84,-9930.64,-9975.16,-10098.28,12147.48,,
17076.0,3022057.69,1113959.0,-9958.76,-9567.67,-9727.23,-9800.87,-9930.66,-9975.19,-10098.3,12147.48,54.55739040024144,
17077.0,3022057.79,1113958.01,-9958.78,-9567.7,-9727.26,-9800.9,-9930.69,-9975.22,-10098.33,12147.47,53.11383997761335,
17078.0,3022057.89,1113957.01,-9958.8,-9567.73,-9727.29,-9800.93,-9930.72,-9975.25,-10098.36,12147.47,,
17079.0,3022057.98,1113956.02,-9958.83,-9567.76,-9727.31,-9800.95,-9930.75,-9975.27,-10098.39,12147.46,55.31773375261806,
17080.0,3022058.08,1113955.02,-9958.85,-9567.78,-9727.34,-9800.98,-9930.78,-9975.3,-10098.41,12147.45,58.3370682243745,
17081.0,3022058.17,1113954.03,-9958.87,-9567.81,-9727.37,-9801.01,-9930.8,-9975.33,-10098.44,12147.45,60.82746819012981,
17082.0,3022058.27,1113953.03,-9958.9,-9567.84,-9727.4,-9801.04,-9930.83,-9975.36,-10098.47,12147.45,53.11383997761335,
17083.0,3022058.36,1113952.04,-9958.92,-9567.87,-9727.43,-9801.06,-9930.86,-9975.38,-10098.5,12147.44,53.64277448361448,
17084.0,3022058.46,1113951.04,-9958.94,-9567.89,-9727.45,-9801.09,-9930.89,-9975.41,-10098.53,12147.44,55.31773375261806,
17085.0,3022058.56,1113950.05,-9958.97,-9567.92,-9727.48,-9801.12,-9930.91,-9975.44,-10098.55,12147.44,,
17086.0,3022058.65,1113949.05,-9958.99,-9567.95,-9727.51,-9801.15,-9930.94,-9975.47,-10098.58,12147.44,57.9624062826237,
17087.0,3022058.75,1113948.06,-9959.02,-9567.98,-9727.54,-9801.18,-9930.97,-9975.49,-10098.61,12147.43,58.62357441512511,
17088.0,3022058.84,1113947.06,-9959.05,-9568.01,-9727.56,-9801.2,-9931.0,-9975.52,-10098.64,12147.43,55.31773375261806,
17089.0,3022058.94,1113946.07,-9959.07,-9568.03,-9727.59,-9801.23,-9931.02,-9975.55,-10098.66,12147.43,,
17090.0,3022059.04,1113945.07,-9959.1,-9568.06,-9727.62,-9801.26,-9931.05,-9975.58,-10098.69,12147.43,,
17091.0,3022059.13,1113944.08,-9959.12,-9568.09,-9727.65,-9801.29,-9931.08,-9975.61,-10098.72,12147.42,53.44442404386406,
17092.0,3022059.23,1113943.08,-9959.15,-9568.12,-9727.67,-9801.31,-9931.11,-9975.63,-10098.75,12147.42,53.11383997761335,
17093.0,3022059.32,1113942.09,-9959.18,-9568.14,-9727.7,-9801.34,-9931.14,-9975.66,-10098.77,12147.42,54.32598155386594,
17094.0,3022059.42,1113941.09,-9959.21,-9568.17,-9727.73,-9801.37,-9931.16,-9975.69,-10098.8,12147.43,58.62357441512511,
17095.0,3022059.52,1113940.1,-9959.23,-9568.2,-9727.76,-9801.4,-9931.19,-9975.72,-10098.83,12147.43,54.39209836711608,
17096.0,3022059.61,1113939.1,-9959.26,-9568.23,-9727.79,-9801.42,-9931.22,-9975.74,-10098.86,12147.43,53.11383997761335,
17097.0,3022059.71,1113938.11,-9959.29,-9568.25,-9727.81,-9801.45,-9931.25,-9975.77,-10098.89,12147.43,65.23525574013922,
17098.0,3022059.8,1113937.11,-9959.32,-9568.28,-9727.84,-9801.48,-9931.27,-9975.8,-10098.91,12147.43,,
17099.0,3022059.9,1113936.12,-9959.35,-9568.31,-9727.87,-9801.51,-9931.3,-9975.83,-10098.94,12147.43,60.82746819012981,
17100.0,3022059.99,1113935.12,-9959.38,-9568.34,-9727.9,-9801.54,-9931.33,-9975.85,-10098.97,12147.43,,
17101.0,3022060.09,1113934.13,-9959.41,-9568.37,-9727.92,-9801.56,-9931.36,-9975.88,-10099.0,12147.43,59.141489452251214,
17102.0,3022060.19,1113933.13,-9959.44,-9568.39,-9727.95,-9801.59,-9931.38,-9975.91,-10099.02,12147.43,58.62357441512511,
17103.0,3022060.28,1113932.14,-9959.47,-9568.42,-9727.98,-9801.62,-9931.41,-9975.94,-10099.05,12147.44,,
17104.0,3022060.38,1113931.14,-9959.5,-9568.45,-9728.01,-9801.65,-9931.44,-9975.97,-10099.08,12147.44,59.60430714500221,
17105.0,3022060.47,1113930.15,-9959.53,-9568.48,-9728.03,-9801.67,-9931.47,-9975.99,-10099.11,12147.45,60.82746819012981,
17106.0,3022060.57,1113929.15,-9959.56,-9568.5,-9728.06,-9801.7,-9931.5,-9976.02,-10099.13,12147.45,56.3645832957453,
17107.0,3022060.67,1113928.16,-9959.59,-9568.53,-9728.09,-9801.73,-9931.52,-9976.05,-10099.16,12147.45,55.31773375261806,
17108.0,3022060.76,1113927.16,-9959.63,-9568.56,-9728.12,-9801.76,-9931.55,-9976.08,-10099.19,12147.46,55.98992135399449,
17109.0,3022060.86,1113926.17,-9959.66,-9568.59,-9728.15,-9801.78,-9931.58,-9976.1,-10099.22,12147.46,58.62357441512511,
17110.0,3022060.95,1113925.17,-9959.69,-9568.61,-9728.17,-9801.81,-9931.61,-9976.13,-10099.25,12147.47,,
17111.0,3022061.05,1113924.18,-9959.72,-9568.64,-9728.2,-9801.84,-9931.63,-9976.16,-10099.27,12147.47,,
17112.0,3022061.14,1113923.18,-9959.76,-9568.67,-9728.23,-9801.87,-9931.66,-9976.19,-10099.3,12147.48,55.31773375261806,
17113.0,3022061.24,1113922.19,-9959.79,-9568.7,-9728.26,-9801.89,-9931.69,-9976.21,-10099.33,12147.48,55.86870719636924,
17114.0,3022061.34,1113921.19,-9959.83,-9568.73,-9728.28,-9801.92,-9931.72,-9976.24,-10099.36,12147.490000000002,58.62357441512511,
17115.0,3022061.43,1113920.2,-9959.86,-9568.75,-9728.31,-9801.95,-9931.74,-9976.27,-10099.38,12147.5,,
17116.0,3022061.53,1113919.2,-9959.89,-9568.78,-9728.34,-9801.98,-9931.77,-9976.3,-10099.41,12147.5,,
17117.0,3022061.62,1113918.21,-9959.93,-9568.81,-9728.37,-9802.01,-9931.8,-9976.33,-10099.44,12147.51,,
17118.0,3022061.72,1113917.21,-9959.96,-9568.84,-9728.39,-9802.03,-9931.83,-9976.35,-10099.47,12147.52,53.11383997761335,
17119.0,3022061.81,1113916.22,-9960.0,-9568.86,-9728.42,-9802.06,-9931.86,-9976.38,-10099.49,12147.52,56.37560276462031,
17120.0,3022061.91,1113915.22,-9960.03,-9568.89,-9728.45,-9802.09,-9931.88,-9976.41,-10099.52,12147.53,60.82746819012981,
17121.0,3022062.01,1113914.23,-9960.07,-9568.92,-9728.48,-9802.12,-9931.91,-9976.44,-10099.55,12147.54,64.2875814168872,
17122.0,3022062.1,1113913.24,-9960.1,-9568.95,-9728.51,-9802.14,-9931.94,-9976.46,-10099.58,12147.54,65.23525574013922,
17123.0,3022062.2,1113912.24,-9960.14,-9568.97,-9728.53,-9802.17,-9931.97,-9976.49,-10099.6,12147.55,63.73660797313602,
17124.0,3022062.29,1113911.25,-9960.17,-9569.0,-9728.56,-9802.2,-9931.99,-9976.52,-10099.63,12147.56,55.31773375261806,
17125.0,3022062.39,1113910.25,-9960.21,-9569.03,-9728.59,-9802.23,-9932.02,-9976.55,-10099.66,12147.570000000002,,
17126.0,3022062.48,1113909.26,-9960.24,-9569.06,-9728.62,-9802.25,-9932.05,-9976.57,-10099.69,12147.58,53.11383997761335,
17127.0,3022062.58,1113908.26,-9960.28,-9569.09,-9728.64,-9802.28,-9932.08,-9976.6,-10099.72,12147.58,53.62073554586443,
17128.0,3022062.67,1113907.27,-9960.31,-9569.11,-9728.67,-9802.31,-9932.1,-9976.63,-10099.74,12147.59,52.6620417537374,
17129.0,3022062.77,1113906.27,-9960.35,-9569.14,-9728.7,-9802.34,-9932.13,-9976.66,-10099.77,12147.6,,
17130.0,3022062.86,1113905.28,-9960.39,-9569.17,-9728.73,-9802.37,-9932.16,-9976.69,-10099.8,12147.61,,
17131.0,3022062.96,1113904.28,-9960.42,-9569.2,-9728.75,-9802.39,-9932.19,-9976.71,-10099.83,12147.61,,
17132.0,3022063.06,1113903.29,-9960.46,-9569.22,-9728.78,-9802.42,-9932.21,-9976.74,-10099.85,12147.62,53.58767713923936,
17133.0,3022063.15,1113902.29,-9960.49,-9569.25,-9728.81,-9802.45,-9932.24,-9976.77,-10099.88,12147.63,55.31773375261806,
17134.0,3022063.25,1113901.3,-9960.53,-9569.28,-9728.84,-9802.48,-9932.27,-9976.8,-10099.91,12147.64,54.28190367836585,
17135.0,3022063.34,1113900.3,-9960.56,-9569.31,-9728.87,-9802.5,-9932.3,-9976.82,-10099.94,12147.65,53.11383997761335,
17136.0,3022063.44,1113899.31,-9960.6,-9569.33,-9728.89,-9802.53,-9932.33,-9976.85,-10099.96,12147.65,,
17137.0,3022063.53,1113898.31,-9960.64,-9569.36,-9728.92,-9802.56,-9932.35,-9976.88,-10099.99,12147.66,48.70605242760395,
17138.0,3022063.63,1113897.32,-9960.67,-9569.39,-9728.95,-9802.59,-9932.38,-9976.91,-10100.02,12147.67,50.59038160523296,
17139.0,3022063.72,1113896.32,-9960.71,-9569.42,-9728.98,-9802.61,-9932.41,-9976.93,-10100.05,12147.68,50.90994620260865,
17140.0,3022063.82,1113895.33,-9960.74,-9569.45,-9729.0,-9802.64,-9932.44,-9976.96,-10100.08,12147.69,55.31773375261806,
17141.0,3022063.91,1113894.33,-9960.78,-9569.47,-9729.03,-9802.67,-9932.46,-9976.99,-10100.1,12147.7,,
17142.0,3022064.01,1113893.34,-9960.82,-9569.5,-9729.06,-9802.7,-9932.49,-9977.02,-10100.13,12147.71,53.58767713923936,
17143.0,3022064.1,1113892.34,-9960.85,-9569.53,-9729.09,-9802.73,-9932.52,-9977.05,-10100.16,12147.71,53.951319612115135,
17144.0,3022064.2,1113891.35,-9960.89,-9569.56,-9729.11,-9802.75,-9932.55,-9977.07,-10100.19,12147.72,55.31773375261806,
17145.0,3022064.29,1113890.35,-9960.93,-9569.58,-9729.14,-9802.78,-9932.57,-9977.1,-10100.21,12147.73,52.33145768748668,
17146.0,3022064.38,1113889.36,-9960.96,-9569.61,-9729.17,-9802.81,-9932.6,-9977.13,-10100.24,12147.740000000002,48.70605242760395,
17147.0,3022064.48,1113888.36,-9961.0,-9569.64,-9729.2,-9802.84,-9932.63,-9977.16,-10100.27,12147.75,,
17148.0,3022064.57,1113887.37,-9961.04,-9569.67,-9729.22,-9802.86,-9932.66,-9977.18,-10100.3,12147.76,46.83274271884995,
17149.0,3022064.67,1113886.38,-9961.07,-9569.69,-9729.25,-9802.89,-9932.69,-9977.21,-10100.32,12147.77,49.53251259323071,
17150.0,3022064.76,1113885.38,-9961.11,-9569.72,-9729.28,-9802.92,-9932.71,-9977.24,-10100.35,12147.78,53.11383997761335,
17151.0,3022064.86,1113884.39,-9961.15,-9569.75,-9729.31,-9802.95,-9932.74,-9977.27,-10100.38,12147.79,,
17152.0,3022064.95,1113883.39,-9961.18,-9569.78,-9729.34,-9802.97,-9932.77,-9977.29,-10100.41,12147.8,,
17153.0,3022065.05,1113882.4,-9961.22,-9569.8,-9729.36,-9803.0,-9932.8,-9977.32,-10100.44,12147.81,49.35620109123034,
17154.0,3022065.14,1113881.4,-9961.26,-9569.83,-9729.39,-9803.03,-9932.82,-9977.35,-10100.46,12147.81,49.719843564106114,
17155.0,3022065.24,1113880.41,-9961.3,-9569.86,-9729.42,-9803.06,-9932.85,-9977.38,-10100.49,12147.820000000002,50.90994620260865,
17156.0,3022065.33,1113879.41,-9961.33,-9569.89,-9729.45,-9803.09,-9932.88,-9977.4,-10100.52,12147.83,,
17157.0,3022065.43,1113878.42,-9961.37,-9569.92,-9729.47,-9803.11,-9932.91,-9977.43,-10100.55,12147.84,,
17158.0,3022065.52,1113877.42,-9961.41,-9569.94,-9729.5,-9803.14,-9932.93,-9977.46,-10100.57,12147.85,46.50215865259924,
17159.0,3022065.61,1113876.43,-9961.45,-9569.97,-9729.53,-9803.17,-9932.96,-9977.49,-10100.6,12147.86,,
17160.0,3022065.71,1113875.43,-9961.48,-9570.0,-9729.56,-9803.2,-9932.99,-9977.52,-10100.63,12147.87,58.62357441512511,
17161.0,3022065.8,1113874.44,-9961.52,-9570.03,-9729.58,-9803.22,-9933.02,-9977.54,-10100.66,12147.88,50.90994620260865,
17162.0,3022065.9,1113873.44,-9961.56,-9570.05,-9729.61,-9803.25,-9933.05,-9977.57,-10100.68,12147.89,53.63175501473946,
17163.0,3022065.99,1113872.45,-9961.6,-9570.08,-9729.64,-9803.28,-9933.07,-9977.6,-10100.71,12147.9,55.31773375261806,
17164.0,3022066.09,1113871.45,-9961.63,-9570.11,-9729.67,-9803.31,-9933.1,-9977.63,-10100.74,12147.91,,
17165.0,3022066.18,1113870.46,-9961.67,-9570.14,-9729.7,-9803.33,-9933.13,-9977.65,-10100.77,12147.92,53.11383997761335,
17166.0,3022066.27,1113869.46,-9961.71,-9570.16,-9729.72,-9803.36,-9933.16,-9977.68,-10100.8,12147.93,50.90994620260865,
17167.0,3022066.37,1113868.47,-9961.75,-9570.19,-9729.75,-9803.39,-9933.18,-9977.71,-10100.82,12147.94,,
17168.0,3022066.46,1113867.47,-9961.79,-9570.22,-9729.78,-9803.42,-9933.21,-9977.74,-10100.85,12147.95,,
17169.0,3022066.56,1113866.48,-9961.82,-9570.25,-9729.81,-9803.44,-9933.24,-9977.76,-10100.88,12147.97,,
17170.0,3022066.65,1113865.48,-9961.86,-9570.28,-9729.83,-9803.47,-9933.27,-9977.79,-10100.91,12147.98,,
17171.0,3022066.74,1113864.49,-9961.9,-9570.3,-9729.86,-9803.5,-9933.29,-9977.82,-10100.93,12147.990000000002,,
17172.0,3022066.84,1113863.49,-9961.94,-9570.33,-9729.89,-9803.53,-9933.32,-9977.85,-10100.96,12148.0,49.69780462635605,
17173.0,3022066.93,1113862.5,-9961.98,-9570.36,-9729.92,-9803.56,-9933.35,-9977.88,-10100.99,12148.01,48.70605242760395,
17174.0,3022067.03,1113861.5,-9962.02,-9570.39,-9729.94,-9803.58,-9933.38,-9977.9,-10101.02,12148.02,,
17175.0,3022067.12,1113860.51,-9962.05,-9570.41,-9729.97,-9803.61,-9933.4,-9977.93,-10101.04,12148.03,50.4691674476077,
17176.0,3022067.21,1113859.51,-9962.09,-9570.44,-9730.0,-9803.64,-9933.43,-9977.96,-10101.07,12148.04,50.90994620260865,
17177.0,3022067.31,1113858.52,-9962.13,-9570.47,-9730.03,-9803.67,-9933.46,-9977.99,-10101.1,12148.05,49.69780462635605,
17178.0,3022067.4,1113857.52,-9962.17,-9570.5,-9730.06,-9803.69,-9933.49,-9978.01,-10101.13,12148.06,48.70605242760395,
17179.0,3022067.49,1113856.53,-9962.21,-9570.52,-9730.08,-9803.72,-9933.52,-9978.04,-10101.15,12148.070000000002,,
17180.0,3022067.59,1113855.54,-9962.25,-9570.55,-9730.11,-9803.75,-9933.54,-9978.07,-10101.18,12148.09,,
17181.0,3022067.68,1113854.54,-9962.29,-9570.58,-9730.14,-9803.78,-9933.57,-9978.1,-10101.21,12148.1,53.11383997761335,
17182.0,3022067.77,1113853.55,-9962.33,-9570.61,-9730.17,-9803.8,-9933.6,-9978.12,-10101.24,12148.11,,
17183.0,3022067.87,1113852.55,-9962.37,-9570.64,-9730.19,-9803.83,-9933.63,-9978.15,-10101.27,12148.12,52.75019750473758,
17184.0,3022067.96,1113851.56,-9962.41,-9570.66,-9730.22,-9803.86,-9933.65,-9978.18,-10101.29,12148.13,,
17185.0,3022068.06,1113850.56,-9962.44,-9570.69,-9730.25,-9803.89,-9933.68,-9978.21,-10101.32,12148.14,49.16887012035494,
17186.0,3022068.15,1113849.57,-9962.48,-9570.72,-9730.28,-9803.92,-9933.71,-9978.24,-10101.35,12148.15,49.20192852698001,
17187.0,3022068.24,1113848.57,-9962.52,-9570.75,-9730.3,-9803.94,-9933.74,-9978.26,-10101.38,12148.17,50.90994620260865,
17188.0,3022068.34,1113847.58,-9962.56,-9570.77,-9730.33,-9803.97,-9933.76,-9978.29,-10101.4,12148.18,48.70605242760395,
17189.0,3022068.43,1113846.58,-9962.6,-9570.8,-9730.36,-9804.0,-9933.79,-9978.32,-10101.43,12148.19,48.342409954728176,
17190.0,3022068.52,1113845.59,-9962.64,-9570.83,-9730.39,-9804.03,-9933.82,-9978.35,-10101.46,12148.2,46.50215865259924,
17191.0,3022068.62,1113844.59,-9962.68,-9570.86,-9730.41,-9804.05,-9933.85,-9978.37,-10101.49,12148.21,49.98431081710668,
17192.0,3022068.71,1113843.6,-9962.72,-9570.88,-9730.44,-9804.08,-9933.88,-9978.4,-10101.51,12148.23,49.940232941606574,
17193.0,3022068.8,1113842.6,-9962.76,-9570.91,-9730.47,-9804.11,-9933.9,-9978.43,-10101.54,12148.240000000002,46.50215865259924,
17194.0,3022068.9,1113841.61,-9962.8,-9570.94,-9730.5,-9804.14,-9933.93,-9978.46,-10101.57,12148.25,,
17195.0,3022068.99,1113840.61,-9962.84,-9570.97,-9730.53,-9804.16,-9933.96,-9978.48,-10101.6,12148.26,50.90994620260865,
17196.0,3022069.08,1113839.62,-9962.88,-9570.99,-9730.55,-9804.19,-9933.99,-9978.51,-10101.63,12148.28,,
17197.0,3022069.17,1113838.62,-9962.92,-9571.02,-9730.58,-9804.22,-9934.01,-9978.54,-10101.65,12148.29,,
17198.0,3022069.27,1113837.63,-9962.96,-9571.05,-9730.61,-9804.25,-9934.04,-9978.57,-10101.68,12148.3,46.50215865259924,
17199.0,3022069.36,1113836.63,-9963.0,-9571.08,-9730.64,-9804.28,-9934.07,-9978.59,-10101.71,12148.31,,
17200.0,3022069.45,1113835.64,-9963.04,-9571.11,-9730.66,-9804.3,-9934.1,-9978.62,-10101.74,12148.320000000002,48.70605242760395,
17201.0,3022069.55,1113834.64,-9963.08,-9571.13,-9730.69,-9804.33,-9934.12,-9978.65,-10101.76,12148.34,,
17202.0,3022069.64,1113833.65,-9963.12,-9571.16,-9730.72,-9804.36,-9934.15,-9978.68,-10101.79,12148.35,46.50215865259924,
17203.0,3022069.73,1113832.65,-9963.16,-9571.19,-9730.75,-9804.39,-9934.18,-9978.71,-10101.82,12148.36,,
17204.0,3022069.83,1113831.66,-9963.2,-9571.22,-9730.77,-9804.41,-9934.21,-9978.73,-10101.85,12148.38,,
17205.0,3022069.92,1113830.66,-9963.24,-9571.24,-9730.8,-9804.44,-9934.24,-9978.76,-10101.87,12148.39,44.29826487759454,
17206.0,3022070.01,1113829.67,-9963.28,-9571.27,-9730.83,-9804.47,-9934.26,-9978.79,-10101.9,12148.4,46.50215865259924,
17207.0,3022070.1,1113828.67,-9963.33,-9571.3,-9730.86,-9804.5,-9934.29,-9978.82,-10101.93,12148.42,,
17208.0,3022070.2,1113827.68,-9963.37,-9571.33,-9730.89,-9804.52,-9934.32,-9978.84,-10101.96,12148.43,,
17209.0,3022070.29,1113826.68,-9963.41,-9571.35,-9730.91,-9804.55,-9934.35,-9978.87,-10101.99,12148.44,50.90994620260865,
17210.0,3022070.38,1113825.69,-9963.45,-9571.38,-9730.94,-9804.58,-9934.37,-9978.9,-10102.01,12148.45,50.127563912481975,
17211.0,3022070.47,1113824.69,-9963.49,-9571.41,-9730.97,-9804.61,-9934.4,-9978.93,-10102.04,12148.47,48.70605242760395,
17212.0,3022070.57,1113823.7,-9963.53,-9571.44,-9731.0,-9804.63,-9934.43,-9978.95,-10102.07,12148.48,,
17213.0,3022070.66,1113822.71,-9963.57,-9571.47,-9731.02,-9804.66,-9934.46,-9978.98,-10102.1,12148.5,44.9373940723459,
17214.0,3022070.75,1113821.71,-9963.61,-9571.49,-9731.05,-9804.69,-9934.48,-9979.01,-10102.12,12148.51,44.29826487759454,
17215.0,3022070.85,1113820.72,-9963.65,-9571.52,-9731.08,-9804.72,-9934.51,-9979.04,-10102.15,12148.52,44.9373940723459,
17216.0,3022070.94,1113819.72,-9963.7,-9571.55,-9731.11,-9804.75,-9934.54,-9979.07,-10102.18,12148.54,48.70605242760395,
17217.0,3022071.03,1113818.73,-9963.74,-9571.58,-9731.13,-9804.77,-9934.57,-9979.09,-10102.21,12148.55,45.86302945784788,
17218.0,3022071.12,1113817.73,-9963.78,-9571.6,-9731.16,-9804.8,-9934.59,-9979.12,-10102.23,12148.56,44.29826487759454,
17219.0,3022071.22,1113816.74,-9963.82,-9571.63,-9731.19,-9804.83,-9934.62,-9979.15,-10102.26,12148.58,,
17220.0,3022071.31,1113815.74,-9963.86,-9571.66,-9731.22,-9804.86,-9934.65,-9979.18,-10102.29,12148.59,45.35613388959679,
17221.0,3022071.4,1113814.75,-9963.9,-9571.69,-9731.25,-9804.88,-9934.68,-9979.2,-10102.32,12148.61,46.50215865259924,
17222.0,3022071.49,1113813.75,-9963.95,-9571.71,-9731.27,-9804.91,-9934.71,-9979.23,-10102.34,12148.62,,
17223.0,3022071.59,1113812.76,-9963.99,-9571.74,-9731.3,-9804.94,-9934.73,-9979.26,-10102.37,12148.64,45.70875689359755,
17224.0,3022071.68,1113811.76,-9964.03,-9571.77,-9731.33,-9804.97,-9934.76,-9979.29,-10102.4,12148.65,44.29826487759454,
17225.0,3022071.77,1113810.77,-9964.07,-9571.8,-9731.36,-9804.99,-9934.79,-9979.31,-10102.43,12148.66,45.46632857834703,
17226.0,3022071.86,1113809.77,-9964.11,-9571.83,-9731.38,-9805.02,-9934.82,-9979.34,-10102.46,12148.68,46.13851617972347,
17227.0,3022071.96,1113808.78,-9964.16,-9571.85,-9731.41,-9805.05,-9934.84,-9979.37,-10102.48,12148.69,44.6068100060952,
17228.0,3022072.05,1113807.78,-9964.2,-9571.88,-9731.44,-9805.08,-9934.87,-9979.4,-10102.51,12148.71,46.50215865259924,
17229.0,3022072.14,1113806.79,-9964.24,-9571.91,-9731.47,-9805.11,-9934.9,-9979.43,-10102.54,12148.72,50.90994620260865,
17230.0,3022072.23,1113805.79,-9964.28,-9571.94,-9731.49,-9805.13,-9934.93,-9979.45,-10102.57,12148.740000000002,50.59038160523296,
17231.0,3022072.33,1113804.8,-9964.33,-9571.96,-9731.52,-9805.16,-9934.95,-9979.48,-10102.59,12148.75,,
17232.0,3022072.42,1113803.8,-9964.37,-9571.99,-9731.55,-9805.19,-9934.98,-9979.51,-10102.62,12148.77,46.98701528310028,
17233.0,3022072.51,1113802.81,-9964.41,-9572.02,-9731.58,-9805.22,-9935.01,-9979.54,-10102.65,12148.78,46.50215865259924,
17234.0,3022072.61,1113801.81,-9964.46,-9572.05,-9731.6,-9805.24,-9935.04,-9979.56,-10102.68,12148.8,,
17235.0,3022072.7,1113800.82,-9964.5,-9572.07,-9731.63,-9805.27,-9935.07,-9979.59,-10102.7,12148.81,48.70605242760395,
17236.0,3022072.79,1113799.82,-9964.54,-9572.1,-9731.66,-9805.3,-9935.09,-9979.62,-10102.73,12148.83,,
17237.0,3022072.88,1113798.83,-9964.59,-9572.13,-9731.69,-9805.33,-9935.12,-9979.65,-10102.76,12148.84,,
17238.0,3022072.98,1113797.84,-9964.63,-9572.16,-9731.72,-9805.35,-9935.15,-9979.67,-10102.79,12148.86,,
17239.0,3022073.07,1113796.84,-9964.67,-9572.18,-9731.74,-9805.38,-9935.18,-9979.7,-10102.82,12148.88,,
17240.0,3022073.16,1113795.85,-9964.72,-9572.21,-9731.77,-9805.41,-9935.2,-9979.73,-10102.84,12148.89,44.9373940723459,
17241.0,3022073.25,1113794.85,-9964.76,-9572.24,-9731.8,-9805.44,-9935.23,-9979.76,-10102.87,12148.91,45.22390026309651,
17242.0,3022073.35,1113793.86,-9964.8,-9572.27,-9731.83,-9805.46,-9935.26,-9979.78,-10102.9,12148.92,48.70605242760395,
17243.0,3022073.44,1113792.86,-9964.85,-9572.3,-9731.85,-9805.49,-9935.29,-9979.81,-10102.93,12148.94,,
17244.0,3022073.53,1113791.87,-9964.89,-9572.32,-9731.88,-9805.52,-9935.31,-9979.84,-10102.95,12148.96,46.9539568764752,
17245.0,3022073.62,1113790.87,-9964.93,-9572.35,-9731.91,-9805.55,-9935.34,-9979.87,-10102.98,12148.97,47.19638519172573,
17246.0,3022073.72,1113789.88,-9964.98,-9572.38,-9731.94,-9805.58,-9935.37,-9979.9,-10103.01,12148.990000000002,50.90994620260865,
17247.0,3022073.81,1113788.88,-9965.02,-9572.41,-9731.96,-9805.6,-9935.4,-9979.92,-10103.04,12149.0,,
17248.0,3022073.9,1113787.89,-9965.07,-9572.43,-9731.99,-9805.63,-9935.42,-9979.95,-10103.06,12149.02,46.50215865259924,
17249.0,3022073.99,1113786.89,-9965.11,-9572.46,-9732.02,-9805.66,-9935.45,-9979.98,-10103.09,12149.04,48.70605242760395,
17250.0,3022074.09,1113785.9,-9965.15,-9572.49,-9732.05,-9805.69,-9935.48,-9980.01,-10103.12,12149.05,,
17251.0,3022074.18,1113784.9,-9965.2,-9572.52,-9732.08,-9805.71,-9935.51,-9980.03,-10103.15,12149.070000000002,,
17252.0,3022074.27,1113783.91,-9965.24,-9572.54,-9732.1,-9805.74,-9935.54,-9980.06,-10103.17,12149.09,49.77494090848123,
17253.0,3022074.37,1113782.91,-9965.29,-9572.57,-9732.13,-9805.77,-9935.56,-9980.09,-10103.2,12149.1,50.90994620260865,
17254.0,3022074.46,1113781.92,-9965.33,-9572.6,-9732.16,-9805.8,-9935.59,-9980.12,-10103.23,12149.12,,
17255.0,3022074.55,1113780.92,-9965.38,-9572.63,-9732.19,-9805.82,-9935.62,-9980.14,-10103.26,12149.14,,
17256.0,3022074.64,1113779.93,-9965.42,-9572.66,-9732.21,-9805.85,-9935.65,-9980.17,-10103.29,12149.15,,
17257.0,3022074.74,1113778.94,-9965.47,-9572.68,-9732.24,-9805.88,-9935.67,-9980.2,-10103.31,12149.17,,
17258.0,3022074.83,1113777.94,-9965.51,-9572.71,-9732.27,-9805.91,-9935.7,-9980.23,-10103.34,12149.19,49.74188250185615,
17259.0,3022074.92,1113776.95,-9965.56,-9572.74,-9732.3,-9805.94,-9935.73,-9980.26,-10103.37,12149.21,46.50215865259924,
17260.0,3022075.01,1113775.95,-9965.6,-9572.77,-9732.32,-9805.96,-9935.76,-9980.28,-10103.4,12149.22,55.31773375261806,
17261.0,3022075.11,1113774.96,-9965.65,-9572.79,-9732.35,-9805.99,-9935.78,-9980.31,-10103.42,12149.240000000002,53.91826120549006,
17262.0,3022075.2,1113773.96,-9965.69,-9572.82,-9732.38,-9806.02,-9935.81,-9980.34,-10103.45,12149.26,53.11383997761335,
17263.0,3022075.29,1113772.97,-9965.74,-9572.85,-9732.41,-9806.05,-9935.84,-9980.37,-10103.48,12149.28,56.4637585156205,
17264.0,3022075.38,1113771.97,-9965.78,-9572.88,-9732.44,-9806.07,-9935.87,-9980.39,-10103.51,12149.29,58.62357441512511,
17265.0,3022075.48,1113770.98,-9965.83,-9572.91,-9732.46,-9806.1,-9935.9,-9980.42,-10103.54,12149.31,,
17266.0,3022075.57,1113769.98,-9965.87,-9572.93,-9732.49,-9806.13,-9935.92,-9980.45,-10103.56,12149.33,61.73106463788174,
17267.0,3022075.66,1113768.99,-9965.92,-9572.96,-9732.52,-9806.16,-9935.95,-9980.48,-10103.59,12149.35,67.86890880126984,
17268.0,3022075.75,1113767.99,-9965.96,-9572.99,-9732.55,-9806.19,-9935.98,-9980.51,-10103.62,12149.36,69.33449816164797,
17269.0,3022075.85,1113767.0,-9966.01,-9573.02,-9732.58,-9806.22,-9936.01,-9980.53,-10103.65,12149.38,67.43914951514392,
17270.0,3022075.94,1113766.0,-9966.06,-9573.05,-9732.6,-9806.24,-9936.04,-9980.56,-10103.68,12149.4,68.97085568877219,
17271.0,3022076.03,1113765.01,-9966.1,-9573.07,-9732.63,-9806.27,-9936.07,-9980.59,-10103.7,12149.42,75.15277772766039,
17272.0,3022076.12,1113764.02,-9966.15,-9573.1,-9732.66,-9806.3,-9936.09,-9980.62,-10103.73,12149.43,78.92143608291843,
17273.0,3022076.22,1113763.02,-9966.19,-9573.13,-9732.69,-9806.33,-9936.12,-9980.65,-10103.76,12149.45,75.45030338728601,
17274.0,3022076.31,1113762.03,-9966.24,-9573.16,-9732.72,-9806.36,-9936.15,-9980.68,-10103.79,12149.47,71.3180025591522,
17275.0,3022076.4,1113761.03,-9966.29,-9573.19,-9732.75,-9806.38,-9936.18,-9980.7,-10103.82,12149.490000000002,79.5605652776698,
17276.0,3022076.5,1113760.04,-9966.33,-9573.22,-9732.77,-9806.41,-9936.21,-9980.73,-10103.85,12149.51,,
17277.0,3022076.59,1113759.04,-9966.38,-9573.24,-9732.8,-9806.44,-9936.23,-9980.76,-10103.87,12149.52,,
17278.0,3022076.68,1113758.05,-9966.43,-9573.27,-9732.83,-9806.47,-9936.26,-9980.79,-10103.9,12149.54,77.6431776934157,
17279.0,3022076.77,1113757.05,-9966.47,-9573.3,-9732.86,-9806.5,-9936.29,-9980.82,-10103.93,12149.56,75.15277772766039,
17280.0,3022076.87,1113756.06,-9966.52,-9573.33,-9732.89,-9806.53,-9936.32,-9980.85,-10103.96,12149.58,79.5605652776698,
17281.0,3022076.96,1113755.06,-9966.57,-9573.36,-9732.92,-9806.55,-9936.35,-9980.87,-10103.99,12149.6,77.7313334444159,
17282.0,3022077.05,1113754.07,-9966.61,-9573.39,-9732.94,-9806.58,-9936.38,-9980.9,-10104.02,12149.62,77.3566715026651,
17283.0,3022077.14,1113753.07,-9966.66,-9573.41,-9732.97,-9806.61,-9936.4,-9980.93,-10104.04,12149.63,,
17284.0,3022077.24,1113752.08,-9966.71,-9573.44,-9733.0,-9806.64,-9936.43,-9980.96,-10104.07,12149.65,75.15277772766039,
17285.0,3022077.33,1113751.09,-9966.75,-9573.47,-9733.03,-9806.67,-9936.46,-9980.99,-10104.1,12149.67,71.84693706515334,
17286.0,3022077.42,1113750.09,-9966.8,-9573.5,-9733.06,-9806.7,-9936.49,-9981.02,-10104.13,12149.69,,
17287.0,3022077.51,1113749.1,-9966.85,-9573.53,-9733.08,-9806.72,-9936.52,-9981.04,-10104.16,12149.71,69.64304329014863,
17288.0,3022077.61,1113748.1,-9966.89,-9573.55,-9733.11,-9806.75,-9936.55,-9981.07,-10104.19,12149.73,72.97092289040573,
17289.0,3022077.7,1113747.11,-9966.94,-9573.58,-9733.14,-9806.78,-9936.57,-9981.1,-10104.21,12149.75,74.07286977790808,
17290.0,3022077.79,1113746.11,-9966.99,-9573.61,-9733.17,-9806.81,-9936.6,-9981.13,-10104.24,12149.77,71.82489812740327,
17291.0,3022077.88,1113745.12,-9967.04,-9573.64,-9733.2,-9806.84,-9936.63,-9981.16,-10104.27,12149.79,76.7065228390387,
17292.0,3022077.98,1113744.12,-9967.09,-9573.67,-9733.23,-9806.86,-9936.66,-9981.18,-10104.3,12149.81,75.15277772766039,
17293.0,3022078.07,1113743.13,-9967.13,-9573.7,-9733.25,-9806.89,-9936.69,-9981.21,-10104.33,12149.83,,
17294.0,3022078.16,1113742.13,-9967.18,-9573.72,-9733.28,-9806.92,-9936.72,-9981.24,-10104.35,12149.85,73.54393527190695,
17295.0,3022078.26,1113741.14,-9967.23,-9573.75,-9733.31,-9806.95,-9936.74,-9981.27,-10104.38,12149.87,73.12519545465607,
17296.0,3022078.35,1113740.15,-9967.28,-9573.78,-9733.34,-9806.98,-9936.77,-9981.3,-10104.41,12149.88,77.3566715026651,
17297.0,3022078.44,1113739.15,-9967.32,-9573.81,-9733.37,-9807.01,-9936.8,-9981.33,-10104.44,12149.9,,
17298.0,3022078.53,1113738.16,-9967.37,-9573.84,-9733.4,-9807.03,-9936.83,-9981.35,-10104.47,12149.92,75.65967329591146,
17299.0,3022078.63,1113737.16,-9967.42,-9573.87,-9733.42,-9807.06,-9936.86,-9981.38,-10104.5,12149.94,70.43644504915032,
17300.0,3022078.72,1113736.17,-9967.47,-9573.89,-9733.45,-9807.09,-9936.89,-9981.41,-10104.52,12149.96,71.41717777902741,
17301.0,3022078.81,1113735.17,-9967.52,-9573.92,-9733.48,-9807.12,-9936.91,-9981.44,-10104.55,12149.98,69.64304329014863,
17302.0,3022078.9,1113734.18,-9967.57,-9573.95,-9733.51,-9807.15,-9936.94,-9981.47,-10104.58,12150.0,67.43914951514392,
17303.0,3022079.0,1113733.18,-9967.61,-9573.98,-9733.54,-9807.18,-9936.97,-9981.5,-10104.61,12150.02,71.47227512340253,
17304.0,3022079.09,1113732.19,-9967.66,-9574.01,-9733.57,-9807.2,-9937.0,-9981.52,-10104.64,12150.04,71.5053335300276,
17305.0,3022079.18,1113731.19,-9967.71,-9574.04,-9733.59,-9807.23,-9937.03,-9981.55,-10104.67,12150.070000000002,65.67603449514016,
17306.0,3022079.27,1113730.2,-9967.76,-9574.06,-9733.62,-9807.26,-9937.05,-9981.58,-10104.69,12150.09,67.43914951514392,
17307.0,3022079.37,1113729.21,-9967.81,-9574.09,-9733.65,-9807.29,-9937.08,-9981.61,-10104.72,12150.11,,
17308.0,3022079.46,1113728.21,-9967.86,-9574.12,-9733.68,-9807.32,-9937.11,-9981.64,-10104.75,12150.13,72.05630697377877,
17309.0,3022079.55,1113727.22,-9967.91,-9574.15,-9733.71,-9807.35,-9937.14,-9981.67,-10104.78,12150.15,76.50817239928827,
17310.0,3022079.65,1113726.22,-9967.96,-9574.18,-9733.74,-9807.37,-9937.17,-9981.69,-10104.81,12150.17,81.12532985792313,
17311.0,3022079.74,1113725.23,-9968.0,-9574.2,-9733.76,-9807.4,-9937.2,-9981.72,-10104.84,12150.19,77.3566715026651,
17312.0,3022079.83,1113724.23,-9968.05,-9574.23,-9733.79,-9807.43,-9937.22,-9981.75,-10104.86,12150.21,69.64304329014863,
17313.0,3022079.93,1113723.24,-9968.1,-9574.26,-9733.82,-9807.46,-9937.25,-9981.78,-10104.89,12150.23,67.56036367276918,
17314.0,3022080.02,1113722.24,-9968.15,-9574.29,-9733.85,-9807.49,-9937.28,-9981.81,-10104.92,12150.25,66.14987165676618,
17315.0,3022080.11,1113721.25,-9968.2,-9574.32,-9733.88,-9807.52,-9937.31,-9981.83,-10104.95,12150.27,68.67333002914656,
17316.0,3022080.21,1113720.26,-9968.25,-9574.35,-9733.9,-9807.54,-9937.34,-9981.86,-10104.98,12150.29,65.91846281039066,
17317.0,3022080.3,1113719.26,-9968.3,-9574.37,-9733.93,-9807.57,-9937.37,-9981.89,-10105.0,12150.31,,
17318.0,3022080.4,1113718.27,-9968.35,-9574.4,-9733.96,-9807.6,-9937.39,-9981.92,-10105.03,12150.33,73.97369455803286,
17319.0,3022080.49,1113717.27,-9968.39,-9574.43,-9733.99,-9807.63,-9937.42,-9981.95,-10105.06,12150.35,70.6127565511507,
17320.0,3022080.59,1113716.28,-9968.44,-9574.46,-9734.02,-9807.66,-9937.45,-9981.98,-10105.09,12150.37,67.62648048601933,
17321.0,3022080.68,1113715.28,-9968.49,-9574.49,-9734.05,-9807.68,-9937.48,-9982.0,-10105.12,12150.39,65.23525574013922,
17322.0,3022080.78,1113714.29,-9968.54,-9574.52,-9734.07,-9807.71,-9937.51,-9982.03,-10105.15,12150.41,,
17323.0,3022080.87,1113713.3,-9968.59,-9574.54,-9734.1,-9807.74,-9937.54,-9982.06,-10105.17,12150.43,75.15277772766039,
17324.0,3022080.97,1113712.3,-9968.64,-9574.57,-9734.13,-9807.77,-9937.56,-9982.09,-10105.2,12150.45,65.7421513083903,
17325.0,3022081.06,1113711.31,-9968.69,-9574.6,-9734.16,-9807.8,-9937.59,-9982.12,-10105.23,12150.47,64.39777610563743,
17326.0,3022081.16,1113710.31,-9968.74,-9574.63,-9734.19,-9807.83,-9937.62,-9982.15,-10105.26,12150.5,68.62925215364646,
17327.0,3022081.25,1113709.32,-9968.78,-9574.66,-9734.22,-9807.85,-9937.65,-9982.17,-10105.29,12150.52,67.81381145689473,
17328.0,3022081.35,1113708.32,-9968.83,-9574.69,-9734.24,-9807.88,-9937.68,-9982.2,-10105.32,12150.54,68.34274596289585,
17329.0,3022081.44,1113707.33,-9968.88,-9574.71,-9734.27,-9807.91,-9937.7,-9982.23,-10105.34,12150.56,71.19678840152694,
17330.0,3022081.54,1113706.34,-9968.93,-9574.74,-9734.3,-9807.94,-9937.73,-9982.26,-10105.37,12150.58,67.86890880126984,
17331.0,3022081.63,1113705.34,-9968.98,-9574.77,-9734.33,-9807.97,-9937.76,-9982.29,-10105.4,12150.6,69.32347869277294,
17332.0,3022081.73,1113704.35,-9969.03,-9574.8,-9734.36,-9808.0,-9937.79,-9982.32,-10105.43,12150.62,67.43914951514392,
17333.0,3022081.83,1113703.35,-9969.08,-9574.83,-9734.39,-9808.02,-9937.82,-9982.34,-10105.46,12150.64,66.42535837864176,
17334.0,3022081.92,1113702.36,-9969.13,-9574.86,-9734.41,-9808.05,-9937.85,-9982.37,-10105.49,12150.66,66.18293006339124,
17335.0,3022082.02,1113701.36,-9969.18,-9574.88,-9734.44,-9808.08,-9937.87,-9982.4,-10105.51,12150.68,69.64304329014863,
17336.0,3022082.12,1113700.37,-9969.22,-9574.91,-9734.47,-9808.11,-9937.9,-9982.43,-10105.54,12150.7,75.15277772766039,
17337.0,3022082.21,1113699.38,-9969.27,-9574.94,-9734.5,-9808.14,-9937.93,-9982.46,-10105.57,12150.72,69.64304329014863,
17338.0,3022082.31,1113698.38,-9969.32,-9574.97,-9734.53,-9808.17,-9937.96,-9982.49,-10105.6,12150.740000000002,69.26838134839782,
17339.0,3022082.41,1113697.39,-9969.37,-9575.0,-9734.55,-9808.19,-9937.99,-9982.51,-10105.63,12150.76,67.43914951514392,
17340.0,3022082.5,1113696.39,-9969.42,-9575.02,-9734.58,-9808.22,-9938.02,-9982.54,-10105.66,12150.78,65.23525574013922,
17341.0,3022082.6,1113695.4,-9969.47,-9575.05,-9734.61,-9808.25,-9938.04,-9982.57,-10105.68,12150.8,,
17342.0,3022082.7,1113694.41,-9969.52,-9575.08,-9734.64,-9808.28,-9938.07,-9982.6,-10105.71,12150.83,68.6512910913965,
17343.0,3022082.79,1113693.41,-9969.57,-9575.11,-9734.67,-9808.31,-9938.1,-9982.63,-10105.74,12150.85,69.64304329014863,
17344.0,3022082.89,1113692.42,-9969.62,-9575.14,-9734.7,-9808.33,-9938.13,-9982.65,-10105.77,12150.87,,
17345.0,3022082.99,1113691.42,-9969.67,-9575.17,-9734.72,-9808.36,-9938.16,-9982.68,-10105.8,12150.89,72.36485210227944,
17346.0,3022083.09,1113690.43,-9969.71,-9575.19,-9734.75,-9808.39,-9938.19,-9982.71,-10105.82,12150.91,75.15277772766039,
17347.0,3022083.19,1113689.44,-9969.76,-9575.22,-9734.78,-9808.42,-9938.21,-9982.74,-10105.85,12150.93,,
17348.0,3022083.28,1113688.44,-9969.81,-9575.25,-9734.81,-9808.45,-9938.24,-9982.77,-10105.88,12150.95,68.87168046889698,
17349.0,3022083.38,1113687.45,-9969.86,-9575.28,-9734.84,-9808.48,-9938.27,-9982.8,-10105.91,12150.97,67.43914951514392,
17350.0,3022083.48,1113686.45,-9969.91,-9575.31,-9734.87,-9808.5,-9938.3,-9982.82,-10105.94,12150.990000000002,81.94077055467487,
17351.0,3022083.58,1113685.46,-9969.96,-9575.34,-9734.89,-9808.53,-9938.33,-9982.85,-10105.97,12151.01,84.91602715093123,
17352.0,3022083.68,1113684.47,-9970.01,-9575.36,-9734.92,-9808.56,-9938.36,-9982.88,-10105.99,12151.03,79.5605652776698,
17353.0,3022083.78,1113683.47,-9970.06,-9575.39,-9734.95,-9808.59,-9938.38,-9982.91,-10106.02,12151.05,71.21882733927698,
17354.0,3022083.87,1113682.48,-9970.11,-9575.42,-9734.98,-9808.62,-9938.41,-9982.94,-10106.05,12151.070000000002,69.64304329014863,
17355.0,3022083.97,1113681.48,-9970.16,-9575.45,-9735.01,-9808.65,-9938.44,-9982.97,-10106.08,12151.09,,
17356.0,3022084.07,1113680.49,-9970.2,-9575.48,-9735.04,-9808.67,-9938.47,-9982.99,-10106.11,12151.12,69.60998488352355,
17357.0,3022084.17,1113679.5,-9970.25,-9575.51,-9735.06,-9808.7,-9938.5,-9983.02,-10106.14,12151.14,70.56867867565062,
17358.0,3022084.27,1113678.5,-9970.3,-9575.53,-9735.09,-9808.73,-9938.52,-9983.05,-10106.16,12151.16,75.09768038328528,
17359.0,3022084.37,1113677.51,-9970.35,-9575.56,-9735.12,-9808.76,-9938.55,-9983.08,-10106.19,12151.18,75.58253701378631,
17360.0,3022084.47,1113676.52,-9970.4,-9575.59,-9735.15,-9808.79,-9938.58,-9983.11,-10106.22,12151.2,77.3566715026651,
17361.0,3022084.57,1113675.52,-9970.45,-9575.62,-9735.18,-9808.82,-9938.61,-9983.14,-10106.25,12151.22,73.07009811028094,
17362.0,3022084.67,1113674.53,-9970.5,-9575.65,-9735.21,-9808.84,-9938.64,-9983.16,-10106.28,12151.240000000002,71.84693706515334,
17363.0,3022084.77,1113673.53,-9970.55,-9575.67,-9735.23,-9808.87,-9938.67,-9983.19,-10106.31,12151.26,76.23268567741269,
17364.0,3022084.87,1113672.54,-9970.6,-9575.7,-9735.26,-9808.9,-9938.69,-9983.22,-10106.33,12151.28,81.7644590526745,
17365.0,3022084.97,1113671.55,-9970.65,-9575.73,-9735.29,-9808.93,-9938.72,-9983.25,-10106.36,12151.3,75.15277772766039,
17366.0,3022085.07,1113670.55,-9970.7,-9575.76,-9735.32,-9808.96,-9938.75,-9983.28,-10106.39,12151.320000000002,75.94617948666207,
17367.0,3022085.17,1113669.56,-9970.74,-9575.79,-9735.35,-9808.99,-9938.78,-9983.3,-10106.42,12151.34,77.3566715026651,
17368.0,3022085.27,1113668.57,-9970.79,-9575.82,-9735.37,-9809.01,-9938.81,-9983.33,-10106.45,12151.37,,
17369.0,3022085.37,1113667.57,-9970.84,-9575.84,-9735.4,-9809.04,-9938.84,-9983.36,-10106.47,12151.39,,
17370.0,3022085.47,1113666.58,-9970.89,-9575.87,-9735.43,-9809.07,-9938.86,-9983.39,-10106.5,12151.41,79.82503253067036,
17371.0,3022085.57,1113665.58,-9970.94,-9575.9,-9735.46,-9809.1,-9938.89,-9983.42,-10106.53,12151.43,83.9683528276792,
17372.0,3022085.67,1113664.59,-9970.99,-9575.93,-9735.49,-9809.13,-9938.92,-9983.45,-10106.56,12151.45,74.62384322165926,
17373.0,3022085.77,1113663.6,-9971.04,-9575.96,-9735.52,-9809.15,-9938.95,-9983.47,-10106.59,12151.47,71.38411937240234,
17374.0,3022085.88,1113662.6,-9971.09,-9575.99,-9735.54,-9809.18,-9938.98,-9983.5,-10106.62,12151.490000000002,69.64304329014863,
17375.0,3022085.98,1113661.61,-9971.14,-9576.01,-9735.57,-9809.21,-9939.01,-9983.53,-10106.64,12151.51,,
17376.0,3022086.08,1113660.62,-9971.19,-9576.04,-9735.6,-9809.24,-9939.03,-9983.56,-10106.67,12151.53,,
17377.0,3022086.18,1113659.62,-9971.24,-9576.07,-9735.63,-9809.27,-9939.06,-9983.59,-10106.7,12151.55,68.30968755627077,
17378.0,3022086.28,1113658.63,-9971.29,-9576.1,-9735.66,-9809.3,-9939.09,-9983.62,-10106.73,12151.570000000002,63.03136196513452,
17379.0,3022086.38,1113657.64,-9971.33,-9576.13,-9735.69,-9809.32,-9939.12,-9983.64,-10106.76,12151.6,64.8936522050135,
17380.0,3022086.49,1113656.64,-9971.38,-9576.16,-9735.71,-9809.35,-9939.15,-9983.67,-10106.79,12151.62,,
17381.0,3022086.59,1113655.65,-9971.43,-9576.18,-9735.74,-9809.38,-9939.17,-9983.7,-10106.81,12151.64,75.15277772766039,
17382.0,3022086.69,1113654.65,-9971.48,-9576.21,-9735.77,-9809.41,-9939.2,-9983.73,-10106.84,12151.66,72.35383263340441,
17383.0,3022086.79,1113653.66,-9971.53,-9576.24,-9735.8,-9809.44,-9939.23,-9983.76,-10106.87,12151.68,69.64304329014863,
17384.0,3022086.89,1113652.67,-9971.58,-9576.27,-9735.83,-9809.47,-9939.26,-9983.79,-10106.9,12151.7,67.43914951514392,
17385.0,3022087.0,1113651.67,-9971.63,-9576.3,-9735.86,-9809.49,-9939.29,-9983.81,-10106.93,12151.72,75.0205441011601,
17386.0,3022087.1,1113650.68,-9971.68,-9576.33,-9735.88,-9809.52,-9939.32,-9983.84,-10106.96,12151.740000000002,73.9847140269079,
17387.0,3022087.2,1113649.69,-9971.73,-9576.35,-9735.91,-9809.55,-9939.34,-9983.87,-10106.98,12151.76,60.82746819012981,
17388.0,3022087.31,1113648.69,-9971.78,-9576.38,-9735.94,-9809.58,-9939.37,-9983.9,-10107.01,12151.78,62.40325223925817,
17389.0,3022087.41,1113647.7,-9971.83,-9576.41,-9735.97,-9809.61,-9939.4,-9983.93,-10107.04,12151.81,65.23525574013922,
17390.0,3022087.51,1113646.71,-9971.88,-9576.44,-9736.0,-9809.64,-9939.43,-9983.96,-10107.07,12151.83,69.64304329014863,
17391.0,3022087.62,1113645.71,-9971.93,-9576.47,-9736.02,-9809.66,-9939.46,-9983.98,-10107.1,12151.85,,
17392.0,3022087.72,1113644.72,-9971.98,-9576.49,-9736.05,-9809.69,-9939.49,-9984.01,-10107.13,12151.87,,
17393.0,3022087.82,1113643.73,-9972.02,-9576.52,-9736.08,-9809.72,-9939.51,-9984.04,-10107.15,12151.89,,
17394.0,3022087.93,1113642.73,-9972.07,-9576.55,-9736.11,-9809.75,-9939.54,-9984.07,-10107.18,12151.91,71.84693706515334,
17395.0,3022088.03,1113641.74,-9972.12,-9576.58,-9736.14,-9809.78,-9939.57,-9984.1,-10107.21,12151.93,66.80002032039256,
17396.0,3022088.13,1113640.75,-9972.17,-9576.61,-9736.17,-9809.8,-9939.6,-9984.12,-10107.24,12151.95,67.91298667676993,
17397.0,3022088.24,1113639.75,-9972.22,-9576.64,-9736.19,-9809.83,-9939.63,-9984.15,-10107.27,12151.97,75.15277772766039,
17398.0,3022088.34,1113638.76,-9972.27,-9576.66,-9736.22,-9809.86,-9939.66,-9984.18,-10107.29,12151.990000000002,74.502629064034,
17399.0,3022088.45,1113637.77,-9972.32,-9576.69,-9736.25,-9809.89,-9939.68,-9984.21,-10107.32,12152.02,71.84693706515334,
17400.0,3022088.55,1113636.77,-9972.37,-9576.72,-9736.28,-9809.92,-9939.71,-9984.24,-10107.35,12152.04,69.9515884186493,
17401.0,3022088.66,1113635.78,-9972.42,-9576.75,-9736.31,-9809.95,-9939.74,-9984.27,-10107.38,12152.06,71.38411937240234,
17402.0,3022088.76,1113634.79,-9972.47,-9576.78,-9736.34,-9809.97,-9939.77,-9984.29,-10107.41,12152.08,71.84693706515334,
17403.0,3022088.86,1113633.79,-9972.52,-9576.81,-9736.36,-9810.0,-9939.8,-9984.32,-10107.44,12152.1,,
17404.0,3022088.97,1113632.8,-9972.57,-9576.83,-9736.39,-9810.03,-9939.83,-9984.35,-10107.46,12152.12,71.07557424390168,
17405.0,3022089.07,1113631.81,-9972.61,-9576.86,-9736.42,-9810.06,-9939.85,-9984.38,-10107.49,12152.14,67.43914951514392,
17406.0,3022089.17,1113630.81,-9972.66,-9576.89,-9736.45,-9810.09,-9939.88,-9984.41,-10107.52,12152.16,70.87722380415126,
17407.0,3022089.28,1113629.82,-9972.71,-9576.92,-9736.48,-9810.12,-9939.91,-9984.44,-10107.55,12152.18,69.75323797889887,
17408.0,3022089.38,1113628.83,-9972.76,-9576.95,-9736.51,-9810.14,-9939.94,-9984.46,-10107.58,12152.2,,
17409.0,3022089.48,1113627.83,-9972.8,-9576.98,-9736.53,-9810.17,-9939.97,-9984.49,-10107.61,12152.22,65.23525574013922,
17410.0,3022089.58,1113626.84,-9972.85,-9577.0,-9736.56,-9810.2,-9939.99,-9984.52,-10107.63,12152.240000000002,,
17411.0,3022089.69,1113625.84,-9972.9,-9577.03,-9736.59,-9810.23,-9940.02,-9984.55,-10107.66,12152.26,67.41711057739387,
17412.0,3022089.79,1113624.85,-9972.95,-9577.05,-9736.61,-9810.25,-9940.04,-9984.57,-10107.68,12152.28,65.43360617988964,
17413.0,3022089.89,1113623.86,-9972.99,-9577.08,-9736.63,-9810.27,-9940.07,-9984.59,-10107.71,12152.3,63.03136196513452,
17414.0,3022089.99,1113622.86,-9973.04,-9577.1,-9736.66,-9810.29,-9940.09,-9984.61,-10107.73,12152.33,64.44185398113753,
17415.0,3022090.09,1113621.87,-9973.09,-9577.12,-9736.68,-9810.32,-9940.11,-9984.64,-10107.75,12152.35,63.5382575333856,
17416.0,3022090.19,1113620.88,-9973.13,-9577.14,-9736.7,-9810.34,-9940.13,-9984.66,-10107.77,12152.38,67.06448757339312,
17417.0,3022090.29,1113619.88,-9973.18,-9577.16,-9736.72,-9810.36,-9940.15,-9984.68,-10107.79,12152.4,67.74769464364459,
17418.0,3022090.39,1113618.89,-9973.22,-9577.19,-9736.74,-9810.38,-9940.18,-9984.7,-10107.82,12152.42,60.82746819012981,
17419.0,3022090.5,1113617.89,-9973.27,-9577.21,-9736.77,-9810.4,-9940.2,-9984.72,-10107.84,12152.45,,
17420.0,3022090.6,1113616.9,-9973.32,-9577.23,-9736.79,-9810.43,-9940.22,-9984.75,-10107.86,12152.47,63.03136196513452,
17421.0,3022090.7,1113615.91,-9973.36,-9577.25,-9736.81,-9810.45,-9940.24,-9984.77,-10107.88,12152.5,65.21321680238917,
17422.0,3022090.8,1113614.91,-9973.41,-9577.27,-9736.83,-9810.47,-9940.26,-9984.79,-10107.9,12152.52,67.43914951514392,
17423.0,3022090.9,1113613.92,-9973.45,-9577.29,-9736.84,-9810.48,-9940.28,-9984.8,-10107.92,12152.55,65.23525574013922,
17424.0,3022090.99,1113612.92,-9973.49,-9577.3,-9736.86,-9810.5,-9940.29,-9984.82,-10107.93,12152.58,65.51074246201482,
17425.0,3022091.09,1113611.93,-9973.54,-9577.32,-9736.88,-9810.52,-9940.31,-9984.84,-10107.95,12152.6,62.5575248035085,
17426.0,3022091.19,1113610.94,-9973.58,-9577.34,-9736.9,-9810.54,-9940.33,-9984.86,-10107.97,12152.63,62.171843392882685,
17427.0,3022091.29,1113609.94,-9973.63,-9577.36,-9736.91,-9810.55,-9940.35,-9984.87,-10107.99,12152.66,65.29035308451434,
17428.0,3022091.39,1113608.95,-9973.67,-9577.37,-9736.93,-9810.57,-9940.36,-9984.89,-10108.0,12152.68,64.15534779038691,
17429.0,3022091.49,1113607.95,-9973.72,-9577.39,-9736.95,-9810.59,-9940.38,-9984.91,-10108.02,12152.71,58.25993194224934,
17430.0,3022091.59,1113606.96,-9973.76,-9577.41,-9736.97,-9810.61,-9940.4,-9984.93,-10108.04,12152.740000000002,62.67873896113376,
17431.0,3022091.69,1113605.97,-9973.8,-9577.43,-9736.98,-9810.62,-9940.42,-9984.94,-10108.06,12152.76,60.34261155962879,
17432.0,3022091.78,1113604.97,-9973.85,-9577.44,-9737.0,-9810.64,-9940.43,-9984.96,-10108.07,12152.79,64.68428229638805,
17433.0,3022091.88,1113603.98,-9973.89,-9577.46,-9737.02,-9810.66,-9940.45,-9984.98,-10108.09,12152.81,58.62357441512511,
17434.0,3022091.98,1113602.98,-9973.93,-9577.48,-9737.04,-9810.68,-9940.47,-9985.0,-10108.11,12152.84,55.44996737911833,
17435.0,3022092.08,1113601.99,-9973.97,-9577.5,-9737.05,-9810.69,-9940.49,-9985.01,-10108.13,12152.86,60.034066431128124,
17436.0,3022092.17,1113600.99,-9974.02,-9577.51,-9737.07,-9810.71,-9940.5,-9985.03,-10108.14,12152.89,59.70348236487741,
17437.0,3022092.27,1113600.0,-9974.06,-9577.53,-9737.09,-9810.73,-9940.52,-9985.05,-10108.16,12152.91,58.62357441512511,
17438.0,3022092.37,1113599.0,-9974.1,-9577.55,-9737.11,-9810.75,-9940.54,-9985.07,-10108.18,12152.94,,
17439.0,3022092.46,1113598.01,-9974.14,-9577.57,-9737.12,-9810.76,-9940.56,-9985.08,-10108.2,12152.96,59.405956705251775,
17440.0,3022092.56,1113597.02,-9974.18,-9577.58,-9737.14,-9810.78,-9940.57,-9985.1,-10108.21,12152.990000000002,63.03136196513452,
17441.0,3022092.66,1113596.02,-9974.22,-9577.6,-9737.16,-9810.8,-9940.59,-9985.12,-10108.23,12153.01,,
17442.0,3022092.75,1113595.03,-9974.27,-9577.62,-9737.18,-9810.82,-9940.61,-9985.14,-10108.25,12153.03,,
17443.0,3022092.85,1113594.03,-9974.31,-9577.64,-9737.19,-9810.83,-9940.63,-9985.15,-10108.27,12153.06,65.136080520264,
17444.0,3022092.94,1113593.04,-9974.35,-9577.65,-9737.21,-9810.85,-9940.64,-9985.17,-10108.28,12153.08,66.92123447801782,
17445.0,3022093.04,1113592.04,-9974.39,-9577.67,-9737.23,-9810.87,-9940.66,-9985.19,-10108.3,12153.1,65.91846281039066,
17446.0,3022093.13,1113591.05,-9974.43,-9577.69,-9737.25,-9810.89,-9940.68,-9985.2,-10108.32,12153.13,69.64304329014863,
17447.0,3022093.23,1113590.05,-9974.47,-9577.71,-9737.26,-9810.9,-9940.7,-9985.22,-10108.34,12153.15,68.5521158715213,
17448.0,3022093.32,1113589.06,-9974.51,-9577.72,-9737.28,-9810.92,-9940.71,-9985.24,-10108.35,12153.17,67.76973358139463,
17449.0,3022093.42,1113588.06,-9974.55,-9577.74,-9737.3,-9810.94,-9940.73,-9985.26,-10108.37,12153.19,69.64304329014863,
17450.0,3022093.51,1113587.07,-9974.59,-9577.76,-9737.32,-9810.95,-9940.75,-9985.27,-10108.39,12153.22,65.9294822792657,
17451.0,3022093.61,1113586.08,-9974.63,-9577.78,-9737.33,-9810.97,-9940.77,-9985.29,-10108.41,12153.240000000002,70.16095832727474,
17452.0,3022093.7,1113585.08,-9974.67,-9577.79,-9737.35,-9810.99,-9940.78,-9985.31,-10108.42,12153.26,75.15277772766039,
17453.0,3022093.8,1113584.09,-9974.71,-9577.81,-9737.37,-9811.01,-9940.8,-9985.33,-10108.44,12153.28,69.09206984639745,
17454.0,3022093.89,1113583.09,-9974.74,-9577.83,-9737.39,-9811.02,-9940.82,-9985.34,-10108.46,12153.3,66.9542928846429,
17455.0,3022093.98,1113582.1,-9974.78,-9577.85,-9737.4,-9811.04,-9940.84,-9985.36,-10108.48,12153.320000000002,65.86336546601555,
17456.0,3022094.08,1113581.1,-9974.82,-9577.86,-9737.42,-9811.06,-9940.85,-9985.38,-10108.49,12153.35,69.64304329014863,
17457.0,3022094.17,1113580.11,-9974.86,-9577.88,-9737.44,-9811.08,-9940.87,-9985.4,-10108.51,12153.37,74.26020074878348,
17458.0,3022094.26,1113579.11,-9974.9,-9577.9,-9737.46,-9811.09,-9940.89,-9985.41,-10108.53,12153.39,75.15277772766039,
17459.0,3022094.35,1113578.12,-9974.94,-9577.91,-9737.47,-9811.11,-9940.91,-9985.43,-10108.55,12153.41,67.43914951514392,
17460.0,3022094.45,1113577.12,-9974.97,-9577.93,-9737.49,-9811.13,-9940.92,-9985.45,-10108.56,12153.43,68.81658312452187,
17461.0,3022094.54,1113576.13,-9975.01,-9577.95,-9737.51,-9811.15,-9940.94,-9985.47,-10108.58,12153.45,70.05076363852449,
17462.0,3022094.63,1113575.13,-9975.05,-9577.97,-9737.53,-9811.16,-9940.96,-9985.48,-10108.6,12153.47,71.84693706515334,
17463.0,3022094.72,1113574.14,-9975.09,-9577.98,-9737.54,-9811.18,-9940.98,-9985.5,-10108.62,12153.490000000002,68.30968755627077,
17464.0,3022094.81,1113573.14,-9975.12,-9578.0,-9737.56,-9811.2,-9940.99,-9985.52,-10108.63,12153.51,67.43914951514392,
17465.0,3022094.91,1113572.15,-9975.16,-9578.02,-9737.58,-9811.22,-9941.01,-9985.54,-10108.65,12153.53,70.89926274190131,
17466.0,3022095.0,1113571.15,-9975.2,-9578.04,-9737.6,-9811.23,-9941.03,-9985.55,-10108.67,12153.54,70.85518486640122,
17467.0,3022095.09,1113570.16,-9975.23,-9578.05,-9737.61,-9811.25,-9941.05,-9985.57,-10108.69,12153.56,67.43914951514392,
17468.0,3022095.18,1113569.16,-9975.27,-9578.07,-9737.63,-9811.27,-9941.06,-9985.59,-10108.7,12153.58,63.03136196513452,
17469.0,3022095.27,1113568.16,-9975.3,-9578.09,-9737.65,-9811.29,-9941.08,-9985.61,-10108.72,12153.6,,
17470.0,3022095.36,1113567.17,-9975.34,-9578.11,-9737.67,-9811.3,-9941.1,-9985.62,-10108.74,12153.62,77.3566715026651,
17471.0,3022095.45,1113566.17,-9975.38,-9578.12,-9737.68,-9811.32,-9941.12,-9985.64,-10108.75,12153.64,78.62391042329278,
17472.0,3022095.54,1113565.18,-9975.41,-9578.14,-9737.7,-9811.34,-9941.13,-9985.66,-10108.77,12153.66,78.38148210804228,
17473.0,3022095.63,1113564.18,-9975.45,-9578.16,-9737.72,-9811.36,-9941.15,-9985.68,-10108.79,12153.67,71.84693706515334,
17474.0,3022095.72,1113563.19,-9975.48,-9578.18,-9737.74,-9811.37,-9941.17,-9985.69,-10108.81,12153.69,74.53568747065907,
17475.0,3022095.81,1113562.19,-9975.52,-9578.19,-9737.75,-9811.39,-9941.19,-9985.71,-10108.82,12153.71,73.91859721365775,
17476.0,3022095.9,1113561.2,-9975.55,-9578.21,-9737.77,-9811.41,-9941.2,-9985.73,-10108.84,12153.72,71.84693706515334,
17477.0,3022095.99,1113560.2,-9975.59,-9578.23,-9737.79,-9811.43,-9941.22,-9985.75,-10108.86,12153.740000000002,,
17478.0,3022096.08,1113559.21,-9975.62,-9578.25,-9737.81,-9811.44,-9941.24,-9985.76,-10108.88,12153.76,,
17479.0,3022096.16,1113558.21,-9975.65,-9578.26,-9737.82,-9811.46,-9941.26,-9985.78,-10108.89,12153.78,,
17480.0,3022096.25,1113557.22,-9975.69,-9578.28,-9737.84,-9811.48,-9941.27,-9985.8,-10108.91,12153.79,70.12789992064967,
17481.0,3022096.34,1113556.22,-9975.72,-9578.3,-9737.86,-9811.5,-9941.29,-9985.82,-10108.93,12153.81,69.9515884186493,
17482.0,3022096.43,1113555.22,-9975.75,-9578.32,-9737.88,-9811.51,-9941.31,-9985.83,-10108.95,12153.83,71.84693706515334,
17483.0,3022096.52,1113554.23,-9975.79,-9578.33,-9737.89,-9811.53,-9941.33,-9985.85,-10108.96,12153.84,72.97092289040573,
17484.0,3022096.6,1113553.23,-9975.82,-9578.35,-9737.91,-9811.55,-9941.34,-9985.87,-10108.98,12153.86,,
17485.0,3022096.69,1113552.24,-9975.85,-9578.37,-9737.93,-9811.57,-9941.36,-9985.89,-10109.0,12153.87,77.3566715026651,
17486.0,3022096.78,1113551.24,-9975.89,-9578.39,-9737.95,-9811.58,-9941.38,-9985.9,-10109.02,12153.89,73.77534411828245,
17487.0,3022096.87,1113550.25,-9975.92,-9578.4,-9737.96,-9811.6,-9941.4,-9985.92,-10109.03,12153.9,71.4612556545275,
17488.0,3022096.95,1113549.25,-9975.95,-9578.42,-9737.98,-9811.62,-9941.41,-9985.94,-10109.05,12153.92,69.64304329014863,
17489.0,3022097.04,1113548.25,-9975.98,-9578.44,-9738.0,-9811.64,-9941.43,-9985.96,-10109.07,12153.93,,
17490.0,3022097.13,1113547.26,-9976.02,-9578.46,-9738.01,-9811.65,-9941.45,-9985.97,-10109.09,12153.95,,
17491.0,3022097.21,1113546.26,-9976.05,-9578.47,-9738.03,-9811.67,-9941.47,-9985.99,-10109.1,12153.96,72.61829988640498,
17492.0,3022097.3,1113545.27,-9976.08,-9578.49,-9738.05,-9811.69,-9941.48,-9986.01,-10109.12,12153.98,72.46402732215465,
17493.0,3022097.38,1113544.27,-9976.11,-9578.51,-9738.07,-9811.71,-9941.5,-9986.03,-10109.14,12153.990000000002,67.43914951514392,
17494.0,3022097.47,1113543.28,-9976.14,-9578.53,-9738.08,-9811.72,-9941.52,-9986.04,-10109.16,12154.0,,
17495.0,3022097.56,1113542.28,-9976.17,-9578.54,-9738.1,-9811.74,-9941.54,-9986.06,-10109.17,12154.02,68.29866808739577,
17496.0,3022097.64,1113541.28,-9976.2,-9578.56,-9738.12,-9811.76,-9941.55,-9986.08,-10109.19,12154.03,69.64304329014863,
17497.0,3022097.73,1113540.29,-9976.23,-9578.58,-9738.14,-9811.78,-9941.57,-9986.1,-10109.21,12154.04,67.9901229588951,
17498.0,3022097.82,1113539.29,-9976.27,-9578.6,-9738.15,-9811.79,-9941.59,-9986.11,-10109.23,12154.06,65.23525574013922,
17499.0,3022097.91,1113538.3,-9976.3,-9578.61,-9738.17,-9811.81,-9941.6,-9986.13,-10109.24,12154.070000000002,,
17500.0,3022098.0,1113537.3,-9976.33,-9578.63,-9738.19,-9811.83,-9941.62,-9986.15,-10109.26,12154.08,65.57685927526495,
17501.0,3022098.09,1113536.31,-9976.36,-9578.65,-9738.21,-9811.85,-9941.64,-9986.17,-10109.28,12154.1,67.43914951514392,
17502.0,3022098.18,1113535.31,-9976.39,-9578.67,-9738.22,-9811.86,-9941.66,-9986.18,-10109.3,12154.11,65.66501502626514,
17503.0,3022098.27,1113534.32,-9976.42,-9578.68,-9738.24,-9811.88,-9941.67,-9986.2,-10109.31,12154.12,65.23525574013922,
17504.0,3022098.36,1113533.32,-9976.45,-9578.7,-9738.26,-9811.9,-9941.69,-9986.22,-10109.33,12154.14,65.5548203375149,
17505.0,3022098.46,1113532.33,-9976.48,-9578.72,-9738.28,-9811.92,-9941.71,-9986.24,-10109.35,12154.15,66.5906504117671,
17506.0,3022098.55,1113531.33,-9976.51,-9578.74,-9738.29,-9811.93,-9941.73,-9986.25,-10109.37,12154.16,69.64304329014863,
17507.0,3022098.64,1113530.34,-9976.54,-9578.75,-9738.31,-9811.95,-9941.74,-9986.27,-10109.38,12154.18,68.61823268477144,
17508.0,3022098.74,1113529.34,-9976.57,-9578.77,-9738.33,-9811.97,-9941.76,-9986.29,-10109.4,12154.19,65.7862291838904,
17509.0,3022098.84,1113528.35,-9976.6,-9578.79,-9738.35,-9811.99,-9941.78,-9986.31,-10109.42,12154.2,64.1002504460118,
17510.0,3022098.93,1113527.35,-9976.63,-9578.81,-9738.36,-9812.0,-9941.8,-9986.32,-10109.44,12154.21,63.03136196513452,
17511.0,3022099.03,1113526.36,-9976.66,-9578.82,-9738.38,-9812.02,-9941.81,-9986.34,-10109.45,12154.23,67.43914951514392,
17512.0,3022099.13,1113525.36,-9976.69,-9578.84,-9738.4,-9812.04,-9941.83,-9986.36,-10109.47,12154.240000000002,,
17513.0,3022099.23,1113524.37,-9976.72,-9578.86,-9738.42,-9812.06,-9941.85,-9986.38,-10109.49,12154.25,60.82746819012981,
17514.0,3022099.33,1113523.37,-9976.75,-9578.88,-9738.43,-9812.07,-9941.87,-9986.39,-10109.51,12154.27,64.73937964076316,
17515.0,3022099.43,1113522.38,-9976.78,-9578.89,-9738.45,-9812.09,-9941.88,-9986.41,-10109.52,12154.28,71.84693706515334,
17516.0,3022099.53,1113521.38,-9976.81,-9578.91,-9738.47,-9812.11,-9941.9,-9986.43,-10109.54,12154.29,74.6458821594093,
17517.0,3022099.63,1113520.39,-9976.84,-9578.93,-9738.49,-9812.13,-9941.92,-9986.45,-10109.56,12154.3,,
17518.0,3022099.74,1113519.39,-9976.87,-9578.95,-9738.5,-9812.14,-9941.94,-9986.46,-10109.58,12154.320000000002,75.63763435816142,
17519.0,3022099.84,1113518.4,-9976.9,-9578.96,-9738.52,-9812.16,-9941.95,-9986.48,-10109.59,12154.33,77.3566715026651,
17520.0,3022099.95,1113517.41,-9976.93,-9578.98,-9738.54,-9812.18,-9941.97,-9986.5,-10109.61,12154.34,77.78643078879101,
17521.0,3022100.05,1113516.41,-9976.96,-9579.0,-9738.56,-9812.2,-9941.99,-9986.52,-10109.63,12154.35,75.64865382703645,
17522.0,3022100.16,1113515.42,-9976.99,-9579.02,-9738.57,-9812.21,-9942.01,-9986.53,-10109.65,12154.37,71.84693706515334,
17523.0,3022100.26,1113514.42,-9977.02,-9579.03,-9738.59,-9812.23,-9942.02,-9986.55,-10109.66,12154.38,,
17524.0,3022100.37,1113513.43,-9977.05,-9579.05,-9738.61,-9812.25,-9942.04,-9986.57,-10109.68,12154.39,,
17525.0,3022100.48,1113512.44,-9977.08,-9579.07,-9738.63,-9812.27,-9942.06,-9986.58,-10109.7,12154.4,,
17526.0,3022100.59,1113511.44,-9977.11,-9579.09,-9738.64,-9812.28,-9942.08,-9986.6,-10109.72,12154.42,,
17527.0,3022100.7,1113510.45,-9977.14,-9579.1,-9738.66,-9812.3,-9942.09,-9986.62,-10109.73,12154.43,69.64304329014863,
17528.0,3022100.81,1113509.46,-9977.17,-9579.12,-9738.68,-9812.32,-9942.11,-9986.64,-10109.75,12154.44,71.35106096577728,
17529.0,3022100.92,1113508.46,-9977.2,-9579.14,-9738.7,-9812.33,-9942.13,-9986.65,-10109.77,12154.45,70.64581495777577,
17530.0,3022101.03,1113507.47,-9977.23,-9579.16,-9738.71,-9812.35,-9942.15,-9986.67,-10109.79,12154.46,69.64304329014863,
17531.0,3022101.14,1113506.48,-9977.26,-9579.17,-9738.73,-9812.37,-9942.16,-9986.69,-10109.8,12154.48,71.35106096577728,
17532.0,3022101.26,1113505.48,-9977.29,-9579.19,-9738.75,-9812.39,-9942.18,-9986.71,-10109.82,12154.490000000002,71.84693706515334,
17533.0,3022101.37,1113504.49,-9977.32,-9579.21,-9738.77,-9812.4,-9942.2,-9986.72,-10109.84,12154.5,,
17534.0,3022101.49,1113503.5,-9977.35,-9579.23,-9738.78,-9812.42,-9942.22,-9986.74,-10109.86,12154.51,,
17535.0,3022101.6,1113502.51,-9977.38,-9579.24,-9738.8,-9812.44,-9942.23,-9986.76,-10109.87,12154.52,,
17536.0,3022101.72,1113501.51,-9977.41,-9579.26,-9738.82,-9812.46,-9942.25,-9986.78,-10109.89,12154.53,79.5605652776698,
17537.0,3022101.84,1113500.52,-9977.44,-9579.28,-9738.84,-9812.47,-9942.27,-9986.79,-10109.91,12154.55,,
17538.0,3022101.95,1113499.53,-9977.47,-9579.3,-9738.85,-9812.49,-9942.29,-9986.81,-10109.93,12154.56,76.73958124566377,
17539.0,3022102.07,1113498.53,-9977.49,-9579.31,-9738.87,-9812.51,-9942.3,-9986.83,-10109.94,12154.570000000002,78.15007326166679,
17540.0,3022102.19,1113497.54,-9977.52,-9579.33,-9738.89,-9812.53,-9942.32,-9986.85,-10109.96,12154.58,81.7644590526745,
17541.0,3022102.31,1113496.55,-9977.55,-9579.35,-9738.91,-9812.54,-9942.34,-9986.86,-10109.98,12154.59,77.3566715026651,
17542.0,3022102.43,1113495.56,-9977.58,-9579.36,-9738.92,-9812.56,-9942.36,-9986.88,-10110.0,12154.6,,
17543.0,3022102.56,1113494.57,-9977.61,-9579.38,-9738.94,-9812.58,-9942.37,-9986.9,-10110.01,12154.62,79.5605652776698,
17544.0,3022102.68,1113493.57,-9977.64,-9579.4,-9738.96,-9812.6,-9942.39,-9986.92,-10110.03,12154.63,76.1886078019126,
17545.0,3022102.8,1113492.58,-9977.67,-9579.42,-9738.98,-9812.61,-9942.41,-9986.93,-10110.05,12154.64,73.41170164540668,
17546.0,3022102.92,1113491.59,-9977.7,-9579.43,-9738.99,-9812.63,-9942.43,-9986.95,-10110.07,12154.65,67.43914951514392,
17547.0,3022103.05,1113490.6,-9977.73,-9579.45,-9739.01,-9812.65,-9942.44,-9986.97,-10110.08,12154.66,71.84693706515334,
17548.0,3022103.17,1113489.61,-9977.75,-9579.47,-9739.03,-9812.67,-9942.46,-9986.99,-10110.1,12154.67,,
17549.0,3022103.3,1113488.61,-9977.78,-9579.49,-9739.05,-9812.68,-9942.48,-9987.0,-10110.12,12154.68,69.64304329014863,
17550.0,3022103.43,1113487.62,-9977.81,-9579.5,-9739.06,-9812.7,-9942.5,-9987.02,-10110.14,12154.7,,
17551.0,3022103.56,1113486.63,-9977.84,-9579.52,-9739.08,-9812.72,-9942.51,-9987.04,-10110.15,12154.71,70.88824327302628,
17552.0,3022103.68,1113485.64,-9977.87,-9579.54,-9739.1,-9812.74,-9942.53,-9987.06,-10110.17,12154.71,75.15277772766039,
17553.0,3022103.81,1113484.65,-9977.9,-9579.56,-9739.12,-9812.76,-9942.55,-9987.08,-10110.19,12154.72,,
17554.0,3022103.94,1113483.66,-9977.93,-9579.58,-9739.14,-9812.78,-9942.57,-9987.1,-10110.21,12154.73,,
17555.0,3022104.07,1113482.67,-9977.95,-9579.6,-9739.16,-9812.8,-9942.59,-9987.12,-10110.23,12154.740000000002,72.51912466652976,
17556.0,3022104.2,1113481.68,-9977.98,-9579.62,-9739.18,-9812.82,-9942.61,-9987.14,-10110.25,12154.75,71.30698309027717,
17557.0,3022104.34,1113480.68,-9978.01,-9579.64,-9739.2,-9812.84,-9942.63,-9987.16,-10110.27,12154.76,70.4805229246504,
17558.0,3022104.47,1113479.69,-9978.04,-9579.66,-9739.22,-9812.86,-9942.65,-9987.18,-10110.29,12154.76,75.15277772766039,
17559.0,3022104.6,1113478.7,-9978.07,-9579.68,-9739.24,-9812.88,-9942.67,-9987.2,-10110.31,12154.77,70.86620433527624,
17560.0,3022104.74,1113477.71,-9978.1,-9579.7,-9739.26,-9812.9,-9942.69,-9987.22,-10110.33,12154.78,69.64304329014863,
17561.0,3022104.87,1113476.72,-9978.12,-9579.72,-9739.28,-9812.92,-9942.71,-9987.24,-10110.35,12154.79,71.05353530615164,
17562.0,3022105.01,1113475.73,-9978.15,-9579.75,-9739.31,-9812.95,-9942.74,-9987.27,-10110.38,12154.79,71.39513884127737,
17563.0,3022105.14,1113474.74,-9978.18,-9579.77,-9739.33,-9812.97,-9942.77,-9987.29,-10110.4,12154.79,69.64304329014863,
17564.0,3022105.28,1113473.75,-9978.21,-9579.8,-9739.36,-9813.0,-9942.79,-9987.32,-10110.43,12154.8,71.43921671677747,
17565.0,3022105.42,1113472.76,-9978.24,-9579.83,-9739.38,-9813.02,-9942.82,-9987.34,-10110.46,12154.8,71.84693706515334,
17566.0,3022105.56,1113471.77,-9978.26,-9579.85,-9739.41,-9813.05,-9942.84,-9987.37,-10110.48,12154.8,,
17567.0,3022105.7,1113470.78,-9978.29,-9579.88,-9739.44,-9813.07,-9942.87,-9987.39,-10110.51,12154.8,,
17568.0,3022105.84,1113469.79,-9978.32,-9579.9,-9739.46,-9813.1,-9942.89,-9987.42,-10110.53,12154.8,69.64304329014863,
17569.0,3022105.98,1113468.8,-9978.35,-9579.93,-9739.49,-9813.13,-9942.92,-9987.45,-10110.56,12154.81,74.6899600349094,
17570.0,3022106.12,1113467.81,-9978.37,-9579.95,-9739.51,-9813.15,-9942.95,-9987.47,-10110.58,12154.81,77.3566715026651,
17571.0,3022106.26,1113466.82,-9978.4,-9579.98,-9739.54,-9813.18,-9942.97,-9987.5,-10110.61,12154.81,79.5605652776698,
17572.0,3022106.41,1113465.83,-9978.43,-9580.01,-9739.56,-9813.2,-9943.0,-9987.52,-10110.64,12154.81,77.85254760204116,
17573.0,3022106.55,1113464.85,-9978.46,-9580.03,-9739.59,-9813.23,-9943.02,-9987.55,-10110.66,12154.81,77.3566715026651,
17574.0,3022106.69,1113463.86,-9978.49,-9580.06,-9739.62,-9813.25,-9943.05,-9987.57,-10110.69,12154.820000000002,74.98748569453502,
17575.0,3022106.84,1113462.87,-9978.51,-9580.08,-9739.64,-9813.28,-9943.07,-9987.6,-10110.71,12154.820000000002,71.84693706515334,
17576.0,3022106.99,1113461.88,-9978.54,-9580.11,-9739.67,-9813.31,-9943.1,-9987.63,-10110.74,12154.820000000002,,
17577.0,3022107.13,1113460.89,-9978.57,-9580.13,-9739.69,-9813.33,-9943.13,-9987.65,-10110.77,12154.820000000002,,
17578.0,3022107.28,1113459.9,-9978.59,-9580.16,-9739.72,-9813.36,-9943.15,-9987.68,-10110.79,12154.820000000002,,
17579.0,3022107.43,1113458.91,-9978.62,-9580.19,-9739.74,-9813.38,-9943.18,-9987.7,-10110.82,12154.820000000002,69.64304329014863,
17580.0,3022107.58,1113457.92,-9978.65,-9580.21,-9739.77,-9813.41,-9943.2,-9987.73,-10110.84,12154.83,,
17581.0,3022107.73,1113456.94,-9978.68,-9580.24,-9739.8,-9813.43,-9943.23,-9987.75,-10110.87,12154.83,71.5053335300276,
17582.0,3022107.88,1113455.95,-9978.7,-9580.26,-9739.82,-9813.46,-9943.25,-9987.78,-10110.89,12154.83,70.92130167965135,
17583.0,3022108.03,1113454.96,-9978.73,-9580.29,-9739.85,-9813.49,-9943.28,-9987.81,-10110.92,12154.83,69.64304329014863,
17584.0,3022108.18,1113453.97,-9978.76,-9580.31,-9739.87,-9813.51,-9943.31,-9987.83,-10110.95,12154.83,,
17585.0,3022108.33,1113452.98,-9978.78,-9580.34,-9739.9,-9813.54,-9943.33,-9987.86,-10110.97,12154.83,71.73674237640309,
17586.0,3022108.49,1113452.0,-9978.81,-9580.37,-9739.92,-9813.56,-9943.36,-9987.88,-10111.0,12154.83,75.15277772766039,
17587.0,3022108.64,1113451.01,-9978.84,-9580.39,-9739.95,-9813.59,-9943.38,-9987.91,-10111.02,12154.83,75.48336179391109,
17588.0,3022108.8,1113450.02,-9978.87,-9580.42,-9739.98,-9813.62,-9943.41,-9987.93,-10111.05,12154.84,77.3566715026651,
17589.0,3022108.95,1113449.03,-9978.89,-9580.44,-9740.0,-9813.64,-9943.43,-9987.96,-10111.07,12154.84,75.63763435816142,
17590.0,3022109.11,1113448.05,-9978.92,-9580.47,-9740.03,-9813.67,-9943.46,-9987.99,-10111.1,12154.84,75.15277772766039,
17591.0,3022109.26,1113447.06,-9978.95,-9580.5,-9740.05,-9813.69,-9943.49,-9988.01,-10111.13,12154.84,69.64304329014863,
17592.0,3022109.42,1113446.07,-9978.97,-9580.52,-9740.08,-9813.72,-9943.51,-9988.04,-10111.15,12154.84,66.2600663455164,
17593.0,3022109.57,1113445.08,-9979.0,-9580.55,-9740.11,-9813.74,-9943.54,-9988.06,-10111.18,12154.84,65.23525574013922,
17594.0,3022109.73,1113444.1,-9979.03,-9580.57,-9740.13,-9813.77,-9943.56,-9988.09,-10111.2,12154.84,66.08375484351603,
17595.0,3022109.88,1113443.11,-9979.05,-9580.6,-9740.16,-9813.8,-9943.59,-9988.12,-10111.23,12154.84,67.43914951514392,
17596.0,3022110.04,1113442.12,-9979.08,-9580.62,-9740.18,-9813.82,-9943.62,-9988.14,-10111.25,12154.85,73.95165562028282,
17597.0,3022110.2,1113441.13,-9979.11,-9580.65,-9740.21,-9813.85,-9943.64,-9988.17,-10111.28,12154.85,76.1445299264125,
17598.0,3022110.35,1113440.15,-9979.14,-9580.68,-9740.23,-9813.87,-9943.67,-9988.19,-10111.31,12154.85,80.29886969229638,
17599.0,3022110.51,1113439.16,-9979.16,-9580.7,-9740.26,-9813.9,-9943.69,-9988.22,-10111.33,12154.85,78.93245555179345,
17600.0,3022110.66,1113438.17,-9979.19,-9580.73,-9740.29,-9813.92,-9943.72,-9988.24,-10111.36,12154.85,69.64304329014863,
17601.0,3022110.82,1113437.18,-9979.22,-9580.75,-9740.31,-9813.95,-9943.74,-9988.27,-10111.38,12154.85,71.51635299890263,
17602.0,3022110.97,1113436.2,-9979.24,-9580.78,-9740.34,-9813.98,-9943.77,-9988.3,-10111.41,12154.85,75.15277772766039,
17603.0,3022111.13,1113435.21,-9979.27,-9580.8,-9740.36,-9814.0,-9943.8,-9988.32,-10111.43,12154.86,,
17604.0,3022111.28,1113434.22,-9979.3,-9580.83,-9740.39,-9814.03,-9943.82,-9988.35,-10111.46,12154.86,77.04812637416444,
17605.0,3022111.44,1113433.23,-9979.33,-9580.86,-9740.41,-9814.05,-9943.85,-9988.37,-10111.49,12154.86,78.96551395841851,
17606.0,3022111.59,1113432.25,-9979.35,-9580.88,-9740.44,-9814.08,-9943.87,-9988.4,-10111.51,12154.86,73.08111757915596,
17607.0,3022111.75,1113431.26,-9979.38,-9580.91,-9740.47,-9814.1,-9943.9,-9988.42,-10111.54,12154.86,77.25749628278987,
17608.0,3022111.91,1113430.27,-9979.41,-9580.93,-9740.49,-9814.13,-9943.92,-9988.45,-10111.56,12154.86,78.08395644841664,
17609.0,3022112.06,1113429.28,-9979.43,-9580.96,-9740.52,-9814.16,-9943.95,-9988.48,-10111.59,12154.86,77.30157415828998,
17610.0,3022112.22,1113428.3,-9979.46,-9580.98,-9740.54,-9814.18,-9943.98,-9988.5,-10111.61,12154.87,73.4778184586568,
17611.0,3022112.37,1113427.31,-9979.49,-9581.01,-9740.57,-9814.21,-9944.0,-9988.53,-10111.64,12154.87,73.08111757915596,
17612.0,3022112.53,1113426.32,-9979.52,-9581.04,-9740.59,-9814.23,-9944.03,-9988.55,-10111.67,12154.87,72.03426803602873,
17613.0,3022112.68,1113425.33,-9979.54,-9581.06,-9740.62,-9814.26,-9944.05,-9988.58,-10111.69,12154.87,75.3511281674108,
17614.0,3022112.84,1113424.35,-9979.57,-9581.09,-9740.65,-9814.28,-9944.08,-9988.6,-10111.72,12154.87,76.90487327878913,
17615.0,3022113.0,1113423.36,-9979.6,-9581.11,-9740.67,-9814.31,-9944.1,-9988.63,-10111.74,12154.87,76.87181487216407,
17616.0,3022113.15,1113422.37,-9979.63,-9581.14,-9740.7,-9814.34,-9944.13,-9988.66,-10111.77,12154.88,78.00682016629149,
17617.0,3022113.31,1113421.38,-9979.65,-9581.16,-9740.72,-9814.36,-9944.16,-9988.68,-10111.8,12154.88,79.97930509492069,
17618.0,3022113.46,1113420.4,-9979.68,-9581.19,-9740.75,-9814.39,-9944.18,-9988.71,-10111.82,12154.88,83.18597053755252,
17619.0,3022113.62,1113419.41,-9979.71,-9581.22,-9740.77,-9814.41,-9944.21,-9988.73,-10111.85,12154.88,83.23004841305263,
17620.0,3022113.77,1113418.42,-9979.74,-9581.24,-9740.8,-9814.44,-9944.23,-9988.76,-10111.87,12154.88,83.47247672830314,
17621.0,3022113.93,1113417.43,-9979.76,-9581.27,-9740.83,-9814.47,-9944.26,-9988.78,-10111.9,12154.88,82.55786081167619,
17622.0,3022114.09,1113416.45,-9979.79,-9581.29,-9740.85,-9814.49,-9944.28,-9988.81,-10111.92,12154.89,79.0977475849188,
17623.0,3022114.24,1113415.46,-9979.82,-9581.32,-9740.88,-9814.52,-9944.31,-9988.84,-10111.95,12154.89,77.8745865397912,
17624.0,3022114.4,1113414.47,-9979.85,-9581.35,-9740.9,-9814.54,-9944.34,-9988.86,-10111.98,12154.89,75.83598479791183,
17625.0,3022114.55,1113413.48,-9979.87,-9581.37,-9740.93,-9814.57,-9944.36,-9988.89,-10112.0,12154.89,74.74505737928452,
17626.0,3022114.71,1113412.5,-9979.9,-9581.4,-9740.96,-9814.59,-9944.39,-9988.91,-10112.03,12154.89,75.54947860716123,
17627.0,3022114.86,1113411.51,-9979.93,-9581.42,-9740.98,-9814.62,-9944.41,-9988.94,-10112.05,12154.9,71.39513884127737,
17628.0,3022115.02,1113410.52,-9979.96,-9581.45,-9741.01,-9814.65,-9944.44,-9988.97,-10112.08,12154.9,69.64304329014863,
17629.0,3022115.18,1113409.53,-9979.98,-9581.47,-9741.03,-9814.67,-9944.47,-9988.99,-10112.1,12154.9,75.45030338728601,
17630.0,3022115.33,1113408.55,-9980.01,-9581.5,-9741.06,-9814.7,-9944.49,-9989.02,-10112.13,12154.9,83.9683528276792,
17631.0,3022115.49,1113407.56,-9980.04,-9581.53,-9741.08,-9814.72,-9944.52,-9989.04,-10112.16,12154.9,81.5771280817991,
17632.0,3022115.64,1113406.57,-9980.07,-9581.55,-9741.11,-9814.75,-9944.54,-9989.07,-10112.18,12154.9,84.70665724230578,
17633.0,3022115.8,1113405.59,-9980.1,-9581.58,-9741.14,-9814.77,-9944.57,-9989.09,-10112.21,12154.91,81.7644590526745,
17634.0,3022115.96,1113404.6,-9980.12,-9581.6,-9741.16,-9814.8,-9944.59,-9989.12,-10112.23,12154.91,82.53582187392615,
17635.0,3022116.11,1113403.61,-9980.15,-9581.63,-9741.19,-9814.83,-9944.62,-9989.15,-10112.26,12154.91,79.5605652776698,
17636.0,3022116.27,1113402.62,-9980.18,-9581.65,-9741.21,-9814.85,-9944.65,-9989.17,-10112.28,12154.91,82.5688802805512,
17637.0,3022116.42,1113401.64,-9980.21,-9581.68,-9741.24,-9814.88,-9944.67,-9989.2,-10112.31,12154.92,85.18049440393179,
17638.0,3022116.58,1113400.65,-9980.23,-9581.71,-9741.26,-9814.9,-9944.7,-9989.22,-10112.34,12154.92,,
17639.0,3022116.74,1113399.66,-9980.26,-9581.73,-9741.29,-9814.93,-9944.72,-9989.25,-10112.36,12154.92,78.23822901266698,
17640.0,3022116.89,1113398.67,-9980.29,-9581.76,-9741.32,-9814.95,-9944.75,-9989.27,-10112.39,12154.92,71.02047689952657,
17641.0,3022117.05,1113397.69,-9980.32,-9581.78,-9741.34,-9814.98,-9944.77,-9989.3,-10112.41,12154.92,77.95172282191635,
17642.0,3022117.2,1113396.7,-9980.35,-9581.81,-9741.37,-9815.01,-9944.8,-9989.33,-10112.44,12154.93,81.7644590526745,
17643.0,3022117.36,1113395.71,-9980.37,-9581.83,-9741.39,-9815.03,-9944.83,-9989.35,-10112.46,12154.93,79.5605652776698,
17644.0,3022117.52,1113394.72,-9980.4,-9581.86,-9741.42,-9815.06,-9944.85,-9989.38,-10112.49,12154.93,,
17645.0,3022117.67,1113393.74,-9980.43,-9581.89,-9741.44,-9815.08,-9944.88,-9989.4,-10112.52,12154.93,81.7644590526745,
17646.0,3022117.83,1113392.75,-9980.46,-9581.91,-9741.47,-9815.11,-9944.9,-9989.43,-10112.54,12154.94,,
17647.0,3022117.98,1113391.76,-9980.49,-9581.94,-9741.5,-9815.13,-9944.93,-9989.45,-10112.57,12154.94,,
17648.0,3022118.14,1113390.77,-9980.51,-9581.96,-9741.52,-9815.16,-9944.95,-9989.48,-10112.59,12154.94,,
17649.0,3022118.3,1113389.79,-9980.54,-9581.99,-9741.55,-9815.19,-9944.98,-9989.51,-10112.62,12154.94,,
17650.0,3022118.45,1113388.8,-9980.57,-9582.01,-9741.57,-9815.21,-9945.01,-9989.53,-10112.65,12154.94,82.8884448779269,
17651.0,3022118.61,1113387.81,-9980.6,-9582.04,-9741.6,-9815.24,-9945.03,-9989.56,-10112.67,12154.95,83.9683528276792,
17652.0,3022118.76,1113386.83,-9980.63,-9582.07,-9741.62,-9815.26,-9945.06,-9989.58,-10112.7,12154.95,85.78656519205809,
17653.0,3022118.92,1113385.84,-9980.66,-9582.09,-9741.65,-9815.29,-9945.08,-9989.61,-10112.72,12154.95,86.17224660268391,
17654.0,3022119.08,1113384.85,-9980.68,-9582.12,-9741.68,-9815.31,-9945.11,-9989.63,-10112.75,12154.95,,
17655.0,3022119.23,1113383.86,-9980.71,-9582.14,-9741.7,-9815.34,-9945.13,-9989.66,-10112.77,12154.96,79.5605652776698,
17656.0,3022119.39,1113382.88,-9980.74,-9582.17,-9741.73,-9815.37,-9945.16,-9989.69,-10112.8,12154.96,,
17657.0,3022119.55,1113381.89,-9980.77,-9582.2,-9741.75,-9815.39,-9945.19,-9989.71,-10112.83,12154.96,,
17658.0,3022119.7,1113380.9,-9980.8,-9582.22,-9741.78,-9815.42,-9945.21,-9989.74,-10112.85,12154.96,,
17659.0,3022119.86,1113379.91,-9980.82,-9582.25,-9741.8,-9815.44,-9945.24,-9989.76,-10112.88,12154.97,,
17660.0,3022120.01,1113378.93,-9980.85,-9582.27,-9741.83,-9815.47,-9945.26,-9989.79,-10112.9,12154.97,86.17224660268391,
17661.0,3022120.17,1113377.94,-9980.88,-9582.3,-9741.86,-9815.5,-9945.29,-9989.82,-10112.93,12154.97,82.50276346730108,
17662.0,3022120.33,1113376.95,-9980.91,-9582.32,-9741.88,-9815.52,-9945.31,-9989.84,-10112.95,12154.97,82.0950431189252,
17663.0,3022120.48,1113375.97,-9980.94,-9582.35,-9741.91,-9815.55,-9945.34,-9989.87,-10112.98,12154.98,78.93245555179345,
17664.0,3022120.64,1113374.98,-9980.97,-9582.38,-9741.93,-9815.57,-9945.37,-9989.89,-10113.01,12154.98,,
17665.0,3022120.8,1113373.99,-9980.99,-9582.4,-9741.96,-9815.6,-9945.39,-9989.92,-10113.03,12154.98,,
17666.0,3022120.95,1113373.0,-9981.02,-9582.43,-9741.99,-9815.62,-9945.42,-9989.94,-10113.06,12154.98,86.89953154843545,
17667.0,3022121.11,1113372.02,-9981.05,-9582.45,-9742.01,-9815.65,-9945.44,-9989.97,-10113.08,12154.990000000002,88.37614037768861,
17668.0,3022121.26,1113371.03,-9981.08,-9582.48,-9742.04,-9815.68,-9945.47,-9990.0,-10113.11,12154.990000000002,86.17224660268391,
17669.0,3022121.42,1113370.04,-9981.11,-9582.5,-9742.06,-9815.7,-9945.5,-9990.02,-10113.13,12154.990000000002,85.19151387280681,
17670.0,3022121.58,1113369.05,-9981.14,-9582.53,-9742.09,-9815.73,-9945.52,-9990.05,-10113.16,12155.0,83.9683528276792,
17671.0,3022121.73,1113368.07,-9981.17,-9582.56,-9742.11,-9815.75,-9945.55,-9990.07,-10113.19,12155.0,,
17672.0,3022121.89,1113367.08,-9981.19,-9582.58,-9742.14,-9815.78,-9945.57,-9990.1,-10113.21,12155.0,,
17673.0,3022122.05,1113366.09,-9981.22,-9582.61,-9742.17,-9815.8,-9945.6,-9990.12,-10113.24,12155.0,,
17674.0,3022122.2,1113365.1,-9981.25,-9582.63,-9742.19,-9815.83,-9945.62,-9990.15,-10113.26,12155.01,83.62674929255347,
17675.0,3022122.36,1113364.12,-9981.28,-9582.66,-9742.22,-9815.86,-9945.65,-9990.18,-10113.29,12155.01,81.7644590526745,
17676.0,3022122.52,1113363.13,-9981.31,-9582.68,-9742.24,-9815.88,-9945.68,-9990.2,-10113.31,12155.01,82.94354222230201,
17677.0,3022122.67,1113362.14,-9981.34,-9582.71,-9742.27,-9815.91,-9945.7,-9990.23,-10113.34,12155.02,83.9683528276792,
17678.0,3022122.83,1113361.16,-9981.37,-9582.74,-9742.29,-9815.93,-9945.73,-9990.25,-10113.37,12155.02,83.53859354155328,
17679.0,3022122.98,1113360.17,-9981.39,-9582.76,-9742.32,-9815.96,-9945.75,-9990.28,-10113.39,12155.02,81.7644590526745,
17680.0,3022123.14,1113359.18,-9981.42,-9582.79,-9742.35,-9815.98,-9945.78,-9990.3,-10113.42,12155.02,,
17681.0,3022123.3,1113358.19,-9981.45,-9582.81,-9742.37,-9816.01,-9945.8,-9990.33,-10113.44,12155.03,82.16115993217535,
17682.0,3022123.45,1113357.21,-9981.48,-9582.84,-9742.4,-9816.04,-9945.83,-9990.36,-10113.47,12155.03,83.9683528276792,
17683.0,3022123.61,1113356.22,-9981.51,-9582.86,-9742.42,-9816.06,-9945.86,-9990.38,-10113.49,12155.03,82.60193868717627,
17684.0,3022123.77,1113355.23,-9981.54,-9582.89,-9742.45,-9816.09,-9945.88,-9990.41,-10113.52,12155.03,81.7644590526745,
17685.0,3022123.92,1113354.24,-9981.57,-9582.92,-9742.47,-9816.11,-9945.91,-9990.43,-10113.55,12155.04,82.22727674542548,
17686.0,3022124.08,1113353.26,-9981.6,-9582.94,-9742.5,-9816.14,-9945.93,-9990.46,-10113.57,12155.04,83.9683528276792,
17687.0,3022124.23,1113352.27,-9981.62,-9582.97,-9742.53,-9816.16,-9945.96,-9990.48,-10113.6,12155.04,81.7644590526745,
17688.0,3022124.38,1113351.28,-9981.65,-9582.99,-9742.55,-9816.19,-9945.98,-9990.51,-10113.62,12155.04,,
17689.0,3022124.53,1113350.29,-9981.68,-9583.02,-9742.58,-9816.22,-9946.01,-9990.54,-10113.65,12155.04,,
17690.0,3022124.68,1113349.3,-9981.7,-9583.04,-9742.6,-9816.24,-9946.04,-9990.56,-10113.68,12155.05,87.32929083456138,
17691.0,3022124.83,1113348.32,-9981.73,-9583.07,-9742.63,-9816.27,-9946.06,-9990.59,-10113.7,12155.05,88.37614037768861,
17692.0,3022124.98,1113347.33,-9981.76,-9583.1,-9742.65,-9816.29,-9946.09,-9990.61,-10113.73,12155.05,82.96558116005207,
17693.0,3022125.13,1113346.34,-9981.78,-9583.12,-9742.68,-9816.32,-9946.11,-9990.64,-10113.75,12155.05,80.00134403267073,
17694.0,3022125.27,1113345.35,-9981.81,-9583.15,-9742.71,-9816.35,-9946.14,-9990.66,-10113.78,12155.05,81.7644590526745,
17695.0,3022125.42,1113344.36,-9981.84,-9583.17,-9742.73,-9816.37,-9946.16,-9990.69,-10113.8,12155.05,79.5605652776698,
17696.0,3022125.56,1113343.37,-9981.86,-9583.2,-9742.76,-9816.4,-9946.19,-9990.72,-10113.83,12155.05,,
17697.0,3022125.71,1113342.38,-9981.89,-9583.23,-9742.78,-9816.42,-9946.22,-9990.74,-10113.86,12155.05,,
17698.0,3022125.85,1113341.39,-9981.91,-9583.25,-9742.81,-9816.45,-9946.24,-9990.77,-10113.88,12155.05,86.17224660268391,
17699.0,3022125.99,1113340.4,-9981.94,-9583.28,-9742.84,-9816.47,-9946.27,-9990.79,-10113.91,12155.04,79.8911493439205,
17700.0,3022126.13,1113339.41,-9981.96,-9583.3,-9742.86,-9816.5,-9946.29,-9990.82,-10113.93,12155.04,,
17701.0,3022126.27,1113338.42,-9981.98,-9583.33,-9742.89,-9816.53,-9946.32,-9990.85,-10113.96,12155.04,80.19969447242116,
17702.0,3022126.41,1113337.43,-9982.01,-9583.35,-9742.91,-9816.55,-9946.35,-9990.87,-10113.98,12155.04,83.9683528276792,
17703.0,3022126.55,1113336.44,-9982.03,-9583.38,-9742.94,-9816.58,-9946.37,-9990.9,-10114.01,12155.04,80.99309623142285,
17704.0,3022126.68,1113335.45,-9982.05,-9583.41,-9742.96,-9816.6,-9946.4,-9990.92,-10114.04,12155.03,79.22998121141909,
17705.0,3022126.82,1113334.46,-9982.08,-9583.43,-9742.99,-9816.63,-9946.42,-9990.95,-10114.06,12155.03,81.73140064604942,
17706.0,3022126.96,1113333.47,-9982.1,-9583.46,-9743.02,-9816.65,-9946.45,-9990.97,-10114.09,12155.03,82.19421833880041,
17707.0,3022127.09,1113332.48,-9982.12,-9583.48,-9743.04,-9816.68,-9946.47,-9991.0,-10114.11,12155.02,87.26317402131123,
17708.0,3022127.22,1113331.49,-9982.14,-9583.51,-9743.07,-9816.71,-9946.5,-9991.03,-10114.14,12155.02,83.86917760780399,
17709.0,3022127.35,1113330.5,-9982.17,-9583.53,-9743.09,-9816.73,-9946.53,-9991.05,-10114.16,12155.02,78.12803432391674,
17710.0,3022127.48,1113329.51,-9982.19,-9583.56,-9743.12,-9816.76,-9946.55,-9991.08,-10114.19,12155.01,81.7644590526745,
17711.0,3022127.61,1113328.52,-9982.21,-9583.59,-9743.14,-9816.78,-9946.58,-9991.1,-10114.22,12155.01,81.31266082879854,
17712.0,3022127.74,1113327.53,-9982.23,-9583.61,-9743.17,-9816.81,-9946.6,-9991.13,-10114.24,12155.01,81.79751745929957,
17713.0,3022127.87,1113326.53,-9982.25,-9583.64,-9743.2,-9816.83,-9946.63,-9991.15,-10114.27,12155.0,79.61566262204491,
17714.0,3022128.0,1113325.54,-9982.27,-9583.66,-9743.22,-9816.86,-9946.65,-9991.18,-10114.29,12154.990000000002,79.65974049754502,
17715.0,3022128.12,1113324.55,-9982.29,-9583.69,-9743.25,-9816.89,-9946.68,-9991.21,-10114.32,12154.990000000002,81.7644590526745,
17716.0,3022128.25,1113323.56,-9982.31,-9583.71,-9743.27,-9816.91,-9946.71,-9991.23,-10114.35,12154.98,,
17717.0,3022128.37,1113322.57,-9982.33,-9583.74,-9743.3,-9816.94,-9946.73,-9991.26,-10114.37,12154.98,79.22998121141909,
17718.0,3022128.5,1113321.57,-9982.35,-9583.77,-9743.32,-9816.96,-9946.76,-9991.28,-10114.4,12154.97,85.37884484368222,
17719.0,3022128.62,1113320.58,-9982.37,-9583.79,-9743.35,-9816.99,-9946.78,-9991.31,-10114.42,12154.96,87.41744658556156,
17720.0,3022128.74,1113319.59,-9982.39,-9583.82,-9743.38,-9817.02,-9946.81,-9991.34,-10114.45,12154.96,84.35403423830502,
17721.0,3022128.86,1113318.6,-9982.41,-9583.84,-9743.4,-9817.04,-9946.84,-9991.36,-10114.47,12154.95,82.43664665405093,
17722.0,3022128.98,1113317.6,-9982.43,-9583.87,-9743.43,-9817.07,-9946.86,-9991.39,-10114.5,12154.94,83.4504377905531,
17723.0,3022129.1,1113316.61,-9982.44,-9583.9,-9743.45,-9817.09,-9946.89,-9991.41,-10114.53,12154.93,82.96558116005207,
17724.0,3022129.21,1113315.62,-9982.46,-9583.92,-9743.48,-9817.12,-9946.91,-9991.44,-10114.55,12154.93,84.47524839593028,
17725.0,3022129.33,1113314.63,-9982.48,-9583.95,-9743.51,-9817.14,-9946.94,-9991.46,-10114.58,12154.92,83.9683528276792,
17726.0,3022129.45,1113313.63,-9982.5,-9583.97,-9743.53,-9817.17,-9946.96,-9991.49,-10114.6,12154.91,81.7644590526745,
17727.0,3022129.56,1113312.64,-9982.51,-9584.0,-9743.56,-9817.2,-9946.99,-9991.52,-10114.63,12154.9,,
17728.0,3022129.67,1113311.65,-9982.53,-9584.02,-9743.58,-9817.22,-9947.02,-9991.54,-10114.65,12154.89,80.88290154267263,
17729.0,3022129.79,1113310.65,-9982.55,-9584.05,-9743.61,-9817.25,-9947.04,-9991.57,-10114.68,12154.88,73.43374058315672,
17730.0,3022129.9,1113309.66,-9982.56,-9584.08,-9743.63,-9817.27,-9947.07,-9991.59,-10114.71,12154.87,79.60464315316987,
17731.0,3022130.01,1113308.66,-9982.58,-9584.1,-9743.66,-9817.3,-9947.09,-9991.62,-10114.73,12154.86,81.7644590526745,
17732.0,3022130.12,1113307.67,-9982.59,-9584.13,-9743.69,-9817.32,-9947.12,-9991.64,-10114.76,12154.85,83.18597053755252,
17733.0,3022130.23,1113306.68,-9982.61,-9584.15,-9743.71,-9817.35,-9947.14,-9991.67,-10114.78,12154.84,83.9683528276792,
17734.0,3022130.33,1113305.68,-9982.62,-9584.18,-9743.74,-9817.38,-9947.17,-9991.7,-10114.81,12154.83,79.5605652776698,
17735.0,3022130.44,1113304.69,-9982.64,-9584.2,-9743.76,-9817.4,-9947.2,-9991.72,-10114.84,12154.820000000002,80.57435641417196,
17736.0,3022130.55,1113303.69,-9982.65,-9584.23,-9743.79,-9817.43,-9947.22,-9991.75,-10114.86,12154.81,81.7644590526745,
17737.0,3022130.65,1113302.7,-9982.67,-9584.26,-9743.81,-9817.45,-9947.25,-9991.77,-10114.89,12154.8,83.9683528276792,
17738.0,3022130.75,1113301.71,-9982.68,-9584.28,-9743.84,-9817.48,-9947.27,-9991.8,-10114.91,12154.78,,
17739.0,3022130.86,1113300.71,-9982.7,-9584.31,-9743.87,-9817.51,-9947.3,-9991.82,-10114.94,12154.77,80.60741482079703,
17740.0,3022130.96,1113299.72,-9982.71,-9584.33,-9743.89,-9817.53,-9947.32,-9991.85,-10114.96,12154.76,77.3566715026651,
17741.0,3022131.06,1113298.72,-9982.72,-9584.36,-9743.92,-9817.56,-9947.35,-9991.88,-10114.99,12154.75,79.07570864716877,
17742.0,3022131.16,1113297.73,-9982.73,-9584.39,-9743.94,-9817.58,-9947.38,-9991.9,-10115.02,12154.740000000002,79.17488386704396,
17743.0,3022131.26,1113296.73,-9982.75,-9584.41,-9743.97,-9817.61,-9947.4,-9991.93,-10115.04,12154.72,77.3566715026651,
17744.0,3022131.36,1113295.74,-9982.76,-9584.44,-9744.0,-9817.63,-9947.43,-9991.95,-10115.07,12154.71,76.1445299264125,
17745.0,3022131.45,1113294.74,-9982.77,-9584.46,-9744.02,-9817.66,-9947.45,-9991.98,-10115.09,12154.69,71.84693706515334,
17746.0,3022131.55,1113293.75,-9982.78,-9584.49,-9744.05,-9817.69,-9947.48,-9992.01,-10115.12,12154.68,,
17747.0,3022131.64,1113292.75,-9982.79,-9584.51,-9744.07,-9817.71,-9947.51,-9992.03,-10115.14,12154.67,,
17748.0,3022131.74,1113291.75,-9982.81,-9584.54,-9744.1,-9817.74,-9947.53,-9992.06,-10115.17,12154.65,75.15277772766039,
17749.0,3022131.83,1113290.76,-9982.82,-9584.57,-9744.12,-9817.76,-9947.56,-9992.08,-10115.2,12154.64,,
17750.0,3022131.92,1113289.76,-9982.83,-9584.59,-9744.15,-9817.79,-9947.58,-9992.11,-10115.22,12154.62,76.17758833303756,
17751.0,3022132.01,1113288.77,-9982.84,-9584.62,-9744.18,-9817.81,-9947.61,-9992.13,-10115.25,12154.61,79.5605652776698,
17752.0,3022132.1,1113287.77,-9982.85,-9584.64,-9744.2,-9817.84,-9947.63,-9992.16,-10115.27,12154.59,,
17753.0,3022132.19,1113286.78,-9982.86,-9584.67,-9744.23,-9817.87,-9947.66,-9992.19,-10115.3,12154.58,67.43914951514392,
17754.0,3022132.28,1113285.78,-9982.87,-9584.69,-9744.25,-9817.89,-9947.69,-9992.21,-10115.32,12154.56,68.2656096807707,
17755.0,3022132.37,1113284.78,-9982.88,-9584.72,-9744.28,-9817.92,-9947.71,-9992.24,-10115.35,12154.54,69.64304329014863,
17756.0,3022132.45,1113283.79,-9982.89,-9584.75,-9744.3,-9817.94,-9947.74,-9992.26,-10115.38,12154.52,67.76973358139463,
17757.0,3022132.54,1113282.79,-9982.89,-9584.77,-9744.33,-9817.97,-9947.76,-9992.29,-10115.4,12154.51,63.94597788176147,
17758.0,3022132.62,1113281.79,-9982.9,-9584.8,-9744.36,-9817.99,-9947.79,-9992.31,-10115.43,12154.490000000002,63.03136196513452,
17759.0,3022132.7,1113280.8,-9982.91,-9584.82,-9744.38,-9818.02,-9947.81,-9992.34,-10115.45,12154.47,,
17760.0,3022132.79,1113279.8,-9982.92,-9584.85,-9744.41,-9818.05,-9947.84,-9992.37,-10115.48,12154.46,69.64304329014863,
17761.0,3022132.87,1113278.8,-9982.93,-9584.88,-9744.43,-9818.07,-9947.87,-9992.39,-10115.51,12154.44,,
17762.0,3022132.95,1113277.81,-9982.93,-9584.9,-9744.46,-9818.1,-9947.89,-9992.42,-10115.53,12154.42,75.04258303891014,
17763.0,3022133.03,1113276.81,-9982.94,-9584.93,-9744.49,-9818.12,-9947.92,-9992.44,-10115.56,12154.4,79.5605652776698,
17764.0,3022133.11,1113275.81,-9982.95,-9584.95,-9744.51,-9818.15,-9947.94,-9992.47,-10115.58,12154.38,75.15277772766039,
17765.0,3022133.18,1113274.82,-9982.95,-9584.98,-9744.54,-9818.18,-9947.97,-9992.5,-10115.61,12154.36,,
17766.0,3022133.26,1113273.82,-9982.96,-9585.0,-9744.56,-9818.2,-9948.0,-9992.52,-10115.63,12154.34,,
17767.0,3022133.33,1113272.82,-9982.97,-9585.03,-9744.59,-9818.23,-9948.02,-9992.55,-10115.66,12154.320000000002,73.86349986928263,
17768.0,3022133.41,1113271.83,-9982.97,-9585.06,-9744.61,-9818.25,-9948.05,-9992.57,-10115.69,12154.3,69.64304329014863,
17769.0,3022133.48,1113270.83,-9982.98,-9585.08,-9744.64,-9818.28,-9948.07,-9992.6,-10115.71,12154.28,71.32902202802723,
17770.0,3022133.55,1113269.83,-9982.98,-9585.11,-9744.67,-9818.3,-9948.1,-9992.62,-10115.74,12154.26,71.84693706515334,
17771.0,3022133.63,1113268.83,-9982.99,-9585.13,-9744.69,-9818.33,-9948.12,-9992.65,-10115.76,12154.240000000002,69.64304329014863,
17772.0,3022133.7,1113267.84,-9982.99,-9585.16,-9744.72,-9818.36,-9948.15,-9992.68,-10115.79,12154.22,70.44746451802534,
17773.0,3022133.77,1113266.84,-9983.0,-9585.18,-9744.74,-9818.38,-9948.18,-9992.7,-10115.81,12154.2,71.84693706515334,
17774.0,3022133.83,1113265.84,-9983.0,-9585.21,-9744.77,-9818.41,-9948.2,-9992.73,-10115.84,12154.18,,
17775.0,3022133.9,1113264.84,-9983.01,-9585.24,-9744.79,-9818.43,-9948.23,-9992.75,-10115.87,12154.16,71.40615831015239,
17776.0,3022133.97,1113263.85,-9983.01,-9585.26,-9744.82,-9818.46,-9948.25,-9992.78,-10115.89,12154.13,69.64304329014863,
17777.0,3022134.03,1113262.85,-9983.01,-9585.29,-9744.85,-9818.48,-9948.28,-9992.8,-10115.92,12154.11,71.05353530615164,
17778.0,3022134.1,1113261.85,-9983.02,-9585.31,-9744.87,-9818.51,-9948.3,-9992.83,-10115.94,12154.09,71.84693706515334,
17779.0,3022134.16,1113260.85,-9983.02,-9585.34,-9744.9,-9818.54,-9948.33,-9992.86,-10115.97,12154.070000000002,71.41717777902741,
17780.0,3022134.23,1113259.85,-9983.02,-9585.36,-9744.92,-9818.56,-9948.36,-9992.88,-10115.99,12154.04,69.64304329014863,
17781.0,3022134.29,1113258.86,-9983.02,-9585.39,-9744.95,-9818.59,-9948.38,-9992.91,-10116.02,12154.02,,
17782.0,3022134.36,1113257.86,-9983.03,-9585.42,-9744.97,-9818.61,-9948.41,-9992.93,-10116.05,12154.0,69.21328400402271,
17783.0,3022134.42,1113256.86,-9983.03,-9585.44,-9745.0,-9818.64,-9948.43,-9992.96,-10116.07,12153.98,67.43914951514392,
17784.0,3022134.49,1113255.86,-9983.03,-9585.47,-9745.03,-9818.66,-9948.46,-9992.98,-10116.1,12153.95,,
17785.0,3022134.55,1113254.86,-9983.04,-9585.49,-9745.05,-9818.69,-9948.48,-9993.01,-10116.12,12153.93,65.72011237064025,
17786.0,3022134.62,1113253.87,-9983.04,-9585.52,-9745.08,-9818.72,-9948.51,-9993.04,-10116.15,12153.91,65.23525574013922,
17787.0,3022134.68,1113252.87,-9983.04,-9585.54,-9745.1,-9818.74,-9948.54,-9993.06,-10116.18,12153.88,66.97633182239294,
17788.0,3022134.75,1113251.87,-9983.04,-9585.57,-9745.13,-9818.77,-9948.56,-9993.09,-10116.2,12153.86,67.43914951514392,
17789.0,3022134.81,1113250.87,-9983.05,-9585.6,-9745.15,-9818.79,-9948.59,-9993.11,-10116.23,12153.84,69.24634241064778,
17790.0,3022134.87,1113249.87,-9983.05,-9585.62,-9745.18,-9818.82,-9948.61,-9993.14,-10116.25,12153.820000000002,70.81110699090112,
17791.0,3022134.94,1113248.88,-9983.05,-9585.65,-9745.21,-9818.84,-9948.64,-9993.16,-10116.28,12153.79,75.15277772766039,
17792.0,3022135.0,1113247.88,-9983.05,-9585.67,-9745.23,-9818.87,-9948.66,-9993.19,-10116.3,12153.77,,
17793.0,3022135.07,1113246.88,-9983.06,-9585.7,-9745.26,-9818.9,-9948.69,-9993.22,-10116.33,12153.75,72.43096891552958,
17794.0,3022135.13,1113245.88,-9983.06,-9585.73,-9745.28,-9818.92,-9948.72,-9993.24,-10116.36,12153.72,71.84693706515334,
17795.0,3022135.19,1113244.88,-9983.06,-9585.75,-9745.31,-9818.95,-9948.74,-9993.27,-10116.38,12153.7,76.21064673966264,
17796.0,3022135.26,1113243.89,-9983.06,-9585.78,-9745.33,-9818.97,-9948.77,-9993.29,-10116.41,12153.68,76.53021133703832,
17797.0,3022135.32,1113242.89,-9983.07,-9585.8,-9745.36,-9819.0,-9948.79,-9993.32,-10116.43,12153.65,75.15277772766039,
17798.0,3022135.38,1113241.89,-9983.07,-9585.83,-9745.39,-9819.03,-9948.82,-9993.34,-10116.46,12153.63,,
17799.0,3022135.45,1113240.89,-9983.07,-9585.85,-9745.41,-9819.05,-9948.84,-9993.37,-10116.48,12153.61,,
17800.0,3022135.51,1113239.89,-9983.07,-9585.88,-9745.44,-9819.08,-9948.87,-9993.4,-10116.51,12153.58,77.3566715026651,
17801.0,3022135.57,1113238.9,-9983.08,-9585.91,-9745.46,-9819.1,-9948.9,-9993.42,-10116.54,12153.56,76.50817239928827,
17802.0,3022135.64,1113237.9,-9983.08,-9585.93,-9745.49,-9819.13,-9948.92,-9993.45,-10116.56,12153.53,75.15277772766039,
17803.0,3022135.7,1113236.9,-9983.08,-9585.96,-9745.52,-9819.15,-9948.95,-9993.47,-10116.59,12153.51,69.64304329014863,
17804.0,3022135.76,1113235.9,-9983.08,-9585.98,-9745.54,-9819.18,-9948.97,-9993.5,-10116.61,12153.490000000002,73.89655827590771,
17805.0,3022135.83,1113234.9,-9983.08,-9586.01,-9745.57,-9819.21,-9949.0,-9993.53,-10116.64,12153.46,73.94063615140779,
17806.0,3022135.89,1113233.91,-9983.09,-9586.03,-9745.59,-9819.23,-9949.03,-9993.55,-10116.66,12153.44,69.64304329014863,
17807.0,3022135.95,1113232.91,-9983.09,-9586.06,-9745.62,-9819.26,-9949.05,-9993.58,-10116.69,12153.42,,
17808.0,3022136.02,1113231.91,-9983.09,-9586.09,-9745.64,-9819.28,-9949.08,-9993.6,-10116.72,12153.39,,
17809.0,3022136.08,1113230.91,-9983.09,-9586.11,-9745.67,-9819.31,-9949.1,-9993.63,-10116.74,12153.37,79.5605652776698,
17810.0,3022136.14,1113229.91,-9983.09,-9586.14,-9745.7,-9819.33,-9949.13,-9993.65,-10116.77,12153.34,74.20510340440836,
17811.0,3022136.2,1113228.92,-9983.1,-9586.16,-9745.72,-9819.36,-9949.15,-9993.68,-10116.79,12153.320000000002,69.64304329014863,
17812.0,3022136.27,1113227.92,-9983.1,-9586.19,-9745.75,-9819.39,-9949.18,-9993.71,-10116.82,12153.3,70.64581495777577,
17813.0,3022136.33,1113226.92,-9983.1,-9586.21,-9745.77,-9819.41,-9949.21,-9993.73,-10116.84,12153.27,71.84693706515334,
17814.0,3022136.39,1113225.92,-9983.1,-9586.24,-9745.8,-9819.44,-9949.23,-9993.76,-10116.87,12153.25,,
17815.0,3022136.45,1113224.92,-9983.1,-9586.27,-9745.82,-9819.46,-9949.26,-9993.78,-10116.9,12153.22,70.07280257627455,
17816.0,3022136.52,1113223.93,-9983.1,-9586.29,-9745.85,-9819.49,-9949.28,-9993.81,-10116.92,12153.2,70.4805229246504,
17817.0,3022136.58,1113222.93,-9983.11,-9586.32,-9745.88,-9819.51,-9949.31,-9993.83,-10116.95,12153.18,71.84693706515334,
17818.0,3022136.64,1113221.93,-9983.11,-9586.34,-9745.9,-9819.54,-9949.33,-9993.86,-10116.97,12153.15,71.08659371277672,
17819.0,3022136.7,1113220.93,-9983.11,-9586.37,-9745.93,-9819.57,-9949.36,-9993.89,-10117.0,12153.13,69.64304329014863,
17820.0,3022136.77,1113219.93,-9983.11,-9586.39,-9745.95,-9819.59,-9949.39,-9993.91,-10117.02,12153.1,71.84693706515334,
17821.0,3022136.83,1113218.94,-9983.11,-9586.42,-9745.98,-9819.62,-9949.41,-9993.94,-10117.05,12153.08,73.68718836728226,
17822.0,3022136.89,1113217.94,-9983.11,-9586.45,-9746.0,-9819.64,-9949.44,-9993.96,-10117.08,12153.05,73.07009811028094,
17823.0,3022136.95,1113216.94,-9983.11,-9586.47,-9746.03,-9819.67,-9949.46,-9993.99,-10117.1,12153.03,69.64304329014863,
17824.0,3022137.01,1113215.94,-9983.12,-9586.5,-9746.06,-9819.69,-9949.49,-9994.01,-10117.13,12153.01,69.13614772189754,
17825.0,3022137.07,1113214.94,-9983.12,-9586.52,-9746.08,-9819.72,-9949.51,-9994.04,-10117.15,12152.98,67.43914951514392,
17826.0,3022137.14,1113213.95,-9983.12,-9586.55,-9746.11,-9819.75,-9949.54,-9994.07,-10117.18,12152.96,,
17827.0,3022137.2,1113212.95,-9983.12,-9586.57,-9746.13,-9819.77,-9949.57,-9994.09,-10117.21,12152.93,66.48045572301687,
17828.0,3022137.26,1113211.95,-9983.12,-9586.6,-9746.16,-9819.8,-9949.59,-9994.12,-10117.23,12152.91,65.23525574013922,
17829.0,3022137.32,1113210.95,-9983.12,-9586.63,-9746.18,-9819.82,-9949.62,-9994.14,-10117.26,12152.88,66.29312475214148,
17830.0,3022137.38,1113209.95,-9983.12,-9586.65,-9746.21,-9819.85,-9949.64,-9994.17,-10117.28,12152.86,71.34004149690224,
17831.0,3022137.44,1113208.96,-9983.12,-9586.68,-9746.24,-9819.87,-9949.67,-9994.19,-10117.31,12152.83,69.64304329014863,
17832.0,3022137.5,1113207.96,-9983.12,-9586.7,-9746.26,-9819.9,-9949.69,-9994.22,-10117.33,12152.81,,
17833.0,3022137.56,1113206.96,-9983.12,-9586.73,-9746.29,-9819.93,-9949.72,-9994.25,-10117.36,12152.78,67.6154610171443,
17834.0,3022137.63,1113205.96,-9983.13,-9586.76,-9746.31,-9819.95,-9949.75,-9994.27,-10117.39,12152.76,65.23525574013922,
17835.0,3022137.69,1113204.96,-9983.13,-9586.78,-9746.34,-9819.98,-9949.77,-9994.3,-10117.41,12152.73,66.061715905766,
17836.0,3022137.75,1113203.96,-9983.13,-9586.81,-9746.36,-9820.0,-9949.8,-9994.32,-10117.44,12152.71,67.43914951514392,
17837.0,3022137.81,1113202.97,-9983.13,-9586.83,-9746.39,-9820.03,-9949.82,-9994.35,-10117.46,12152.68,66.93225394689284,
17838.0,3022137.87,1113201.97,-9983.13,-9586.86,-9746.42,-9820.06,-9949.85,-9994.37,-10117.49,12152.66,65.23525574013922,
17839.0,3022137.93,1113200.97,-9983.13,-9586.88,-9746.44,-9820.08,-9949.87,-9994.4,-10117.51,12152.63,67.43914951514392,
17840.0,3022137.99,1113199.97,-9983.13,-9586.91,-9746.47,-9820.11,-9949.9,-9994.43,-10117.54,12152.61,,
17841.0,3022138.05,1113198.97,-9983.13,-9586.94,-9746.49,-9820.13,-9949.93,-9994.45,-10117.57,12152.58,,
17842.0,3022138.11,1113197.98,-9983.13,-9586.96,-9746.52,-9820.16,-9949.95,-9994.48,-10117.59,12152.56,61.543733667006336,
17843.0,3022138.17,1113196.98,-9983.13,-9586.99,-9746.55,-9820.18,-9949.98,-9994.5,-10117.62,12152.53,57.14696558587196,
17844.0,3022138.23,1113195.98,-9983.13,-9587.01,-9746.57,-9820.21,-9950.0,-9994.53,-10117.64,12152.51,67.43914951514392,
17845.0,3022138.29,1113194.98,-9983.13,-9587.04,-9746.6,-9820.24,-9950.03,-9994.56,-10117.67,12152.48,,
17846.0,3022138.35,1113193.98,-9983.13,-9587.06,-9746.62,-9820.26,-9950.06,-9994.58,-10117.69,12152.46,71.05353530615164,
17847.0,3022138.41,1113192.98,-9983.13,-9587.09,-9746.65,-9820.29,-9950.08,-9994.61,-10117.72,12152.43,77.3566715026651,
17848.0,3022138.47,1113191.99,-9983.13,-9587.12,-9746.67,-9820.31,-9950.11,-9994.63,-10117.75,12152.41,77.98478122854142,
17849.0,3022138.53,1113190.99,-9983.13,-9587.14,-9746.7,-9820.34,-9950.13,-9994.66,-10117.77,12152.38,81.7644590526745,
17850.0,3022138.59,1113189.99,-9983.13,-9587.17,-9746.73,-9820.36,-9950.16,-9994.68,-10117.8,12152.35,80.38702544329657,
17851.0,3022138.65,1113188.99,-9983.13,-9587.19,-9746.75,-9820.39,-9950.18,-9994.71,-10117.82,12152.33,78.13905379279176,
17852.0,3022138.71,1113187.99,-9983.13,-9587.22,-9746.78,-9820.41,-9950.21,-9994.73,-10117.85,12152.3,71.84693706515334,
17853.0,3022138.77,1113187.0,-9983.13,-9587.24,-9746.8,-9820.44,-9950.23,-9994.76,-10117.87,12152.28,76.55225027478838,
17854.0,3022138.83,1113186.0,-9983.13,-9587.27,-9746.83,-9820.46,-9950.26,-9994.78,-10117.9,12152.25,79.5605652776698,
17855.0,3022138.89,1113185.0,-9983.13,-9587.29,-9746.85,-9820.49,-9950.28,-9994.81,-10117.92,12152.23,76.93793168541418,
17856.0,3022138.95,1113184.0,-9983.13,-9587.32,-9746.88,-9820.51,-9950.31,-9994.83,-10117.95,12152.2,73.20233173678122,
17857.0,3022139.01,1113183.0,-9983.13,-9587.34,-9746.9,-9820.54,-9950.33,-9994.86,-10117.97,12152.18,79.5605652776698,
17858.0,3022139.07,1113182.0,-9983.13,-9587.37,-9746.93,-9820.56,-9950.36,-9994.88,-10118.0,12152.15,81.37877764204866,
17859.0,3022139.13,1113181.01,-9983.13,-9587.39,-9746.95,-9820.59,-9950.38,-9994.91,-10118.02,12152.13,81.7644590526745,
17860.0,3022139.19,1113180.01,-9983.13,-9587.42,-9746.98,-9820.61,-9950.41,-9994.93,-10118.05,12152.1,,
17861.0,3022139.25,1113179.01,-9983.13,-9587.44,-9747.0,-9820.64,-9950.43,-9994.96,-10118.07,12152.08,,
17862.0,3022139.31,1113178.01,-9983.13,-9587.46,-9747.02,-9820.66,-9950.45,-9994.98,-10118.09,12152.06,83.93529442105414,
17863.0,3022139.36,1113177.01,-9983.13,-9587.48,-9747.04,-9820.68,-9950.47,-9995.0,-10118.11,12152.04,86.17224660268391,
17864.0,3022139.42,1113176.01,-9983.13,-9587.5,-9747.06,-9820.7,-9950.49,-9995.02,-10118.13,12152.02,,
17865.0,3022139.48,1113175.02,-9983.13,-9587.52,-9747.08,-9820.72,-9950.51,-9995.04,-10118.15,12152.0,82.4256271851759,
17866.0,3022139.54,1113174.02,-9983.13,-9587.54,-9747.1,-9820.74,-9950.53,-9995.06,-10118.17,12151.98,,
17867.0,3022139.6,1113173.02,-9983.13,-9587.56,-9747.12,-9820.76,-9950.55,-9995.08,-10118.19,12151.96,,
17868.0,3022139.66,1113172.02,-9983.13,-9587.58,-9747.14,-9820.78,-9950.57,-9995.1,-10118.21,12151.94,,
17869.0,3022139.72,1113171.02,-9983.13,-9587.6,-9747.16,-9820.8,-9950.59,-9995.12,-10118.23,12151.92,79.50546793329468,
17870.0,3022139.77,1113170.03,-9983.13,-9587.62,-9747.18,-9820.82,-9950.61,-9995.14,-10118.25,12151.9,77.3566715026651,
17871.0,3022139.83,1113169.03,-9983.13,-9587.64,-9747.2,-9820.84,-9950.63,-9995.16,-10118.27,12151.87,,
17872.0,3022139.89,1113168.03,-9983.13,-9587.66,-9747.22,-9820.86,-9950.65,-9995.18,-10118.29,12151.86,78.30434582591711,
17873.0,3022139.95,1113167.03,-9983.13,-9587.68,-9747.24,-9820.88,-9950.67,-9995.2,-10118.31,12151.84,83.9683528276792,
17874.0,3022140.01,1113166.03,-9983.13,-9587.7,-9747.26,-9820.9,-9950.69,-9995.22,-10118.33,12151.820000000002,83.64878823030351,
17875.0,3022140.07,1113165.03,-9983.13,-9587.72,-9747.28,-9820.92,-9950.71,-9995.24,-10118.35,12151.8,81.30164135992351,
17876.0,3022140.13,1113164.04,-9983.13,-9587.74,-9747.3,-9820.94,-9950.73,-9995.26,-10118.37,12151.78,79.5605652776698,
17877.0,3022140.19,1113163.04,-9983.13,-9587.76,-9747.32,-9820.96,-9950.75,-9995.28,-10118.39,12151.76,79.9352272194206,
17878.0,3022140.25,1113162.04,-9983.13,-9587.78,-9747.34,-9820.98,-9950.77,-9995.3,-10118.41,12151.740000000002,81.7644590526745,
17879.0,3022140.31,1113161.04,-9983.13,-9587.8,-9747.36,-9821.0,-9950.79,-9995.32,-10118.43,12151.72,85.53311740793255,
17880.0,3022140.37,1113160.04,-9983.13,-9587.82,-9747.38,-9821.02,-9950.81,-9995.34,-10118.45,12151.7,86.17224660268391,
17881.0,3022140.43,1113159.04,-9983.14,-9587.84,-9747.4,-9821.04,-9950.83,-9995.36,-10118.47,12151.68,83.97937229655423,
17882.0,3022140.49,1113158.05,-9983.14,-9587.86,-9747.42,-9821.06,-9950.85,-9995.38,-10118.49,12151.67,75.15277772766039,
17883.0,3022140.55,1113157.05,-9983.14,-9587.88,-9747.44,-9821.08,-9950.87,-9995.4,-10118.51,12151.65,,
17884.0,3022140.61,1113156.05,-9983.15,-9587.9,-9747.46,-9821.1,-9950.89,-9995.42,-10118.53,12151.64,79.48342899554463,
17885.0,3022140.67,1113155.05,-9983.15,-9587.92,-9747.48,-9821.12,-9950.91,-9995.44,-10118.55,12151.62,,
17886.0,3022140.74,1113154.05,-9983.15,-9587.94,-9747.5,-9821.14,-9950.93,-9995.46,-10118.57,12151.6,88.37614037768861,
17887.0,3022140.8,1113153.06,-9983.16,-9587.96,-9747.52,-9821.16,-9950.95,-9995.48,-10118.59,12151.59,,
17888.0,3022140.86,1113152.06,-9983.16,-9587.98,-9747.54,-9821.18,-9950.97,-9995.5,-10118.61,12151.570000000002,75.15277772766039,
17889.0,3022140.92,1113151.06,-9983.17,-9588.0,-9747.56,-9821.2,-9950.99,-9995.52,-10118.63,12151.56,77.01506796753937,
17890.0,3022140.99,1113150.06,-9983.17,-9588.02,-9747.58,-9821.22,-9951.01,-9995.54,-10118.65,12151.54,85.43394218805733,
17891.0,3022141.05,1113149.06,-9983.18,-9588.04,-9747.6,-9821.24,-9951.03,-9995.56,-10118.67,12151.53,90.58003415269332,
17892.0,3022141.12,1113148.07,-9983.19,-9588.06,-9747.62,-9821.26,-9951.05,-9995.58,-10118.69,12151.51,90.76736512356872,
17893.0,3022141.18,1113147.07,-9983.19,-9588.08,-9747.64,-9821.28,-9951.07,-9995.6,-10118.71,12151.5,92.66271377007276,
17894.0,3022141.24,1113146.07,-9983.2,-9588.1,-9747.66,-9821.3,-9951.09,-9995.62,-10118.73,12151.490000000002,94.86660754507746,
17895.0,3022141.31,1113145.07,-9983.21,-9588.12,-9747.68,-9821.32,-9951.11,-9995.64,-10118.75,12151.48,85.80860412980813,
17896.0,3022141.37,1113144.07,-9983.21,-9588.14,-9747.7,-9821.34,-9951.13,-9995.66,-10118.77,12151.47,82.4256271851759,
17897.0,3022141.44,1113143.08,-9983.22,-9588.16,-9747.72,-9821.36,-9951.15,-9995.68,-10118.79,12151.45,81.46693339304885,
17898.0,3022141.51,1113142.08,-9983.23,-9588.18,-9747.74,-9821.38,-9951.17,-9995.7,-10118.81,12151.44,83.9683528276792,
17899.0,3022141.57,1113141.08,-9983.24,-9588.2,-9747.76,-9821.4,-9951.19,-9995.72,-10118.83,12151.43,86.11714925830879,
17900.0,3022141.64,1113140.08,-9983.25,-9588.22,-9747.78,-9821.42,-9951.21,-9995.74,-10118.85,12151.42,86.61302535768485,
17901.0,3022141.7,1113139.09,-9983.26,-9588.24,-9747.8,-9821.44,-9951.23,-9995.76,-10118.87,12151.4,79.5605652776698,
17902.0,3022141.77,1113138.09,-9983.27,-9588.26,-9747.82,-9821.46,-9951.25,-9995.78,-10118.89,12151.4,81.13634932679815,
17903.0,3022141.84,1113137.09,-9983.28,-9588.28,-9747.84,-9821.48,-9951.27,-9995.8,-10118.91,12151.39,90.58003415269332,
17904.0,3022141.91,1113136.09,-9983.29,-9588.3,-9747.86,-9821.5,-9951.29,-9995.82,-10118.93,12151.38,,
17905.0,3022141.97,1113135.09,-9983.3,-9588.32,-9747.88,-9821.52,-9951.31,-9995.84,-10118.95,12151.37,,
17906.0,3022142.04,1113134.1,-9983.31,-9588.34,-9747.9,-9821.54,-9951.33,-9995.86,-10118.97,12151.36,88.37614037768861,
17907.0,3022142.11,1113133.1,-9983.32,-9588.36,-9747.92,-9821.56,-9951.35,-9995.88,-10118.99,12151.35,90.58003415269332,
17908.0,3022142.18,1113132.1,-9983.34,-9588.38,-9747.94,-9821.58,-9951.37,-9995.9,-10119.01,12151.35,90.1502748665674,
17909.0,3022142.25,1113131.1,-9983.35,-9588.4,-9747.96,-9821.6,-9951.39,-9995.92,-10119.03,12151.34,88.37614037768861,
17910.0,3022142.32,1113130.11,-9983.36,-9588.42,-9747.98,-9821.62,-9951.41,-9995.94,-10119.05,12151.33,89.38993151419078,
17911.0,3022142.39,1113129.11,-9983.37,-9588.44,-9748.0,-9821.64,-9951.43,-9995.96,-10119.07,12151.320000000002,90.58003415269332,
17912.0,3022142.46,1113128.11,-9983.39,-9588.46,-9748.02,-9821.66,-9951.45,-9995.98,-10119.09,12151.31,,
17913.0,3022142.53,1113127.11,-9983.4,-9588.48,-9748.04,-9821.68,-9951.47,-9996.0,-10119.11,12151.31,,
17914.0,3022142.6,1113126.12,-9983.41,-9588.5,-9748.06,-9821.7,-9951.49,-9996.02,-10119.13,12151.31,,
17915.0,3022142.67,1113125.12,-9983.43,-9588.52,-9748.08,-9821.72,-9951.51,-9996.04,-10119.15,12151.3,87.79210852731237,
17916.0,3022142.74,1113124.12,-9983.44,-9588.54,-9748.1,-9821.74,-9951.53,-9996.06,-10119.17,12151.3,86.17224660268391,
17917.0,3022142.81,1113123.13,-9983.46,-9588.56,-9748.12,-9821.76,-9951.55,-9996.08,-10119.19,12151.29,,
17918.0,3022142.88,1113122.13,-9983.48,-9588.58,-9748.14,-9821.78,-9951.57,-9996.1,-10119.21,12151.29,84.49728733368033,
17919.0,3022142.95,1113121.13,-9983.49,-9588.6,-9748.16,-9821.8,-9951.59,-9996.12,-10119.23,12151.28,83.4504377905531,
17920.0,3022143.03,1113120.13,-9983.51,-9588.62,-9748.18,-9821.82,-9951.61,-9996.14,-10119.25,12151.28,90.58003415269332,
17921.0,3022143.1,1113119.14,-9983.52,-9588.64,-9748.2,-9821.84,-9951.63,-9996.16,-10119.27,12151.27,87.08686251931086,
17922.0,3022143.17,1113118.14,-9983.54,-9588.66,-9748.22,-9821.86,-9951.65,-9996.18,-10119.29,12151.27,85.67637050330785,
17923.0,3022143.24,1113117.14,-9983.56,-9588.68,-9748.24,-9821.88,-9951.67,-9996.2,-10119.31,12151.27,83.9683528276792,
17924.0,3022143.32,1113116.14,-9983.58,-9588.7,-9748.26,-9821.9,-9951.69,-9996.22,-10119.33,12151.27,,
17925.0,3022143.39,1113115.15,-9983.59,-9588.72,-9748.28,-9821.92,-9951.71,-9996.24,-10119.35,12151.27,83.52757407267826,
17926.0,3022143.46,1113114.15,-9983.61,-9588.74,-9748.3,-9821.94,-9951.73,-9996.26,-10119.37,12151.26,81.7644590526745,
17927.0,3022143.54,1113113.15,-9983.63,-9588.76,-9748.32,-9821.96,-9951.75,-9996.28,-10119.39,12151.26,89.22463948106541,
17928.0,3022143.61,1113112.16,-9983.65,-9588.78,-9748.34,-9821.98,-9951.77,-9996.3,-10119.41,12151.26,83.9683528276792,
17929.0,3022143.69,1113111.16,-9983.67,-9588.8,-9748.36,-9822.0,-9951.79,-9996.32,-10119.43,12151.26,,
17930.0,3022143.76,1113110.16,-9983.69,-9588.82,-9748.38,-9822.02,-9951.81,-9996.34,-10119.45,12151.26,,
17931.0,3022143.84,1113109.17,-9983.71,-9588.84,-9748.4,-9822.04,-9951.83,-9996.36,-10119.47,12151.26,82.33747143417571,
17932.0,3022143.91,1113108.17,-9983.73,-9588.86,-9748.42,-9822.06,-9951.85,-9996.38,-10119.49,12151.26,75.15277772766039,
17933.0,3022143.99,1113107.17,-9983.75,-9588.88,-9748.44,-9822.08,-9951.87,-9996.4,-10119.51,12151.26,79.5605652776698,
17934.0,3022144.07,1113106.17,-9983.77,-9588.9,-9748.46,-9822.1,-9951.89,-9996.42,-10119.53,12151.26,,
17935.0,3022144.14,1113105.18,-9983.8,-9588.92,-9748.48,-9822.12,-9951.91,-9996.44,-10119.55,12151.27,77.3566715026651,
17936.0,3022144.22,1113104.18,-9983.82,-9588.94,-9748.5,-9822.14,-9951.93,-9996.46,-10119.57,12151.27,71.40615831015239,
17937.0,3022144.3,1113103.18,-9983.84,-9588.96,-9748.52,-9822.16,-9951.95,-9996.48,-10119.59,12151.27,70.12789992064967,
17938.0,3022144.37,1113102.19,-9983.86,-9588.98,-9748.54,-9822.18,-9951.97,-9996.5,-10119.61,12151.27,72.30975475790433,
17939.0,3022144.45,1113101.19,-9983.89,-9589.0,-9748.56,-9822.2,-9951.99,-9996.52,-10119.63,12151.28,75.15277772766039,
17940.0,3022144.53,1113100.19,-9983.91,-9589.02,-9748.58,-9822.22,-9952.01,-9996.54,-10119.65,12151.28,,
17941.0,3022144.61,1113099.2,-9983.93,-9589.04,-9748.6,-9822.24,-9952.03,-9996.56,-10119.67,12151.28,73.09213704803099,
17942.0,3022144.69,1113098.2,-9983.96,-9589.06,-9748.62,-9822.26,-9952.05,-9996.58,-10119.69,12151.29,71.84693706515334,
17943.0,3022144.77,1113097.2,-9983.98,-9589.08,-9748.64,-9822.28,-9952.07,-9996.6,-10119.71,12151.29,73.57699367853202,
17944.0,3022144.84,1113096.21,-9984.01,-9589.1,-9748.66,-9822.3,-9952.09,-9996.62,-10119.73,12151.3,78.43657945241739,
17945.0,3022144.92,1113095.21,-9984.03,-9589.12,-9748.68,-9822.32,-9952.11,-9996.64,-10119.75,12151.3,71.84693706515334,
17946.0,3022145.0,1113094.21,-9984.06,-9589.14,-9748.7,-9822.34,-9952.13,-9996.66,-10119.77,12151.31,77.88560600866622,
17947.0,3022145.08,1113093.22,-9984.08,-9589.16,-9748.72,-9822.36,-9952.15,-9996.68,-10119.79,12151.31,79.5605652776698,
17948.0,3022145.16,1113092.22,-9984.11,-9589.18,-9748.74,-9822.38,-9952.17,-9996.7,-10119.81,12151.320000000002,75.78088745353672,
17949.0,3022145.24,1113091.23,-9984.14,-9589.2,-9748.76,-9822.4,-9952.19,-9996.72,-10119.83,12151.33,77.3676909715401,
17950.0,3022145.33,1113090.23,-9984.16,-9589.22,-9748.78,-9822.42,-9952.21,-9996.74,-10119.85,12151.33,79.5605652776698,
17951.0,3022145.41,1113089.23,-9984.19,-9589.24,-9748.8,-9822.44,-9952.23,-9996.76,-10119.87,12151.34,75.15277772766039,
17952.0,3022145.49,1113088.24,-9984.22,-9589.26,-9748.82,-9822.46,-9952.25,-9996.78,-10119.89,12151.35,,
17953.0,3022145.57,1113087.24,-9984.25,-9589.28,-9748.84,-9822.48,-9952.27,-9996.8,-10119.91,12151.36,,
17954.0,3022145.65,1113086.24,-9984.28,-9589.3,-9748.86,-9822.5,-9952.29,-9996.82,-10119.93,12151.37,78.60187148554274,
17955.0,3022145.73,1113085.25,-9984.3,-9589.32,-9748.88,-9822.52,-9952.31,-9996.84,-10119.95,12151.38,,
17956.0,3022145.82,1113084.25,-9984.33,-9589.34,-9748.9,-9822.54,-9952.33,-9996.86,-10119.97,12151.39,75.15277772766039,
17957.0,3022145.9,1113083.26,-9984.36,-9589.36,-9748.92,-9822.56,-9952.35,-9996.88,-10119.99,12151.39,,
17958.0,3022145.98,1113082.26,-9984.39,-9589.38,-9748.94,-9822.58,-9952.37,-9996.9,-10120.01,12151.4,79.5605652776698,
17959.0,3022146.07,1113081.26,-9984.42,-9589.4,-9748.96,-9822.6,-9952.39,-9996.92,-10120.03,12151.41,,
17960.0,3022146.15,1113080.27,-9984.45,-9589.42,-9748.98,-9822.62,-9952.41,-9996.94,-10120.05,12151.42,,
17961.0,3022146.23,1113079.27,-9984.49,-9589.44,-9749.0,-9822.64,-9952.43,-9996.96,-10120.07,12151.43,71.65960609427793,
17962.0,3022146.32,1113078.28,-9984.52,-9589.5,-9749.05,-9822.69,-9952.49,-9997.01,-10120.13,12151.41,65.23525574013922,
17963.0,3022146.4,1113077.28,-9984.55,-9589.55,-9749.11,-9822.75,-9952.54,-9997.07,-10120.18,12151.39,,
17964.0,3022146.49,1113076.28,-9984.58,-9589.6,-9749.16,-9822.8,-9952.6,-9997.12,-10120.23,12151.37,67.0975459800182,
17965.0,3022146.57,1113075.29,-9984.61,-9589.66,-9749.22,-9822.86,-9952.65,-9997.18,-10120.29,12151.34,67.43914951514392,
17966.0,3022146.66,1113074.29,-9984.65,-9589.71,-9749.27,-9822.91,-9952.7,-9997.23,-10120.34,12151.320000000002,,
17967.0,3022146.75,1113073.3,-9984.68,-9589.77,-9749.33,-9822.96,-9952.76,-9997.28,-10120.4,12151.3,64.7503991096382,
17968.0,3022146.83,1113072.3,-9984.71,-9589.82,-9749.38,-9823.02,-9952.81,-9997.34,-10120.45,12151.28,63.97903628838655,
17969.0,3022146.92,1113071.3,-9984.74,-9589.88,-9749.43,-9823.07,-9952.87,-9997.39,-10120.51,12151.26,65.23525574013922,
17970.0,3022147.0,1113070.31,-9984.78,-9589.93,-9749.49,-9823.13,-9952.92,-9997.45,-10120.56,12151.240000000002,,
17971.0,3022147.09,1113069.31,-9984.81,-9589.99,-9749.54,-9823.18,-9952.98,-9997.5,-10120.62,12151.21,,
17972.0,3022147.18,1113068.32,-9984.84,-9590.04,-9749.6,-9823.24,-9953.03,-9997.56,-10120.67,12151.19,67.43914951514392,
17973.0,3022147.27,1113067.32,-9984.88,-9590.1,-9749.65,-9823.29,-9953.09,-9997.61,-10120.73,12151.17,65.76419024614034,
17974.0,3022147.35,1113066.33,-9984.91,-9590.15,-9749.71,-9823.35,-9953.14,-9997.67,-10120.78,12151.15,64.50797079438767,
17975.0,3022147.44,1113065.33,-9984.94,-9590.21,-9749.77,-9823.4,-9953.2,-9997.72,-10120.84,12151.12,63.03136196513452,
17976.0,3022147.53,1113064.34,-9984.97,-9590.26,-9749.82,-9823.46,-9953.25,-9997.78,-10120.89,12151.1,65.23525574013922,
17977.0,3022147.62,1113063.34,-9985.01,-9590.32,-9749.88,-9823.51,-9953.31,-9997.83,-10120.95,12151.08,66.1608911256412,
17978.0,3022147.71,1113062.34,-9985.04,-9590.37,-9749.93,-9823.57,-9953.36,-9997.89,-10121.0,12151.06,65.94050174814073,
17979.0,3022147.8,1113061.35,-9985.07,-9590.43,-9749.99,-9823.63,-9953.42,-9997.95,-10121.06,12151.03,65.42258671101463,
17980.0,3022147.89,1113060.35,-9985.11,-9590.48,-9750.04,-9823.68,-9953.48,-9998.0,-10121.11,12151.01,63.03136196513452,
17981.0,3022147.98,1113059.36,-9985.14,-9590.54,-9750.1,-9823.74,-9953.53,-9998.06,-10121.17,12150.990000000002,66.65676722501725,
17982.0,3022148.07,1113058.36,-9985.17,-9590.6,-9750.15,-9823.79,-9953.59,-9998.11,-10121.23,12150.96,67.43914951514392,
17983.0,3022148.16,1113057.37,-9985.2,-9590.65,-9750.21,-9823.85,-9953.64,-9998.17,-10121.28,12150.94,,
17984.0,3022148.25,1113056.37,-9985.24,-9590.71,-9750.26,-9823.9,-9953.7,-9998.22,-10121.34,12150.92,63.93495841288644,
17985.0,3022148.34,1113055.38,-9985.27,-9590.76,-9750.32,-9823.96,-9953.75,-9998.28,-10121.39,12150.9,63.03136196513452,
17986.0,3022148.43,1113054.38,-9985.3,-9590.82,-9750.38,-9824.01,-9953.81,-9998.33,-10121.45,12150.87,61.29028588288081,
17987.0,3022148.52,1113053.39,-9985.34,-9590.87,-9750.43,-9824.07,-9953.86,-9998.39,-10121.5,12150.85,60.82746819012981,
17988.0,3022148.61,1113052.39,-9985.37,-9590.93,-9750.49,-9824.12,-9953.92,-9998.44,-10121.56,12150.83,62.54650533463349,
17989.0,3022148.7,1113051.4,-9985.4,-9590.98,-9750.54,-9824.18,-9953.97,-9998.5,-10121.61,12150.81,,
17990.0,3022148.79,1113050.4,-9985.43,-9591.04,-9750.6,-9824.24,-9954.03,-9998.56,-10121.67,12150.78,66.49147519189191,
17991.0,3022148.89,1113049.4,-9985.47,-9591.09,-9750.65,-9824.29,-9954.09,-9998.61,-10121.72,12150.76,63.68151062876091,
17992.0,3022148.98,1113048.41,-9985.5,-9591.15,-9750.71,-9824.35,-9954.14,-9998.67,-10121.78,12150.740000000002,66.97633182239294,
17993.0,3022149.07,1113047.41,-9985.53,-9591.21,-9750.76,-9824.4,-9954.2,-9998.72,-10121.84,12150.71,65.23525574013922,
17994.0,3022149.16,1113046.42,-9985.56,-9591.26,-9750.82,-9824.46,-9954.25,-9998.78,-10121.89,12150.69,,
17995.0,3022149.26,1113045.42,-9985.6,-9591.32,-9750.87,-9824.51,-9954.31,-9998.83,-10121.95,12150.67,,
17996.0,3022149.35,1113044.43,-9985.63,-9591.37,-9750.93,-9824.57,-9954.36,-9998.89,-10122.0,12150.65,70.24911407827491,
17997.0,3022149.44,1113043.43,-9985.66,-9591.43,-9750.99,-9824.62,-9954.42,-9998.94,-10122.06,12150.62,67.43914951514392,
17998.0,3022149.54,1113042.44,-9985.69,-9591.48,-9751.04,-9824.68,-9954.47,-9999.0,-10122.11,12150.6,,
17999.0,3022149.63,1113041.44,-9985.73,-9591.54,-9751.1,-9824.73,-9954.53,-9999.05,-10122.17,12150.58,,
18000.0,3022149.73,1113040.45,-9985.76,-9591.59,-9751.15,-9824.79,-9954.58,-9999.11,-10122.22,12150.55,,
18001.0,3022149.82,1113039.45,-9985.79,-9591.65,-9751.21,-9824.85,-9954.64,-9999.17,-10122.28,12150.53,63.03136196513452,
18002.0,3022149.92,1113038.46,-9985.82,-9591.7,-9751.26,-9824.9,-9954.7,-9999.22,-10122.33,12150.51,60.11120271325328,
18003.0,3022150.01,1113037.46,-9985.86,-9591.76,-9751.32,-9824.96,-9954.75,-9999.28,-10122.39,12150.48,58.62357441512511,
18004.0,3022150.11,1113036.47,-9985.89,-9591.82,-9751.37,-9825.01,-9954.81,-9999.33,-10122.45,12150.46,60.82746819012981,
18005.0,3022150.2,1113035.47,-9985.92,-9591.87,-9751.43,-9825.07,-9954.86,-9999.39,-10122.5,12150.44,58.94313901250079,
18006.0,3022150.3,1113034.48,-9985.95,-9591.93,-9751.48,-9825.12,-9954.92,-9999.44,-10122.56,12150.42,63.03136196513452,
18007.0,3022150.4,1113033.49,-9985.99,-9591.98,-9751.54,-9825.18,-9954.97,-9999.5,-10122.61,12150.39,59.53819033175206,
18008.0,3022150.49,1113032.49,-9986.02,-9592.04,-9751.6,-9825.23,-9955.03,-9999.55,-10122.67,12150.37,58.932119543625774,
18009.0,3022150.59,1113031.5,-9986.05,-9592.09,-9751.65,-9825.29,-9955.08,-9999.61,-10122.72,12150.35,60.82746819012981,
18010.0,3022150.69,1113030.5,-9986.08,-9592.15,-9751.71,-9825.34,-9955.14,-9999.66,-10122.78,12150.320000000002,55.31773375261806,
18011.0,3022150.79,1113029.51,-9986.12,-9592.2,-9751.76,-9825.4,-9955.19,-9999.72,-10122.83,12150.3,53.45544351273909,
18012.0,3022150.88,1113028.51,-9986.15,-9592.26,-9751.82,-9825.46,-9955.25,-9999.78,-10122.89,12150.28,54.83287712211703,
18013.0,3022150.98,1113027.52,-9986.18,-9592.31,-9751.87,-9825.51,-9955.31,-9999.83,-10122.94,12150.25,55.79157091424406,
18014.0,3022151.08,1113026.52,-9986.21,-9592.37,-9751.93,-9825.57,-9955.36,-9999.89,-10123.0,12150.23,58.62357441512511,
18015.0,3022151.18,1113025.53,-9986.24,-9592.43,-9751.98,-9825.62,-9955.42,-9999.94,-10123.06,12150.21,63.03136196513452,
18016.0,3022151.28,1113024.53,-9986.28,-9592.48,-9752.04,-9825.68,-9955.47,-10000.0,-10123.11,12150.18,56.48579745337055,
18017.0,3022151.38,1113023.54,-9986.31,-9592.54,-9752.09,-9825.73,-9955.53,-10000.05,-10123.17,12150.16,,
18018.0,3022151.48,1113022.54,-9986.34,-9592.59,-9752.15,-9825.79,-9955.58,-10000.11,-10123.22,12150.14,,
18019.0,3022151.58,1113021.55,-9986.37,-9592.65,-9752.21,-9825.84,-9955.64,-10000.16,-10123.28,12150.11,52.78325591136265,
18020.0,3022151.68,1113020.55,-9986.41,-9592.7,-9752.26,-9825.9,-9955.69,-10000.22,-10123.33,12150.09,50.90994620260865,
18021.0,3022151.78,1113019.56,-9986.44,-9592.76,-9752.32,-9825.95,-9955.75,-10000.27,-10123.39,12150.070000000002,48.70605242760395,
18022.0,3022151.88,1113018.57,-9986.47,-9592.81,-9752.37,-9826.01,-9955.8,-10000.33,-10123.44,12150.04,,
18023.0,3022151.98,1113017.57,-9986.5,-9592.87,-9752.43,-9826.07,-9955.86,-10000.39,-10123.5,12150.02,49.49945418660564,
18024.0,3022152.08,1113016.58,-9986.53,-9592.92,-9752.48,-9826.12,-9955.92,-10000.44,-10123.55,12150.0,50.90994620260865,
18025.0,3022152.18,1113015.58,-9986.57,-9592.98,-9752.54,-9826.18,-9955.97,-10000.5,-10123.61,12149.97,50.59038160523296,
18026.0,3022152.28,1113014.59,-9986.6,-9593.04,-9752.59,-9826.23,-9956.03,-10000.55,-10123.67,12149.95,49.16887012035494,
18027.0,3022152.38,1113013.59,-9986.63,-9593.09,-9752.65,-9826.29,-9956.08,-10000.61,-10123.72,12149.93,50.16062231910705,
18028.0,3022152.48,1113012.6,-9986.66,-9593.15,-9752.7,-9826.34,-9956.14,-10000.66,-10123.78,12149.9,48.70605242760395,
18029.0,3022152.59,1113011.61,-9986.69,-9593.2,-9752.76,-9826.4,-9956.19,-10000.72,-10123.83,12149.88,49.135811713729865,
18030.0,3022152.69,1113010.61,-9986.73,-9593.26,-9752.82,-9826.45,-9956.25,-10000.77,-10123.89,12149.86,50.90994620260865,
18031.0,3022152.79,1113009.62,-9986.76,-9593.31,-9752.87,-9826.51,-9956.3,-10000.83,-10123.94,12149.83,56.86045939512134,
18032.0,3022152.89,1113008.62,-9986.79,-9593.37,-9752.93,-9826.56,-9956.36,-10000.88,-10124.0,12149.81,69.64304329014863,
18033.0,3022153.0,1113007.63,-9986.82,-9593.42,-9752.98,-9826.62,-9956.41,-10000.94,-10124.05,12149.79,,
18034.0,3022153.1,1113006.63,-9986.85,-9593.48,-9753.04,-9826.68,-9956.47,-10001.0,-10124.11,12149.76,,
18035.0,3022153.21,1113005.64,-9986.89,-9593.53,-9753.09,-9826.73,-9956.53,-10001.05,-10124.16,12149.740000000002,64.27656194801217,
18036.0,3022153.31,1113004.65,-9986.92,-9593.59,-9753.15,-9826.79,-9956.58,-10001.11,-10124.22,12149.72,58.62357441512511,
18037.0,3022153.41,1113003.65,-9986.95,-9593.65,-9753.2,-9826.84,-9956.64,-10001.16,-10124.28,12149.69,48.25425420372798,
18038.0,3022153.52,1113002.66,-9986.98,-9593.7,-9753.26,-9826.9,-9956.69,-10001.22,-10124.33,12149.67,46.50215865259924,
18039.0,3022153.62,1113001.66,-9987.01,-9593.76,-9753.31,-9826.95,-9956.75,-10001.27,-10124.39,12149.65,,
18040.0,3022153.73,1113000.67,-9987.05,-9593.81,-9753.37,-9827.01,-9956.8,-10001.33,-10124.44,12149.62,,
18041.0,3022153.83,1112999.68,-9987.08,-9593.87,-9753.43,-9827.06,-9956.86,-10001.38,-10124.5,12149.6,,
18042.0,3022153.94,1112998.68,-9987.11,-9593.92,-9753.48,-9827.12,-9956.91,-10001.44,-10124.55,12149.58,,
18043.0,3022154.05,1112997.69,-9987.14,-9593.98,-9753.54,-9827.17,-9956.97,-10001.49,-10124.61,12149.55,,
18044.0,3022154.15,1112996.7,-9987.17,-9594.03,-9753.59,-9827.23,-9957.02,-10001.55,-10124.66,12149.53,48.70605242760395,
18045.0,3022154.26,1112995.7,-9987.21,-9594.09,-9753.65,-9827.29,-9957.08,-10001.61,-10124.72,12149.5,48.23221526597793,
18046.0,3022154.37,1112994.71,-9987.24,-9594.14,-9753.7,-9827.34,-9957.14,-10001.66,-10124.77,12149.48,47.11924890960056,
18047.0,3022154.47,1112993.71,-9987.27,-9594.2,-9753.76,-9827.4,-9957.19,-10001.72,-10124.83,12149.46,50.90994620260865,
18048.0,3022154.58,1112992.72,-9987.3,-9594.26,-9753.81,-9827.45,-9957.25,-10001.77,-10124.89,12149.43,50.14960285023203,
18049.0,3022154.69,1112991.73,-9987.33,-9594.31,-9753.87,-9827.51,-9957.3,-10001.83,-10124.94,12149.41,48.70605242760395,
18050.0,3022154.8,1112990.73,-9987.36,-9594.37,-9753.92,-9827.56,-9957.36,-10001.88,-10125.0,12149.39,,
18051.0,3022154.9,1112989.74,-9987.4,-9594.42,-9753.98,-9827.62,-9957.41,-10001.94,-10125.05,12149.36,46.50215865259924,
18052.0,3022155.01,1112988.75,-9987.43,-9594.48,-9754.04,-9827.67,-9957.47,-10001.99,-10125.11,12149.34,,
18053.0,3022155.12,1112987.75,-9987.46,-9594.53,-9754.09,-9827.73,-9957.52,-10002.05,-10125.16,12149.320000000002,,
18054.0,3022155.23,1112986.76,-9987.49,-9594.59,-9754.15,-9827.78,-9957.58,-10002.1,-10125.22,12149.29,,
18055.0,3022155.34,1112985.77,-9987.52,-9594.64,-9754.2,-9827.84,-9957.63,-10002.16,-10125.27,12149.27,46.97599581422525,
18056.0,3022155.45,1112984.77,-9987.55,-9594.7,-9754.26,-9827.9,-9957.69,-10002.22,-10125.33,12149.240000000002,48.70605242760395,
18057.0,3022155.56,1112983.78,-9987.59,-9594.75,-9754.31,-9827.95,-9957.75,-10002.27,-10125.38,12149.22,44.29826487759454,
18058.0,3022155.67,1112982.78,-9987.62,-9594.81,-9754.37,-9828.01,-9957.8,-10002.33,-10125.44,12149.2,,
18059.0,3022155.78,1112981.79,-9987.65,-9594.87,-9754.42,-9828.06,-9957.86,-10002.38,-10125.5,12149.17,,
18060.0,3022155.89,1112980.8,-9987.68,-9594.92,-9754.48,-9828.12,-9957.91,-10002.44,-10125.55,12149.15,,
18061.0,3022156.0,1112979.8,-9987.71,-9594.98,-9754.53,-9828.17,-9957.97,-10002.49,-10125.61,12149.12,,
18062.0,3022156.11,1112978.81,-9987.74,-9595.01,-9754.57,-9828.21,-9958.01,-10002.53,-10125.64,12149.12,,
18063.0,3022156.22,1112977.82,-9987.78,-9595.05,-9754.61,-9828.25,-9958.04,-10002.57,-10125.68,12149.11,,
18064.0,3022156.33,1112976.82,-9987.81,-9595.09,-9754.65,-9828.29,-9958.08,-10002.61,-10125.72,12149.1,40.70591802433687,
18065.0,3022156.44,1112975.83,-9987.84,-9595.13,-9754.69,-9828.33,-9958.12,-10002.65,-10125.76,12149.1,36.58463666507808,
18066.0,3022156.55,1112974.84,-9987.87,-9595.17,-9754.73,-9828.37,-9958.16,-10002.69,-10125.8,12149.09,,
18067.0,3022156.65,1112973.84,-9987.9,-9595.21,-9754.77,-9828.4,-9958.2,-10002.72,-10125.84,12149.08,44.29826487759454,
18068.0,3022156.76,1112972.85,-9987.93,-9595.25,-9754.8,-9828.44,-9958.24,-10002.76,-10125.88,12149.070000000002,46.50215865259924,
18069.0,3022156.87,1112971.86,-9987.96,-9595.28,-9754.84,-9828.48,-9958.28,-10002.8,-10125.91,12149.070000000002,43.75831090271839,
18070.0,3022156.98,1112970.86,-9987.99,-9595.32,-9754.88,-9828.52,-9958.31,-10002.84,-10125.95,12149.06,43.36161002321753,
18071.0,3022157.08,1112969.87,-9988.03,-9595.36,-9754.92,-9828.56,-9958.35,-10002.88,-10125.99,12149.05,44.29826487759454,
18072.0,3022157.19,1112968.87,-9988.06,-9595.4,-9754.96,-9828.6,-9958.39,-10002.92,-10126.03,12149.04,,
18073.0,3022157.29,1112967.88,-9988.09,-9595.44,-9755.0,-9828.64,-9958.43,-10002.96,-10126.07,12149.04,,
18074.0,3022157.4,1112966.89,-9988.12,-9595.48,-9755.04,-9828.67,-9958.47,-10002.99,-10126.11,12149.03,42.9208312682166,
18075.0,3022157.5,1112965.89,-9988.15,-9595.52,-9755.07,-9828.71,-9958.51,-10003.03,-10126.15,12149.02,42.09437110258984,
18076.0,3022157.6,1112964.9,-9988.18,-9595.55,-9755.11,-9828.75,-9958.55,-10003.07,-10126.19,12149.01,42.72248082846617,
18077.0,3022157.7,1112963.9,-9988.21,-9595.59,-9755.15,-9828.79,-9958.58,-10003.11,-10126.22,12149.0,42.70044189071613,
18078.0,3022157.81,1112962.91,-9988.24,-9595.63,-9755.19,-9828.83,-9958.62,-10003.15,-10126.26,12149.0,46.77764537447483,
18079.0,3022157.91,1112961.91,-9988.27,-9595.67,-9755.23,-9828.87,-9958.66,-10003.19,-10126.3,12148.990000000002,44.68394628822036,
18080.0,3022158.01,1112960.92,-9988.3,-9595.71,-9755.27,-9828.91,-9958.7,-10003.23,-10126.34,12148.98,44.29826487759454,
18081.0,3022158.11,1112959.93,-9988.33,-9595.75,-9755.31,-9828.94,-9958.74,-10003.26,-10126.38,12148.97,46.12749671084844,
18082.0,3022158.21,1112958.93,-9988.36,-9595.79,-9755.34,-9828.98,-9958.78,-10003.3,-10126.42,12148.96,45.1247250432213,
18083.0,3022158.31,1112957.94,-9988.39,-9595.82,-9755.38,-9829.02,-9958.82,-10003.34,-10126.46,12148.96,45.64264008034741,
18084.0,3022158.41,1112956.94,-9988.42,-9595.86,-9755.42,-9829.06,-9958.85,-10003.38,-10126.49,12148.95,47.593086071226566,
18085.0,3022158.5,1112955.95,-9988.45,-9595.9,-9755.46,-9829.1,-9958.89,-10003.42,-10126.53,12148.94,43.438746305342704,
18086.0,3022158.6,1112954.95,-9988.48,-9595.94,-9755.5,-9829.14,-9958.93,-10003.46,-10126.57,12148.93,45.32307548297172,
18087.0,3022158.7,1112953.96,-9988.51,-9595.98,-9755.54,-9829.18,-9958.97,-10003.5,-10126.61,12148.92,46.23769139959868,
18088.0,3022158.8,1112952.96,-9988.54,-9596.02,-9755.58,-9829.22,-9959.01,-10003.53,-10126.65,12148.91,43.097142770216976,
18089.0,3022158.89,1112951.97,-9988.57,-9596.06,-9755.61,-9829.25,-9959.05,-10003.57,-10126.69,12148.91,43.8134082470935,
18090.0,3022158.99,1112950.97,-9988.6,-9596.1,-9755.65,-9829.29,-9959.09,-10003.61,-10126.73,12148.9,45.89608786447295,
18091.0,3022159.08,1112949.98,-9988.63,-9596.13,-9755.69,-9829.33,-9959.12,-10003.65,-10126.76,12148.89,42.41393569996551,
18092.0,3022159.18,1112948.98,-9988.66,-9596.17,-9755.73,-9829.37,-9959.16,-10003.69,-10126.8,12148.88,45.41123123397191,
18093.0,3022159.27,1112947.99,-9988.69,-9596.21,-9755.77,-9829.41,-9959.2,-10003.73,-10126.84,12148.87,44.29826487759454,
18094.0,3022159.36,1112946.99,-9988.72,-9596.25,-9755.81,-9829.45,-9959.24,-10003.77,-10126.88,12148.86,45.0806471677212,
18095.0,3022159.46,1112946.0,-9988.75,-9596.29,-9755.85,-9829.49,-9959.28,-10003.81,-10126.92,12148.85,44.28724540871952,
18096.0,3022159.55,1112945.0,-9988.78,-9596.33,-9755.89,-9829.52,-9959.32,-10003.84,-10126.96,12148.84,42.986948081466736,
18097.0,3022159.64,1112944.01,-9988.81,-9596.37,-9755.92,-9829.56,-9959.36,-10003.88,-10127.0,12148.83,,
18098.0,3022159.73,1112943.01,-9988.84,-9596.4,-9755.96,-9829.6,-9959.4,-10003.92,-10127.03,12148.820000000002,45.60958167372234,
18099.0,3022159.82,1112942.02,-9988.87,-9596.44,-9756.0,-9829.64,-9959.43,-10003.96,-10127.07,12148.820000000002,48.98153914947954,
18100.0,3022159.91,1112941.02,-9988.9,-9596.48,-9756.04,-9829.68,-9959.47,-10004.0,-10127.11,12148.81,46.50215865259924,
18101.0,3022160.0,1112940.02,-9988.93,-9596.52,-9756.08,-9829.72,-9959.51,-10004.04,-10127.15,12148.8,48.70605242760395,
18102.0,3022160.09,1112939.03,-9988.96,-9596.56,-9756.12,-9829.76,-9959.55,-10004.08,-10127.19,12148.79,46.50215865259924,
18103.0,3022160.18,1112938.03,-9988.99,-9596.6,-9756.16,-9829.79,-9959.59,-10004.11,-10127.23,12148.78,48.70605242760395,
18104.0,3022160.27,1112937.04,-9989.02,-9596.64,-9756.19,-9829.83,-9959.63,-10004.15,-10127.27,12148.77,46.50215865259924,
18105.0,3022160.36,1112936.04,-9989.05,-9596.67,-9756.23,-9829.87,-9959.67,-10004.19,-10127.3,12148.76,48.32037101697812,
18106.0,3022160.44,1112935.05,-9989.07,-9596.71,-9756.27,-9829.91,-9959.7,-10004.23,-10127.34,12148.75,48.70605242760395,
18107.0,3022160.53,1112934.05,-9989.1,-9596.75,-9756.31,-9829.95,-9959.74,-10004.27,-10127.38,12148.740000000002,46.9539568764752,
18108.0,3022160.61,1112933.05,-9989.13,-9596.79,-9756.35,-9829.99,-9959.78,-10004.31,-10127.42,12148.73,46.98701528310028,
18109.0,3022160.7,1112932.06,-9989.16,-9596.83,-9756.39,-9830.03,-9959.82,-10004.35,-10127.46,12148.72,48.70605242760395,
18110.0,3022160.78,1112931.06,-9989.19,-9596.87,-9756.43,-9830.06,-9959.86,-10004.38,-10127.5,12148.71,50.90994620260865,
18111.0,3022160.87,1112930.07,-9989.22,-9596.91,-9756.46,-9830.1,-9959.9,-10004.42,-10127.54,12148.7,49.5765904687308,
18112.0,3022160.95,1112929.07,-9989.25,-9596.94,-9756.5,-9830.14,-9959.94,-10004.46,-10127.57,12148.69,44.29826487759454,
18113.0,3022161.03,1112928.07,-9989.28,-9596.98,-9756.54,-9830.18,-9959.97,-10004.5,-10127.61,12148.68,,
18114.0,3022161.12,1112927.08,-9989.3,-9597.02,-9756.58,-9830.22,-9960.01,-10004.54,-10127.65,12148.67,46.07239936647333,
18115.0,3022161.2,1112926.08,-9989.33,-9597.06,-9756.62,-9830.26,-9960.05,-10004.58,-10127.69,12148.66,46.50215865259924,
18116.0,3022161.28,1112925.09,-9989.36,-9597.1,-9756.66,-9830.3,-9960.09,-10004.62,-10127.73,12148.65,,
18117.0,3022161.36,1112924.09,-9989.39,-9597.14,-9756.7,-9830.33,-9960.13,-10004.65,-10127.77,12148.64,49.940232941606574,
18118.0,3022161.44,1112923.09,-9989.42,-9597.18,-9756.73,-9830.37,-9960.17,-10004.69,-10127.81,12148.63,47.80245597985201,
18119.0,3022161.52,1112922.1,-9989.45,-9597.21,-9756.77,-9830.41,-9960.21,-10004.73,-10127.85,12148.62,42.09437110258984,
18120.0,3022161.6,1112921.1,-9989.47,-9597.25,-9756.81,-9830.45,-9960.24,-10004.77,-10127.88,12148.61,43.49384364971782,
18121.0,3022161.68,1112920.1,-9989.5,-9597.29,-9756.85,-9830.49,-9960.28,-10004.81,-10127.92,12148.6,48.70605242760395,
18122.0,3022161.76,1112919.11,-9989.53,-9597.33,-9756.89,-9830.53,-9960.32,-10004.85,-10127.96,12148.59,42.09437110258984,
18123.0,3022161.84,1112918.11,-9989.56,-9597.37,-9756.93,-9830.57,-9960.36,-10004.89,-10128.0,12148.58,45.24593920084656,
18124.0,3022161.91,1112917.11,-9989.59,-9597.41,-9756.97,-9830.61,-9960.4,-10004.92,-10128.04,12148.570000000002,50.90994620260865,
18125.0,3022161.99,1112916.12,-9989.61,-9597.45,-9757.0,-9830.64,-9960.44,-10004.96,-10128.08,12148.56,,
18126.0,3022162.06,1112915.12,-9989.64,-9597.49,-9757.04,-9830.68,-9960.48,-10005.0,-10128.12,12148.54,,
18127.0,3022162.14,1112914.12,-9989.67,-9597.52,-9757.08,-9830.72,-9960.51,-10005.04,-10128.15,12148.53,47.44983297585127,
18128.0,3022162.22,1112913.13,-9989.7,-9597.56,-9757.12,-9830.76,-9960.55,-10005.08,-10128.19,12148.52,44.9373940723459,
18129.0,3022162.29,1112912.13,-9989.73,-9597.6,-9757.16,-9830.8,-9960.59,-10005.12,-10128.23,12148.51,48.70605242760395,
18130.0,3022162.36,1112911.13,-9989.75,-9597.64,-9757.2,-9830.84,-9960.63,-10005.16,-10128.27,12148.5,50.08348603698189,
18131.0,3022162.44,1112910.14,-9989.78,-9597.68,-9757.24,-9830.88,-9960.67,-10005.2,-10128.31,12148.490000000002,50.53528426085785,
18132.0,3022162.51,1112909.14,-9989.81,-9597.72,-9757.28,-9830.91,-9960.71,-10005.23,-10128.35,12148.48,48.70605242760395,
18133.0,3022162.58,1112908.14,-9989.84,-9597.76,-9757.31,-9830.95,-9960.75,-10005.27,-10128.39,12148.47,,
18134.0,3022162.65,1112907.15,-9989.86,-9597.79,-9757.35,-9830.99,-9960.79,-10005.31,-10128.42,12148.46,,
18135.0,3022162.72,1112906.15,-9989.89,-9597.83,-9757.39,-9831.03,-9960.82,-10005.35,-10128.46,12148.44,,
18136.0,3022162.8,1112905.15,-9989.92,-9597.87,-9757.43,-9831.07,-9960.86,-10005.39,-10128.5,12148.43,47.13026837847558,
18137.0,3022162.87,1112904.15,-9989.94,-9597.91,-9757.47,-9831.11,-9960.9,-10005.43,-10128.54,12148.42,50.90994620260865,
18138.0,3022162.93,1112903.16,-9989.97,-9597.95,-9757.51,-9831.15,-9960.94,-10005.47,-10128.58,12148.41,45.29001707634665,
18139.0,3022163.0,1112902.16,-9990.0,-9597.99,-9757.55,-9831.18,-9960.98,-10005.5,-10128.62,12148.4,44.29826487759454,
18140.0,3022163.07,1112901.16,-9990.03,-9598.03,-9757.58,-9831.22,-9961.02,-10005.54,-10128.66,12148.39,47.03109315860037,
18141.0,3022163.14,1112900.16,-9990.05,-9598.06,-9757.62,-9831.26,-9961.06,-10005.58,-10128.69,12148.38,48.70605242760395,
18142.0,3022163.21,1112899.17,-9990.08,-9598.1,-9757.66,-9831.3,-9961.09,-10005.62,-10128.73,12148.36,46.50215865259924,
18143.0,3022163.27,1112898.17,-9990.11,-9598.14,-9757.7,-9831.34,-9961.13,-10005.66,-10128.77,12148.35,49.30110374685521,
18144.0,3022163.34,1112897.17,-9990.13,-9598.18,-9757.74,-9831.38,-9961.17,-10005.7,-10128.81,12148.34,50.90994620260865,
18145.0,3022163.41,1112896.18,-9990.16,-9598.22,-9757.78,-9831.42,-9961.21,-10005.74,-10128.85,12148.33,53.11383997761335,
18146.0,3022163.47,1112895.18,-9990.19,-9598.26,-9757.82,-9831.45,-9961.25,-10005.77,-10128.89,12148.320000000002,,
18147.0,3022163.54,1112894.18,-9990.21,-9598.3,-9757.85,-9831.49,-9961.29,-10005.81,-10128.93,12148.3,48.70605242760395,
18148.0,3022163.6,1112893.18,-9990.24,-9598.33,-9757.89,-9831.53,-9961.33,-10005.85,-10128.97,12148.29,,
18149.0,3022163.66,1112892.18,-9990.27,-9598.37,-9757.93,-9831.57,-9961.36,-10005.89,-10129.0,12148.28,,
18150.0,3022163.73,1112891.19,-9990.29,-9598.41,-9757.97,-9831.61,-9961.4,-10005.93,-10129.04,12148.27,53.11383997761335,
18151.0,3022163.79,1112890.19,-9990.32,-9598.45,-9758.01,-9831.65,-9961.44,-10005.97,-10129.08,12148.26,50.34795328998245,
18152.0,3022163.85,1112889.19,-9990.34,-9598.49,-9758.05,-9831.69,-9961.48,-10006.01,-10129.12,12148.240000000002,48.70605242760395,
18153.0,3022163.91,1112888.19,-9990.37,-9598.53,-9758.09,-9831.72,-9961.52,-10006.04,-10129.16,12148.23,50.612420542983,
18154.0,3022163.97,1112887.2,-9990.4,-9598.57,-9758.12,-9831.76,-9961.56,-10006.08,-10129.2,12148.22,53.11383997761335,
18155.0,3022164.03,1112886.2,-9990.42,-9598.61,-9758.16,-9831.8,-9961.6,-10006.12,-10129.24,12148.21,,
18156.0,3022164.09,1112885.2,-9990.45,-9598.64,-9758.2,-9831.84,-9961.63,-10006.16,-10129.27,12148.19,,
18157.0,3022164.15,1112884.2,-9990.47,-9598.68,-9758.24,-9831.88,-9961.67,-10006.2,-10129.31,12148.18,46.98701528310028,
18158.0,3022164.21,1112883.2,-9990.5,-9598.72,-9758.28,-9831.92,-9961.71,-10006.24,-10129.35,12148.17,48.70605242760395,
18159.0,3022164.27,1112882.21,-9990.53,-9598.76,-9758.32,-9831.96,-9961.75,-10006.28,-10129.39,12148.16,49.16887012035494,
18160.0,3022164.33,1112881.21,-9990.55,-9598.8,-9758.36,-9832.0,-9961.79,-10006.32,-10129.43,12148.14,50.90994620260865,
18161.0,3022164.39,1112880.21,-9990.58,-9598.84,-9758.4,-9832.03,-9961.83,-10006.35,-10129.47,12148.13,,
18162.0,3022164.45,1112879.21,-9990.6,-9598.88,-9758.43,-9832.07,-9961.87,-10006.39,-10129.51,12148.12,,
18163.0,3022164.51,1112878.22,-9990.63,-9598.91,-9758.47,-9832.11,-9961.91,-10006.43,-10129.54,12148.1,,
18164.0,3022164.57,1112877.22,-9990.66,-9598.95,-9758.51,-9832.15,-9961.94,-10006.47,-10129.58,12148.09,,
18165.0,3022164.63,1112876.22,-9990.68,-9598.99,-9758.55,-9832.19,-9961.98,-10006.51,-10129.62,12148.08,,
18166.0,3022164.69,1112875.22,-9990.71,-9599.03,-9758.59,-9832.23,-9962.02,-10006.55,-10129.66,12148.070000000002,53.11383997761335,
18167.0,3022164.74,1112874.22,-9990.73,-9599.07,-9758.63,-9832.27,-9962.06,-10006.59,-10129.7,12148.05,,
18168.0,3022164.8,1112873.23,-9990.76,-9599.11,-9758.67,-9832.3,-9962.1,-10006.62,-10129.74,12148.04,,
18169.0,3022164.86,1112872.23,-9990.79,-9599.15,-9758.7,-9832.34,-9962.14,-10006.66,-10129.78,12148.03,,
18170.0,3022164.92,1112871.23,-9990.81,-9599.18,-9758.74,-9832.38,-9962.18,-10006.7,-10129.81,12148.02,,
18171.0,3022164.98,1112870.23,-9990.84,-9599.22,-9758.78,-9832.42,-9962.21,-10006.74,-10129.85,12148.0,51.95679574573589,
18172.0,3022165.04,1112869.23,-9990.86,-9599.26,-9758.82,-9832.46,-9962.25,-10006.78,-10129.89,12147.990000000002,52.52980812723711,
18173.0,3022165.1,1112868.24,-9990.89,-9599.3,-9758.86,-9832.5,-9962.29,-10006.82,-10129.93,12147.98,53.59869660811439,
18174.0,3022165.16,1112867.24,-9990.92,-9599.34,-9758.9,-9832.54,-9962.33,-10006.86,-10129.97,12147.97,46.50215865259924,
18175.0,3022165.22,1112866.24,-9990.94,-9599.38,-9758.94,-9832.57,-9962.37,-10006.89,-10130.01,12147.95,50.00634975485672,
18176.0,3022165.28,1112865.24,-9990.97,-9599.42,-9758.97,-9832.61,-9962.41,-10006.93,-10130.05,12147.94,54.32598155386594,
18177.0,3022165.33,1112864.24,-9990.99,-9599.45,-9759.01,-9832.65,-9962.45,-10006.97,-10130.08,12147.93,48.70605242760395,
18178.0,3022165.39,1112863.25,-9991.02,-9599.49,-9759.05,-9832.69,-9962.48,-10007.01,-10130.12,12147.92,50.57936213635795,
18179.0,3022165.45,1112862.25,-9991.05,-9599.53,-9759.09,-9832.73,-9962.52,-10007.05,-10130.16,12147.9,49.15785065147991,
18180.0,3022165.51,1112861.25,-9991.07,-9599.57,-9759.13,-9832.77,-9962.56,-10007.09,-10130.2,12147.89,48.70605242760395,
18181.0,3022165.57,1112860.25,-9991.1,-9599.61,-9759.17,-9832.81,-9962.6,-10007.13,-10130.24,12147.88,,
18182.0,3022165.63,1112859.25,-9991.12,-9599.65,-9759.21,-9832.84,-9962.64,-10007.16,-10130.28,12147.87,53.11383997761335,
18183.0,3022165.69,1112858.26,-9991.15,-9599.69,-9759.24,-9832.88,-9962.68,-10007.2,-10130.32,12147.85,50.90994620260865,
18184.0,3022165.75,1112857.26,-9991.18,-9599.72,-9759.28,-9832.92,-9962.72,-10007.24,-10130.36,12147.84,55.31773375261806,
18185.0,3022165.8,1112856.26,-9991.2,-9599.76,-9759.32,-9832.96,-9962.75,-10007.28,-10130.39,12147.83,,
18186.0,3022165.86,1112855.26,-9991.23,-9599.8,-9759.36,-9833.0,-9962.79,-10007.32,-10130.43,12147.81,,
18187.0,3022165.92,1112854.26,-9991.25,-9599.84,-9759.4,-9833.04,-9962.83,-10007.36,-10130.47,12147.8,50.90994620260865,
18188.0,3022165.98,1112853.27,-9991.28,-9599.88,-9759.44,-9833.08,-9962.87,-10007.4,-10130.51,12147.79,55.72545410099392,
18189.0,3022166.04,1112852.27,-9991.31,-9599.92,-9759.48,-9833.12,-9962.91,-10007.43,-10130.55,12147.78,55.96788241624445,
18190.0,3022166.1,1112851.27,-9991.33,-9599.96,-9759.52,-9833.15,-9962.95,-10007.47,-10130.59,12147.76,52.794275380237664,
18191.0,3022166.15,1112850.27,-9991.36,-9600.0,-9759.55,-9833.19,-9962.99,-10007.51,-10130.63,12147.75,50.90994620260865,
18192.0,3022166.21,1112849.28,-9991.38,-9600.03,-9759.59,-9833.23,-9963.02,-10007.55,-10130.66,12147.740000000002,,
18193.0,3022166.27,1112848.28,-9991.41,-9600.07,-9759.63,-9833.27,-9963.06,-10007.59,-10130.7,12147.73,54.51331252474134,
18194.0,3022166.33,1112847.28,-9991.44,-9600.11,-9759.67,-9833.31,-9963.1,-10007.63,-10130.74,12147.71,57.42245230774755,
18195.0,3022166.39,1112846.28,-9991.46,-9600.15,-9759.71,-9833.35,-9963.14,-10007.67,-10130.78,12147.7,58.62357441512511,
18196.0,3022166.45,1112845.28,-9991.49,-9600.19,-9759.75,-9833.39,-9963.18,-10007.71,-10130.82,12147.69,54.23782580286575,
18197.0,3022166.5,1112844.29,-9991.51,-9600.23,-9759.79,-9833.42,-9963.22,-10007.74,-10130.86,12147.68,61.16907172525555,
18198.0,3022166.56,1112843.29,-9991.54,-9600.27,-9759.82,-9833.46,-9963.26,-10007.78,-10130.9,12147.66,55.06428596849251,
18199.0,3022166.62,1112842.29,-9991.57,-9600.3,-9759.86,-9833.5,-9963.3,-10007.82,-10130.93,12147.65,54.6345266823666,
18200.0,3022166.68,1112841.29,-9991.59,-9600.34,-9759.9,-9833.54,-9963.33,-10007.86,-10130.97,12147.64,58.62357441512511,
18201.0,3022166.74,1112840.29,-9991.62,-9600.38,-9759.94,-9833.58,-9963.37,-10007.9,-10131.01,12147.63,52.13310724773626,
18202.0,3022166.79,1112839.3,-9991.64,-9600.42,-9759.98,-9833.62,-9963.41,-10007.94,-10131.05,12147.61,50.90994620260865,
18203.0,3022166.85,1112838.3,-9991.67,-9600.46,-9760.02,-9833.66,-9963.45,-10007.98,-10131.09,12147.6,52.52980812723711,
18204.0,3022166.91,1112837.3,-9991.7,-9600.5,-9760.06,-9833.69,-9963.49,-10008.01,-10131.13,12147.59,55.31773375261806,
18205.0,3022166.97,1112836.3,-9991.72,-9600.54,-9760.09,-9833.73,-9963.53,-10008.05,-10131.17,12147.58,,
18206.0,3022167.03,1112835.3,-9991.75,-9600.57,-9760.13,-9833.77,-9963.57,-10008.09,-10131.2,12147.56,,
18207.0,3022167.08,1112834.31,-9991.77,-9600.61,-9760.17,-9833.81,-9963.6,-10008.13,-10131.24,12147.55,,
18208.0,3022167.14,1112833.31,-9991.8,-9600.65,-9760.21,-9833.85,-9963.64,-10008.17,-10131.28,12147.54,,
18209.0,3022167.2,1112832.31,-9991.83,-9600.69,-9760.25,-9833.89,-9963.68,-10008.21,-10131.32,12147.52,,
18210.0,3022167.26,1112831.31,-9991.85,-9600.73,-9760.29,-9833.93,-9963.72,-10008.25,-10131.36,12147.51,54.09457270749045,
18211.0,3022167.32,1112830.31,-9991.88,-9600.77,-9760.33,-9833.96,-9963.76,-10008.28,-10131.4,12147.5,53.11383997761335,
18212.0,3022167.37,1112829.32,-9991.9,-9600.81,-9760.36,-9834.0,-9963.8,-10008.32,-10131.44,12147.490000000002,,
18213.0,3022167.43,1112828.32,-9991.93,-9600.84,-9760.4,-9834.04,-9963.84,-10008.36,-10131.48,12147.47,54.35903996049101,
18214.0,3022167.49,1112827.32,-9991.96,-9600.88,-9760.44,-9834.08,-9963.87,-10008.4,-10131.51,12147.46,58.01750362699882,
18215.0,3022167.55,1112826.32,-9991.98,-9600.92,-9760.48,-9834.12,-9963.91,-10008.44,-10131.55,12147.45,55.31773375261806,
18216.0,3022167.6,1112825.32,-9992.01,-9600.96,-9760.52,-9834.16,-9963.95,-10008.48,-10131.59,12147.44,58.62357441512511,
18217.0,3022167.66,1112824.33,-9992.03,-9601.0,-9760.56,-9834.2,-9963.99,-10008.52,-10131.63,12147.42,,
18218.0,3022167.72,1112823.33,-9992.06,-9601.04,-9760.6,-9834.23,-9964.03,-10008.55,-10131.67,12147.41,60.18833899537845,
18219.0,3022167.78,1112822.33,-9992.09,-9601.08,-9760.63,-9834.27,-9964.07,-10008.59,-10131.71,12147.4,60.82746819012981,
18220.0,3022167.83,1112821.33,-9992.11,-9601.12,-9760.67,-9834.31,-9964.11,-10008.63,-10131.75,12147.39,,
18221.0,3022167.89,1112820.33,-9992.14,-9601.15,-9760.71,-9834.35,-9964.14,-10008.67,-10131.78,12147.37,56.452739046745485,
18222.0,3022167.95,1112819.34,-9992.16,-9601.19,-9760.75,-9834.39,-9964.18,-10008.71,-10131.82,12147.36,55.31773375261806,
18223.0,3022168.01,1112818.34,-9992.19,-9601.23,-9760.79,-9834.43,-9964.22,-10008.75,-10131.86,12147.35,,
18224.0,3022168.06,1112817.34,-9992.22,-9601.27,-9760.83,-9834.47,-9964.26,-10008.79,-10131.9,12147.34,,
18225.0,3022168.12,1112816.34,-9992.24,-9601.31,-9760.87,-9834.51,-9964.3,-10008.83,-10131.94,12147.320000000002,60.82746819012981,
18226.0,3022168.18,1112815.34,-9992.27,-9601.35,-9760.91,-9834.54,-9964.34,-10008.86,-10131.98,12147.31,,
18227.0,3022168.24,1112814.35,-9992.29,-9601.39,-9760.94,-9834.58,-9964.38,-10008.9,-10132.02,12147.3,58.62357441512511,
18228.0,3022168.29,1112813.35,-9992.32,-9601.42,-9760.98,-9834.62,-9964.42,-10008.94,-10132.05,12147.29,60.82746819012981,
18229.0,3022168.35,1112812.35,-9992.35,-9601.46,-9761.02,-9834.66,-9964.45,-10008.98,-10132.09,12147.27,,
18230.0,3022168.41,1112811.35,-9992.37,-9601.5,-9761.06,-9834.7,-9964.49,-10009.02,-10132.13,12147.26,,
18231.0,3022168.46,1112810.35,-9992.4,-9601.54,-9761.1,-9834.74,-9964.53,-10009.06,-10132.17,12147.25,,
18232.0,3022168.52,1112809.36,-9992.42,-9601.58,-9761.14,-9834.78,-9964.57,-10009.1,-10132.21,12147.23,58.62357441512511,
18233.0,3022168.58,1112808.36,-9992.45,-9601.62,-9761.18,-9834.81,-9964.61,-10009.13,-10132.25,12147.22,60.12222218212831,
18234.0,3022168.63,1112807.36,-9992.48,-9601.66,-9761.21,-9834.85,-9964.65,-10009.17,-10132.29,12147.21,60.3977089040039,
18235.0,3022168.69,1112806.36,-9992.5,-9601.69,-9761.25,-9834.89,-9964.69,-10009.21,-10132.32,12147.2,58.62357441512511,
18236.0,3022168.75,1112805.36,-9992.53,-9601.73,-9761.29,-9834.93,-9964.72,-10009.25,-10132.36,12147.18,,
18237.0,3022168.81,1112804.37,-9992.55,-9601.77,-9761.33,-9834.97,-9964.76,-10009.29,-10132.4,12147.17,,
18238.0,3022168.86,1112803.37,-9992.58,-9601.81,-9761.37,-9835.01,-9964.8,-10009.33,-10132.44,12147.16,,
18239.0,3022168.92,1112802.37,-9992.61,-9601.85,-9761.41,-9835.05,-9964.84,-10009.37,-10132.48,12147.15,,
18240.0,3022168.98,1112801.37,-9992.63,-9601.89,-9761.45,-9835.08,-9964.88,-10009.4,-10132.52,12147.13,60.155280588753385,
18241.0,3022169.03,1112800.37,-9992.66,-9601.93,-9761.48,-9835.12,-9964.92,-10009.44,-10132.56,12147.12,60.82746819012981,
18242.0,3022169.09,1112799.37,-9992.68,-9601.96,-9761.52,-9835.16,-9964.96,-10009.48,-10132.59,12147.11,,
18243.0,3022169.15,1112798.38,-9992.71,-9602.0,-9761.56,-9835.2,-9964.99,-10009.52,-10132.63,12147.1,,
18244.0,3022169.2,1112797.38,-9992.74,-9602.04,-9761.6,-9835.24,-9965.03,-10009.56,-10132.67,12147.08,64.07821150826176,
18245.0,3022169.26,1112796.38,-9992.76,-9602.08,-9761.64,-9835.28,-9965.07,-10009.6,-10132.71,12147.070000000002,60.99276022325516,
18246.0,3022169.32,1112795.38,-9992.79,-9602.12,-9761.68,-9835.32,-9965.11,-10009.64,-10132.75,12147.06,59.042314232376,
18247.0,3022169.37,1112794.38,-9992.81,-9602.16,-9761.72,-9835.35,-9965.15,-10009.67,-10132.79,12147.05,60.82746819012981,
18248.0,3022169.43,1112793.39,-9992.84,-9602.2,-9761.75,-9835.39,-9965.19,-10009.71,-10132.83,12147.03,,
18249.0,3022169.49,1112792.39,-9992.87,-9602.23,-9761.79,-9835.43,-9965.23,-10009.75,-10132.87,12147.02,,
18250.0,3022169.54,1112791.39,-9992.89,-9602.27,-9761.83,-9835.47,-9965.26,-10009.79,-10132.9,12147.01,62.07266817300747,
18251.0,3022169.6,1112790.39,-9992.92,-9602.31,-9761.87,-9835.51,-9965.3,-10009.83,-10132.94,12146.990000000002,67.43914951514392,
18252.0,3022169.66,1112789.39,-9992.94,-9602.36,-9761.92,-9835.55,-9965.35,-10009.87,-10132.99,12146.98,65.23525574013922,
18253.0,3022169.71,1112788.4,-9992.97,-9602.4,-9761.96,-9835.6,-9965.39,-10009.92,-10133.03,12146.96,64.46389291888758,
18254.0,3022169.77,1112787.4,-9993.0,-9602.45,-9762.01,-9835.65,-9965.44,-10009.97,-10133.08,12146.94,60.82746819012981,
18255.0,3022169.83,1112786.4,-9993.02,-9602.49,-9762.05,-9835.69,-9965.49,-10010.01,-10133.12,12146.92,,
18256.0,3022169.88,1112785.4,-9993.05,-9602.54,-9762.1,-9835.74,-9965.53,-10010.06,-10133.17,12146.9,62.64568055450869,
18257.0,3022169.94,1112784.4,-9993.07,-9602.59,-9762.14,-9835.78,-9965.58,-10010.1,-10133.22,12146.88,63.03136196513452,
18258.0,3022170.0,1112783.41,-9993.1,-9602.63,-9762.19,-9835.83,-9965.62,-10010.15,-10133.26,12146.86,,
18259.0,3022170.05,1112782.41,-9993.13,-9602.68,-9762.24,-9835.87,-9965.67,-10010.19,-10133.31,12146.84,,
18260.0,3022170.11,1112781.41,-9993.15,-9602.72,-9762.28,-9835.92,-9965.71,-10010.24,-10133.35,12146.820000000002,55.31773375261806,
18261.0,3022170.17,1112780.41,-9993.18,-9602.77,-9762.33,-9835.97,-9965.76,-10010.28,-10133.4,12146.8,65.23525574013922,
18262.0,3022170.22,1112779.41,-9993.2,-9602.82,-9762.38,-9836.02,-9965.81,-10010.34,-10133.45,12146.77,66.9653123535179,
18263.0,3022170.28,1112778.42,-9993.23,-9602.88,-9762.44,-9836.07,-9965.87,-10010.39,-10133.51,12146.740000000002,65.23525574013922,
18264.0,3022170.34,1112777.42,-9993.25,-9602.93,-9762.49,-9836.13,-9965.92,-10010.45,-10133.56,12146.71,66.99837076014298,
18265.0,3022170.39,1112776.42,-9993.28,-9602.99,-9762.54,-9836.18,-9965.98,-10010.5,-10133.62,12146.68,67.43914951514392,
18266.0,3022170.45,1112775.42,-9993.31,-9603.04,-9762.6,-9836.24,-9966.03,-10010.56,-10133.67,12146.65,,
18267.0,3022170.51,1112774.42,-9993.33,-9603.1,-9762.65,-9836.29,-9966.09,-10010.61,-10133.73,12146.62,63.03136196513452,
18268.0,3022170.56,1112773.43,-9993.36,-9603.15,-9762.71,-9836.35,-9966.14,-10010.67,-10133.78,12146.59,63.3509265625102,
18269.0,3022170.62,1112772.43,-9993.38,-9603.2,-9762.76,-9836.4,-9966.2,-10010.72,-10133.84,12146.570000000002,65.23525574013922,
18270.0,3022170.68,1112771.43,-9993.41,-9603.26,-9762.82,-9836.46,-9966.25,-10010.78,-10133.89,12146.54,60.82746819012981,
18271.0,3022170.73,1112770.43,-9993.43,-9603.31,-9762.87,-9836.51,-9966.31,-10010.83,-10133.94,12146.51,63.92393894401143,
18272.0,3022170.79,1112769.43,-9993.46,-9603.37,-9762.93,-9836.57,-9966.36,-10010.89,-10134.0,12146.48,65.23525574013922,
18273.0,3022170.85,1112768.43,-9993.48,-9603.42,-9762.98,-9836.62,-9966.41,-10010.94,-10134.05,12146.45,63.03136196513452,
18274.0,3022170.9,1112767.44,-9993.51,-9603.48,-9763.04,-9836.68,-9966.47,-10010.99,-10134.11,12146.42,,
18275.0,3022170.96,1112766.44,-9993.53,-9603.53,-9763.09,-9836.73,-9966.52,-10011.05,-10134.16,12146.39,,
18276.0,3022171.02,1112765.44,-9993.56,-9603.59,-9763.15,-9836.78,-9966.58,-10011.1,-10134.22,12146.36,60.76135137687968,
18277.0,3022171.08,1112764.44,-9993.59,-9603.64,-9763.2,-9836.84,-9966.63,-10011.16,-10134.27,12146.33,58.62357441512511,
18278.0,3022171.13,1112763.44,-9993.61,-9603.7,-9763.25,-9836.89,-9966.69,-10011.21,-10134.33,12146.3,65.23525574013922,
18279.0,3022171.19,1112762.45,-9993.64,-9603.75,-9763.31,-9836.95,-9966.74,-10011.27,-10134.38,12146.27,66.40331944089172,
18280.0,3022171.25,1112761.45,-9993.66,-9603.81,-9763.36,-9837.0,-9966.8,-10011.32,-10134.44,12146.240000000002,67.43914951514392,
18281.0,3022171.3,1112760.45,-9993.69,-9603.86,-9763.42,-9837.06,-9966.85,-10011.38,-10134.49,12146.21,,
18282.0,3022171.36,1112759.45,-9993.71,-9603.92,-9763.47,-9837.11,-9966.91,-10011.43,-10134.55,12146.18,,
18283.0,3022171.42,1112758.45,-9993.74,-9603.97,-9763.53,-9837.17,-9966.96,-10011.49,-10134.6,12146.15,67.7587141125196,
18284.0,3022171.48,1112757.46,-9993.76,-9604.02,-9763.58,-9837.22,-9967.02,-10011.54,-10134.65,12146.12,69.64304329014863,
18285.0,3022171.53,1112756.46,-9993.79,-9604.08,-9763.64,-9837.28,-9967.07,-10011.6,-10134.71,12146.1,66.22700793889133,
18286.0,3022171.59,1112755.46,-9993.81,-9604.13,-9763.69,-9837.33,-9967.12,-10011.65,-10134.76,12146.070000000002,64.68428229638805,
18287.0,3022171.65,1112754.46,-9993.84,-9604.19,-9763.75,-9837.39,-9967.18,-10011.71,-10134.82,12146.04,66.97633182239294,
18288.0,3022171.7,1112753.46,-9993.86,-9604.24,-9763.8,-9837.44,-9967.23,-10011.76,-10134.87,12146.01,65.23525574013922,
18289.0,3022171.76,1112752.47,-9993.89,-9604.3,-9763.86,-9837.49,-9967.29,-10011.81,-10134.93,12145.98,,
18290.0,3022171.82,1112751.47,-9993.91,-9604.35,-9763.91,-9837.55,-9967.34,-10011.87,-10134.98,12145.95,,
18291.0,3022171.88,1112750.47,-9993.94,-9604.41,-9763.97,-9837.6,-9967.4,-10011.92,-10135.04,12145.92,63.38398496913526,
18292.0,3022171.93,1112749.47,-9993.96,-9604.46,-9764.02,-9837.66,-9967.45,-10011.98,-10135.09,12145.89,65.05894423813885,
18293.0,3022171.99,1112748.47,-9993.99,-9604.52,-9764.07,-9837.71,-9967.51,-10012.03,-10135.15,12145.86,68.49701852714618,
18294.0,3022172.05,1112747.48,-9994.01,-9604.57,-9764.13,-9837.77,-9967.56,-10012.09,-10135.2,12145.83,68.22153180527059,
18295.0,3022172.11,1112746.48,-9994.04,-9604.63,-9764.18,-9837.82,-9967.62,-10012.14,-10135.26,12145.8,63.03136196513452,
18296.0,3022172.16,1112745.48,-9994.06,-9604.68,-9764.24,-9837.88,-9967.67,-10012.2,-10135.31,12145.77,,
18297.0,3022172.22,1112744.48,-9994.08,-9604.73,-9764.29,-9837.93,-9967.73,-10012.25,-10135.36,12145.740000000002,,
18298.0,3022172.28,1112743.48,-9994.11,-9604.79,-9764.35,-9837.99,-9967.78,-10012.31,-10135.42,12145.71,64.72836017188813,
18299.0,3022172.34,1112742.49,-9994.13,-9604.84,-9764.4,-9838.04,-9967.83,-10012.36,-10135.47,12145.68,66.9542928846429,
18300.0,3022172.39,1112741.49,-9994.16,-9604.9,-9764.46,-9838.1,-9967.89,-10012.42,-10135.53,12145.65,65.23525574013922,
18301.0,3022172.45,1112740.49,-9994.18,-9604.95,-9764.51,-9838.15,-9967.94,-10012.47,-10135.58,12145.62,,
18302.0,3022172.51,1112739.49,-9994.21,-9605.01,-9764.57,-9838.2,-9968.0,-10012.52,-10135.64,12145.59,65.98457962364081,
18303.0,3022172.57,1112738.49,-9994.23,-9605.06,-9764.62,-9838.26,-9968.05,-10012.58,-10135.69,12145.56,67.43914951514392,
18304.0,3022172.62,1112737.5,-9994.26,-9605.12,-9764.68,-9838.31,-9968.11,-10012.63,-10135.75,12145.53,66.89919554026777,
18305.0,3022172.68,1112736.5,-9994.28,-9605.17,-9764.73,-9838.37,-9968.16,-10012.69,-10135.8,12145.5,63.417043375760336,
18306.0,3022172.74,1112735.5,-9994.31,-9605.23,-9764.78,-9838.42,-9968.22,-10012.74,-10135.86,12145.47,63.879861068511325,
18307.0,3022172.8,1112734.5,-9994.33,-9605.28,-9764.84,-9838.48,-9968.27,-10012.8,-10135.91,12145.44,65.23525574013922,
18308.0,3022172.85,1112733.5,-9994.35,-9605.34,-9764.89,-9838.53,-9968.33,-10012.85,-10135.97,12145.41,,
18309.0,3022172.91,1112732.51,-9994.38,-9605.39,-9764.95,-9838.59,-9968.38,-10012.91,-10136.02,12145.38,71.84693706515334,
18310.0,3022172.97,1112731.51,-9994.4,-9605.44,-9765.0,-9838.64,-9968.44,-10012.96,-10136.07,12145.35,63.03136196513452,
18311.0,3022173.03,1112730.51,-9994.43,-9605.5,-9765.06,-9838.7,-9968.49,-10013.02,-10136.13,12145.320000000002,,
18312.0,3022173.08,1112729.51,-9994.45,-9605.55,-9765.11,-9838.75,-9968.54,-10013.07,-10136.18,12145.29,,
18313.0,3022173.14,1112728.51,-9994.48,-9605.61,-9765.17,-9838.81,-9968.6,-10013.13,-10136.24,12145.26,75.15277772766039,
18314.0,3022173.2,1112727.52,-9994.5,-9605.66,-9765.22,-9838.86,-9968.65,-10013.18,-10136.29,12145.23,63.03136196513452,
18315.0,3022173.26,1112726.52,-9994.52,-9605.72,-9765.28,-9838.91,-9968.71,-10013.23,-10136.35,12145.2,65.88540440376562,
18316.0,3022173.32,1112725.52,-9994.55,-9605.77,-9765.33,-9838.97,-9968.76,-10013.29,-10136.4,12145.16,67.43914951514392,
18317.0,3022173.37,1112724.52,-9994.57,-9605.83,-9765.39,-9839.02,-9968.82,-10013.34,-10136.46,12145.13,65.23525574013922,
18318.0,3022173.43,1112723.52,-9994.6,-9605.88,-9765.44,-9839.08,-9968.87,-10013.4,-10136.51,12145.1,69.64304329014863,
18319.0,3022173.49,1112722.53,-9994.62,-9605.94,-9765.49,-9839.13,-9968.93,-10013.45,-10136.57,12145.070000000002,64.07821150826176,
18320.0,3022173.55,1112721.53,-9994.65,-9605.99,-9765.55,-9839.19,-9968.98,-10013.51,-10136.62,12145.04,64.70632123413809,
18321.0,3022173.61,1112720.53,-9994.67,-9606.05,-9765.6,-9839.24,-9969.04,-10013.56,-10136.68,12145.01,65.23525574013922,
18322.0,3022173.66,1112719.53,-9994.69,-9606.1,-9765.66,-9839.3,-9969.09,-10013.62,-10136.73,12144.98,63.36194603138522,
18323.0,3022173.72,1112718.53,-9994.72,-9606.15,-9765.71,-9839.35,-9969.15,-10013.67,-10136.79,12144.95,64.79447698513827,
18324.0,3022173.78,1112717.53,-9994.74,-9606.21,-9765.77,-9839.41,-9969.2,-10013.73,-10136.84,12144.92,69.52182913252338,
18325.0,3022173.84,1112716.54,-9994.77,-9606.26,-9765.82,-9839.46,-9969.26,-10013.78,-10136.89,12144.89,68.5080379960212,
18326.0,3022173.9,1112715.54,-9994.79,-9606.32,-9765.88,-9839.52,-9969.31,-10013.84,-10136.95,12144.86,65.23525574013922,
18327.0,3022173.95,1112714.54,-9994.81,-9606.37,-9765.93,-9839.57,-9969.36,-10013.89,-10137.0,12144.83,,
18328.0,3022174.01,1112713.54,-9994.84,-9606.43,-9765.99,-9839.62,-9969.42,-10013.94,-10137.06,12144.8,66.28210528326646,
18329.0,3022174.07,1112712.54,-9994.86,-9606.48,-9766.04,-9839.68,-9969.47,-10014.0,-10137.11,12144.77,66.94327341576786,
18330.0,3022174.13,1112711.55,-9994.89,-9606.54,-9766.1,-9839.73,-9969.53,-10014.05,-10137.17,12144.740000000002,65.88540440376562,
18331.0,3022174.19,1112710.55,-9994.91,-9606.59,-9766.15,-9839.79,-9969.58,-10014.11,-10137.22,12144.71,69.64304329014863,
18332.0,3022174.24,1112709.55,-9994.93,-9606.65,-9766.2,-9839.84,-9969.64,-10014.16,-10137.28,12144.67,68.45294065164609,
18333.0,3022174.3,1112708.55,-9994.96,-9606.7,-9766.26,-9839.9,-9969.69,-10014.22,-10137.33,12144.64,67.43914951514392,
18334.0,3022174.36,1112707.55,-9994.98,-9606.76,-9766.31,-9839.95,-9969.75,-10014.27,-10137.39,12144.61,,
18335.0,3022174.42,1112706.56,-9995.0,-9606.81,-9766.37,-9840.01,-9969.8,-10014.33,-10137.44,12144.58,69.64304329014863,
18336.0,3022174.48,1112705.56,-9995.03,-9606.86,-9766.42,-9840.06,-9969.86,-10014.38,-10137.5,12144.55,67.43914951514392,
18337.0,3022174.53,1112704.56,-9995.05,-9606.92,-9766.48,-9840.12,-9969.91,-10014.44,-10137.55,12144.52,67.76973358139463,
18338.0,3022174.59,1112703.56,-9995.07,-9606.97,-9766.53,-9840.17,-9969.97,-10014.49,-10137.6,12144.490000000002,69.64304329014863,
18339.0,3022174.65,1112702.56,-9995.1,-9607.03,-9766.59,-9840.23,-9970.02,-10014.55,-10137.66,12144.46,65.23525574013922,
18340.0,3022174.71,1112701.57,-9995.12,-9607.08,-9766.64,-9840.28,-9970.07,-10014.6,-10137.71,12144.43,68.98187515764721,
18341.0,3022174.77,1112700.57,-9995.15,-9607.14,-9766.7,-9840.34,-9970.13,-10014.65,-10137.77,12144.4,66.12783271901613,
18342.0,3022174.83,1112699.57,-9995.17,-9607.19,-9766.75,-9840.39,-9970.18,-10014.71,-10137.82,12144.36,65.23525574013922,
18343.0,3022174.88,1112698.57,-9995.19,-9607.25,-9766.81,-9840.44,-9970.24,-10014.76,-10137.88,12144.33,63.03136196513452,
18344.0,3022174.94,1112697.57,-9995.22,-9607.3,-9766.86,-9840.5,-9970.29,-10014.82,-10137.93,12144.3,,
18345.0,3022175.0,1112696.58,-9995.24,-9607.36,-9766.91,-9840.55,-9970.35,-10014.87,-10137.99,12144.27,,
18346.0,3022175.06,1112695.58,-9995.26,-9607.41,-9766.97,-9840.61,-9970.4,-10014.93,-10138.04,12144.240000000002,64.41981504338747,
18347.0,3022175.12,1112694.58,-9995.29,-9607.47,-9767.02,-9840.66,-9970.46,-10014.98,-10138.1,12144.21,65.23525574013922,
18348.0,3022175.18,1112693.58,-9995.31,-9607.52,-9767.08,-9840.72,-9970.51,-10015.04,-10138.15,12144.18,,
18349.0,3022175.23,1112692.58,-9995.33,-9607.58,-9767.13,-9840.77,-9970.57,-10015.09,-10138.21,12144.15,,
18350.0,3022175.29,1112691.59,-9995.36,-9607.63,-9767.19,-9840.83,-9970.62,-10015.15,-10138.26,12144.12,63.8688415996363,
18351.0,3022175.35,1112690.59,-9995.38,-9607.68,-9767.24,-9840.88,-9970.68,-10015.2,-10138.31,12144.09,61.09193544313037,
18352.0,3022175.41,1112689.59,-9995.41,-9607.74,-9767.3,-9840.94,-9970.73,-10015.26,-10138.37,12144.05,58.62357441512511,
18353.0,3022175.47,1112688.59,-9995.43,-9607.79,-9767.35,-9840.99,-9970.78,-10015.31,-10138.42,12144.02,,
18354.0,3022175.52,1112687.59,-9995.45,-9607.85,-9767.41,-9841.05,-9970.84,-10015.37,-10138.48,12143.990000000002,65.23525574013922,
18355.0,3022175.58,1112686.6,-9995.48,-9607.9,-9767.46,-9841.1,-9970.89,-10015.42,-10138.53,12143.96,67.43914951514392,
18356.0,3022175.64,1112685.6,-9995.5,-9607.96,-9767.52,-9841.15,-9970.95,-10015.47,-10138.59,12143.93,66.60166988064213,
18357.0,3022175.7,1112684.6,-9995.53,-9608.01,-9767.57,-9841.21,-9971.0,-10015.53,-10138.64,12143.9,61.7090257001317,
18358.0,3022175.76,1112683.6,-9995.55,-9608.07,-9767.63,-9841.26,-9971.06,-10015.58,-10138.7,12143.87,65.0369053003888,
18359.0,3022175.81,1112682.6,-9995.58,-9608.12,-9767.68,-9841.32,-9971.11,-10015.64,-10138.75,12143.84,60.82746819012981,
18360.0,3022175.87,1112681.61,-9995.6,-9608.18,-9767.73,-9841.37,-9971.17,-10015.69,-10138.81,12143.81,67.43914951514392,
18361.0,3022175.93,1112680.61,-9995.63,-9608.23,-9767.79,-9841.43,-9971.22,-10015.75,-10138.86,12143.78,68.53007693377126,
18362.0,3022175.99,1112679.61,-9995.65,-9608.29,-9767.84,-9841.48,-9971.28,-10015.8,-10138.92,12143.76,68.21051233639558,
18363.0,3022176.04,1112678.61,-9995.68,-9608.34,-9767.9,-9841.54,-9971.33,-10015.86,-10138.97,12143.73,66.13885218789115,
18364.0,3022176.1,1112677.61,-9995.7,-9608.39,-9767.95,-9841.59,-9971.39,-10015.91,-10139.02,12143.7,66.94327341576786,
18365.0,3022176.16,1112676.62,-9995.73,-9608.45,-9768.01,-9841.65,-9971.44,-10015.97,-10139.08,12143.67,64.77243804738823,
18366.0,3022176.21,1112675.62,-9995.75,-9608.5,-9768.06,-9841.7,-9971.49,-10016.02,-10139.13,12143.64,63.03136196513452,
18367.0,3022176.27,1112674.62,-9995.78,-9608.56,-9768.12,-9841.76,-9971.55,-10016.08,-10139.19,12143.61,63.3509265625102,
18368.0,3022176.33,1112673.62,-9995.81,-9608.61,-9768.17,-9841.81,-9971.6,-10016.13,-10139.24,12143.58,65.23525574013922,
18369.0,3022176.38,1112672.62,-9995.83,-9608.67,-9768.23,-9841.86,-9971.66,-10016.18,-10139.3,12143.55,,
18370.0,3022176.44,1112671.63,-9995.86,-9608.72,-9768.28,-9841.92,-9971.71,-10016.24,-10139.35,12143.52,,
18371.0,3022176.5,1112670.63,-9995.88,-9608.78,-9768.34,-9841.97,-9971.77,-10016.29,-10139.41,12143.490000000002,,
18372.0,3022176.56,1112669.63,-9995.91,-9608.83,-9768.39,-9842.03,-9971.82,-10016.35,-10139.46,12143.47,,
18373.0,3022176.61,1112668.63,-9995.94,-9608.89,-9768.44,-9842.08,-9971.88,-10016.4,-10139.52,12143.44,,
18374.0,3022176.67,1112667.63,-9995.96,-9608.94,-9768.5,-9842.14,-9971.93,-10016.46,-10139.57,12143.41,63.03136196513452,
18375.0,3022176.72,1112666.64,-9995.99,-9609.0,-9768.55,-9842.19,-9971.99,-10016.51,-10139.63,12143.38,,
18376.0,3022176.78,1112665.64,-9996.02,-9609.05,-9768.61,-9842.25,-9972.04,-10016.57,-10139.68,12143.36,67.43914951514392,
18377.0,3022176.84,1112664.64,-9996.04,-9609.1,-9768.66,-9842.3,-9972.1,-10016.62,-10139.73,12143.33,65.85234599714055,
18378.0,3022176.89,1112663.64,-9996.07,-9609.16,-9768.72,-9842.36,-9972.15,-10016.68,-10139.79,12143.3,63.03136196513452,
18379.0,3022176.95,1112662.64,-9996.1,-9609.21,-9768.77,-9842.41,-9972.2,-10016.73,-10139.84,12143.27,63.3950044380103,
18380.0,3022177.01,1112661.65,-9996.12,-9609.27,-9768.83,-9842.47,-9972.26,-10016.79,-10139.9,12143.240000000002,65.23525574013922,
18381.0,3022177.06,1112660.65,-9996.15,-9609.32,-9768.88,-9842.52,-9972.31,-10016.84,-10139.95,12143.22,67.43914951514392,
18382.0,3022177.12,1112659.65,-9996.18,-9609.38,-9768.94,-9842.57,-9972.37,-10016.89,-10140.01,12143.19,66.09477431239105,
18383.0,3022177.17,1112658.65,-9996.21,-9609.43,-9768.99,-9842.63,-9972.42,-10016.95,-10140.06,12143.16,61.15805225638052,
18384.0,3022177.23,1112657.65,-9996.23,-9609.49,-9769.05,-9842.68,-9972.48,-10017.0,-10140.12,12143.14,62.5575248035085,
18385.0,3022177.29,1112656.65,-9996.26,-9609.54,-9769.1,-9842.74,-9972.53,-10017.06,-10140.17,12143.11,61.48863632263122,
18386.0,3022177.34,1112655.66,-9996.29,-9609.6,-9769.15,-9842.79,-9972.59,-10017.11,-10140.23,12143.08,65.23525574013922,
18387.0,3022177.4,1112654.66,-9996.32,-9609.65,-9769.21,-9842.85,-9972.64,-10017.17,-10140.28,12143.05,66.01763803026589,
18388.0,3022177.45,1112653.66,-9996.34,-9609.71,-9769.26,-9842.9,-9972.7,-10017.22,-10140.34,12143.03,65.30137255338937,
18389.0,3022177.51,1112652.66,-9996.37,-9609.76,-9769.32,-9842.96,-9972.75,-10017.28,-10140.39,12143.0,63.83578319301122,
18390.0,3022177.56,1112651.66,-9996.4,-9609.81,-9769.37,-9843.01,-9972.81,-10017.33,-10140.44,12142.97,66.13885218789115,
18391.0,3022177.62,1112650.67,-9996.43,-9609.87,-9769.43,-9843.07,-9972.86,-10017.39,-10140.5,12142.95,69.64304329014863,
18392.0,3022177.68,1112649.67,-9996.46,-9609.92,-9769.48,-9843.12,-9972.92,-10017.44,-10140.55,12142.92,64.5189902632627,
18393.0,3022177.73,1112648.67,-9996.49,-9609.98,-9769.54,-9843.18,-9972.97,-10017.5,-10140.61,12142.9,65.70909290176523,
18394.0,3022177.79,1112647.67,-9996.51,-9610.03,-9769.59,-9843.23,-9973.02,-10017.55,-10140.66,12142.87,65.2793336156393,
18395.0,3022177.84,1112646.67,-9996.54,-9610.09,-9769.65,-9843.28,-9973.08,-10017.6,-10140.72,12142.84,63.03136196513452,
18396.0,3022177.9,1112645.68,-9996.57,-9610.14,-9769.7,-9843.34,-9973.13,-10017.66,-10140.77,12142.820000000002,,
18397.0,3022177.95,1112644.68,-9996.6,-9610.2,-9769.76,-9843.39,-9973.19,-10017.71,-10140.83,12142.79,61.16907172525555,
18398.0,3022178.01,1112643.68,-9996.63,-9610.25,-9769.81,-9843.45,-9973.24,-10017.77,-10140.88,12142.77,64.27656194801217,
18399.0,3022178.06,1112642.68,-9996.66,-9610.31,-9769.86,-9843.5,-9973.3,-10017.82,-10140.94,12142.740000000002,66.5906504117671,
18400.0,3022178.12,1112641.68,-9996.69,-9610.36,-9769.92,-9843.56,-9973.35,-10017.88,-10140.99,12142.72,,
18401.0,3022178.17,1112640.69,-9996.72,-9610.42,-9769.97,-9843.61,-9973.41,-10017.93,-10141.05,12142.69,63.03136196513452,
18402.0,3022178.23,1112639.69,-9996.75,-9610.47,-9770.03,-9843.67,-9973.46,-10017.99,-10141.1,12142.67,,
18403.0,3022178.28,1112638.69,-9996.78,-9610.52,-9770.08,-9843.72,-9973.52,-10018.04,-10141.16,12142.64,62.68975843000879,
18404.0,3022178.34,1112637.69,-9996.81,-9610.58,-9770.14,-9843.78,-9973.57,-10018.1,-10141.21,12142.62,60.82746819012981,
18405.0,3022178.39,1112636.69,-9996.84,-9610.63,-9770.19,-9843.83,-9973.63,-10018.15,-10141.26,12142.59,55.31773375261806,
18406.0,3022178.44,1112635.7,-9996.87,-9610.69,-9770.25,-9843.89,-9973.68,-10018.21,-10141.32,12142.570000000002,58.06158150249891,
18407.0,3022178.5,1112634.7,-9996.9,-9610.74,-9770.3,-9843.94,-9973.73,-10018.26,-10141.37,12142.54,58.62357441512511,
18408.0,3022178.55,1112633.7,-9996.93,-9610.8,-9770.36,-9843.99,-9973.79,-10018.31,-10141.43,12142.52,,
18409.0,3022178.61,1112632.7,-9996.96,-9610.85,-9770.41,-9844.05,-9973.84,-10018.37,-10141.48,12142.490000000002,62.49140799025836,
18410.0,3022178.66,1112631.7,-9996.99,-9610.91,-9770.47,-9844.1,-9973.9,-10018.42,-10141.54,12142.47,62.05062923525743,
18411.0,3022178.72,1112630.71,-9997.02,-9610.96,-9770.52,-9844.16,-9973.95,-10018.48,-10141.59,12142.44,60.82746819012981,
18412.0,3022178.77,1112629.71,-9997.05,-9611.02,-9770.57,-9844.21,-9974.01,-10018.53,-10141.65,12142.42,55.31773375261806,
18413.0,3022178.82,1112628.71,-9997.08,-9611.07,-9770.63,-9844.27,-9974.06,-10018.59,-10141.7,12142.4,,
18414.0,3022178.88,1112627.71,-9997.11,-9611.13,-9770.68,-9844.32,-9974.12,-10018.64,-10141.76,12142.37,,
18415.0,3022178.93,1112626.71,-9997.14,-9611.18,-9770.74,-9844.38,-9974.17,-10018.7,-10141.81,12142.35,,
18416.0,3022178.99,1112625.71,-9997.17,-9611.23,-9770.79,-9844.43,-9974.23,-10018.75,-10141.87,12142.33,,
18417.0,3022179.04,1112624.72,-9997.2,-9611.29,-9770.85,-9844.49,-9974.28,-10018.81,-10141.92,12142.3,58.62357441512511,
18418.0,3022179.09,1112623.72,-9997.23,-9611.34,-9770.9,-9844.54,-9974.34,-10018.86,-10141.97,12142.28,,
18419.0,3022179.15,1112622.72,-9997.26,-9611.4,-9770.96,-9844.6,-9974.39,-10018.92,-10142.03,12142.25,54.18272845849064,
18420.0,3022179.2,1112621.72,-9997.3,-9611.45,-9771.01,-9844.65,-9974.44,-10018.97,-10142.08,12142.23,54.56840986911645,
18421.0,3022179.25,1112620.72,-9997.33,-9611.51,-9771.07,-9844.7,-9974.5,-10019.02,-10142.14,12142.21,54.83287712211703,
18422.0,3022179.31,1112619.73,-9997.36,-9611.56,-9771.12,-9844.76,-9974.55,-10019.08,-10142.19,12142.18,53.96233908099016,
18423.0,3022179.36,1112618.73,-9997.39,-9611.62,-9771.18,-9844.81,-9974.61,-10019.13,-10142.25,12142.16,58.62357441512511,
18424.0,3022179.41,1112617.73,-9997.42,-9611.67,-9771.23,-9844.87,-9974.66,-10019.19,-10142.3,12142.14,59.3728982986267,
18425.0,3022179.47,1112616.73,-9997.45,-9611.73,-9771.28,-9844.92,-9974.72,-10019.24,-10142.36,12142.12,60.41974784175394,
18426.0,3022179.52,1112615.73,-9997.49,-9611.78,-9771.34,-9844.98,-9974.77,-10019.3,-10142.41,12142.09,58.62357441512511,
18427.0,3022179.57,1112614.74,-9997.52,-9611.84,-9771.39,-9845.03,-9974.83,-10019.35,-10142.47,12142.070000000002,63.03136196513452,
18428.0,3022179.63,1112613.74,-9997.55,-9611.89,-9771.45,-9845.09,-9974.88,-10019.41,-10142.52,12142.05,58.62357441512511,
18429.0,3022179.68,1112612.74,-9997.58,-9611.94,-9771.5,-9845.14,-9974.94,-10019.46,-10142.58,12142.03,58.138717784624085,
18430.0,3022179.73,1112611.74,-9997.62,-9612.0,-9771.56,-9845.2,-9974.99,-10019.52,-10142.63,12142.0,54.87695499761711,
18431.0,3022179.79,1112610.74,-9997.65,-9612.05,-9771.61,-9845.25,-9975.05,-10019.57,-10142.68,12141.98,53.11383997761335,
18432.0,3022179.84,1112609.75,-9997.68,-9612.11,-9771.67,-9845.31,-9975.1,-10019.63,-10142.74,12141.96,57.77507531174829,
18433.0,3022179.89,1112608.75,-9997.71,-9612.16,-9771.72,-9845.36,-9975.15,-10019.68,-10142.79,12141.94,55.31773375261806,
18434.0,3022179.94,1112607.75,-9997.75,-9612.22,-9771.78,-9845.41,-9975.21,-10019.73,-10142.85,12141.92,,
18435.0,3022180.0,1112606.75,-9997.78,-9612.27,-9771.83,-9845.47,-9975.26,-10019.79,-10142.9,12141.9,,
18436.0,3022180.05,1112605.75,-9997.81,-9612.33,-9771.89,-9845.52,-9975.32,-10019.84,-10142.96,12141.88,,
18437.0,3022180.1,1112604.76,-9997.85,-9612.38,-9771.94,-9845.58,-9975.37,-10019.9,-10143.01,12141.85,53.92928067436509,
18438.0,3022180.15,1112603.76,-9997.88,-9612.44,-9771.99,-9845.63,-9975.43,-10019.95,-10143.07,12141.83,54.788799246616925,
18439.0,3022180.21,1112602.76,-9997.91,-9612.49,-9772.05,-9845.69,-9975.48,-10020.01,-10143.12,12141.81,55.31773375261806,
18440.0,3022180.26,1112601.76,-9997.95,-9612.55,-9772.1,-9845.74,-9975.54,-10020.06,-10143.18,12141.79,53.55461873261429,
18441.0,3022180.31,1112600.76,-9997.98,-9612.6,-9772.16,-9845.8,-9975.59,-10020.12,-10143.23,12141.77,51.25154973773439,
18442.0,3022180.36,1112599.76,-9998.01,-9612.65,-9772.21,-9845.85,-9975.64,-10020.17,-10143.28,12141.75,52.915489537862925,
18443.0,3022180.41,1112598.77,-9998.05,-9612.7,-9772.26,-9845.9,-9975.69,-10020.22,-10143.33,12141.740000000002,51.94577627686086,
18444.0,3022180.47,1112597.77,-9998.08,-9612.75,-9772.31,-9845.95,-9975.74,-10020.26,-10143.38,12141.72,48.70605242760395,
18445.0,3022180.52,1112596.77,-9998.11,-9612.8,-9772.36,-9845.99,-9975.79,-10020.31,-10143.43,12141.71,52.10004884111119,
18446.0,3022180.57,1112595.77,-9998.15,-9612.85,-9772.4,-9846.04,-9975.84,-10020.36,-10143.48,12141.69,50.39203116548255,
18447.0,3022180.62,1112594.77,-9998.18,-9612.9,-9772.45,-9846.09,-9975.89,-10020.41,-10143.53,12141.67,49.56557099985579,
18448.0,3022180.67,1112593.78,-9998.22,-9612.94,-9772.5,-9846.14,-9975.94,-10020.46,-10143.58,12141.66,53.11383997761335,
18449.0,3022180.72,1112592.78,-9998.25,-9612.99,-9772.55,-9846.19,-9975.99,-10020.51,-10143.62,12141.64,53.81908598561486,
18450.0,3022180.78,1112591.78,-9998.28,-9613.04,-9772.6,-9846.24,-9976.03,-10020.56,-10143.67,12141.63,54.39209836711608,
18451.0,3022180.83,1112590.78,-9998.32,-9613.09,-9772.65,-9846.29,-9976.08,-10020.61,-10143.72,12141.61,57.73099743624821,
18452.0,3022180.88,1112589.78,-9998.35,-9613.14,-9772.7,-9846.33,-9976.13,-10020.65,-10143.77,12141.6,50.90994620260865,
18453.0,3022180.93,1112588.79,-9998.39,-9613.18,-9772.74,-9846.38,-9976.17,-10020.7,-10143.81,12141.59,,
18454.0,3022180.98,1112587.79,-9998.42,-9613.23,-9772.79,-9846.42,-9976.22,-10020.74,-10143.86,12141.58,58.62357441512511,
18455.0,3022181.03,1112586.79,-9998.45,-9613.27,-9772.83,-9846.47,-9976.26,-10020.79,-10143.9,12141.570000000002,55.31773375261806,
18456.0,3022181.08,1112585.79,-9998.49,-9613.32,-9772.87,-9846.51,-9976.31,-10020.83,-10143.95,12141.56,,
18457.0,3022181.13,1112584.79,-9998.52,-9613.36,-9772.92,-9846.56,-9976.35,-10020.88,-10143.99,12141.55,53.11383997761335,
18458.0,3022181.18,1112583.8,-9998.56,-9613.41,-9772.96,-9846.6,-9976.4,-10020.92,-10144.04,12141.54,,
18459.0,3022181.23,1112582.8,-9998.59,-9613.45,-9773.01,-9846.65,-9976.44,-10020.97,-10144.08,12141.53,,
18460.0,3022181.28,1112581.8,-9998.62,-9613.49,-9773.05,-9846.69,-9976.49,-10021.01,-10144.12,12141.52,54.4471957114912,
18461.0,3022181.33,1112580.8,-9998.66,-9613.54,-9773.1,-9846.74,-9976.53,-10021.06,-10144.17,12141.51,54.8659355287421,
18462.0,3022181.38,1112579.8,-9998.69,-9613.58,-9773.14,-9846.78,-9976.57,-10021.1,-10144.21,12141.5,55.90176560299431,
18463.0,3022181.43,1112578.8,-9998.73,-9613.63,-9773.19,-9846.83,-9976.62,-10021.15,-10144.26,12141.490000000002,59.71450183375244,
18464.0,3022181.48,1112577.81,-9998.76,-9613.67,-9773.23,-9846.87,-9976.66,-10021.19,-10144.3,12141.48,58.62357441512511,
18465.0,3022181.53,1112576.81,-9998.8,-9613.72,-9773.28,-9846.91,-9976.71,-10021.23,-10144.35,12141.47,57.4004133699975,
18466.0,3022181.58,1112575.81,-9998.83,-9613.76,-9773.32,-9846.96,-9976.75,-10021.28,-10144.39,12141.46,53.92928067436509,
18467.0,3022181.63,1112574.81,-9998.86,-9613.81,-9773.37,-9847.0,-9976.8,-10021.32,-10144.44,12141.45,57.268179743497214,
18468.0,3022181.68,1112573.81,-9998.9,-9613.85,-9773.41,-9847.05,-9976.84,-10021.37,-10144.48,12141.44,54.33700102274096,
18469.0,3022181.73,1112572.82,-9998.93,-9613.9,-9773.45,-9847.09,-9976.89,-10021.41,-10144.53,12141.43,53.896222267740015,
18470.0,3022181.78,1112571.82,-9998.97,-9613.94,-9773.5,-9847.14,-9976.93,-10021.46,-10144.57,12141.42,57.98444522037375,
18471.0,3022181.83,1112570.82,-9999.0,-9613.99,-9773.54,-9847.18,-9976.98,-10021.5,-10144.62,12141.41,55.0091886241174,
18472.0,3022181.88,1112569.82,-9999.04,-9614.03,-9773.59,-9847.23,-9977.02,-10021.55,-10144.66,12141.4,53.565638201489314,
18473.0,3022181.93,1112568.82,-9999.07,-9614.07,-9773.63,-9847.27,-9977.07,-10021.59,-10144.71,12141.39,55.31773375261806,
18474.0,3022181.98,1112567.82,-9999.11,-9614.12,-9773.68,-9847.32,-9977.11,-10021.64,-10144.75,12141.38,53.025684226613166,
18475.0,3022182.03,1112566.83,-9999.14,-9614.16,-9773.72,-9847.36,-9977.16,-10021.68,-10144.79,12141.37,53.77500811011476,
18476.0,3022182.08,1112565.83,-9999.18,-9614.21,-9773.77,-9847.41,-9977.2,-10021.73,-10144.84,12141.36,56.95963461499656,
18477.0,3022182.13,1112564.83,-9999.21,-9614.25,-9773.81,-9847.45,-9977.24,-10021.77,-10144.88,12141.35,56.52987532887064,
18478.0,3022182.17,1112563.83,-9999.25,-9614.3,-9773.86,-9847.49,-9977.29,-10021.81,-10144.93,12141.34,58.62357441512511,
18479.0,3022182.22,1112562.83,-9999.28,-9614.34,-9773.9,-9847.54,-9977.33,-10021.86,-10144.97,12141.33,,
18480.0,3022182.27,1112561.84,-9999.32,-9614.39,-9773.95,-9847.58,-9977.38,-10021.9,-10145.02,12141.320000000002,,
18481.0,3022182.32,1112560.84,-9999.35,-9614.43,-9773.99,-9847.63,-9977.42,-10021.95,-10145.06,12141.31,,
18482.0,3022182.37,1112559.84,-9999.39,-9614.48,-9774.03,-9847.67,-9977.47,-10021.99,-10145.11,12141.3,72.66237776190506,
18483.0,3022182.42,1112558.84,-9999.42,-9614.52,-9774.08,-9847.72,-9977.51,-10022.04,-10145.15,12141.29,71.96815122277859,
18484.0,3022182.46,1112557.84,-9999.46,-9614.57,-9774.12,-9847.76,-9977.56,-10022.08,-10145.2,12141.28,59.967949617877984,
18485.0,3022182.51,1112556.84,-9999.49,-9614.61,-9774.17,-9847.81,-9977.6,-10022.13,-10145.24,12141.27,55.31773375261806,
18486.0,3022182.56,1112555.85,-9999.53,-9614.65,-9774.21,-9847.85,-9977.65,-10022.17,-10145.29,12141.26,58.62357441512511,
18487.0,3022182.61,1112554.85,-9999.56,-9614.7,-9774.26,-9847.9,-9977.69,-10022.22,-10145.33,12141.25,60.82746819012981,
18488.0,3022182.66,1112553.85,-9999.6,-9614.74,-9774.3,-9847.94,-9977.74,-10022.26,-10145.37,12141.240000000002,60.463825717254046,
18489.0,3022182.7,1112552.85,-9999.63,-9614.79,-9774.35,-9847.99,-9977.78,-10022.31,-10145.42,12141.23,,
18490.0,3022182.75,1112551.85,-9999.67,-9614.83,-9774.39,-9848.03,-9977.82,-10022.35,-10145.46,12141.22,,
18491.0,3022182.8,1112550.85,-9999.7,-9614.88,-9774.44,-9848.08,-9977.87,-10022.4,-10145.51,12141.21,55.31773375261806,
18492.0,3022182.85,1112549.86,-9999.74,-9614.92,-9774.48,-9848.12,-9977.91,-10022.44,-10145.55,12141.2,57.29021868124726,
18493.0,3022182.89,1112548.86,-9999.77,-9614.97,-9774.53,-9848.16,-9977.96,-10022.48,-10145.6,12141.19,58.62357441512511,
18494.0,3022182.94,1112547.86,-9999.81,-9615.01,-9774.57,-9848.21,-9978.0,-10022.53,-10145.64,12141.18,,
18495.0,3022182.99,1112546.86,-9999.84,-9615.06,-9774.62,-9848.25,-9978.05,-10022.57,-10145.69,12141.18,55.78055144536905,
18496.0,3022183.04,1112545.86,-9999.88,-9615.1,-9774.66,-9848.3,-9978.09,-10022.62,-10145.73,12141.17,53.91826120549006,
18497.0,3022183.08,1112544.87,-9999.91,-9615.15,-9774.7,-9848.34,-9978.14,-10022.66,-10145.78,12141.16,55.31773375261806,
18498.0,3022183.13,1112543.87,-9999.95,-9615.19,-9774.75,-9848.39,-9978.18,-10022.71,-10145.82,12141.15,60.82746819012981,
18499.0,3022183.18,1112542.87,-9999.99,-9615.24,-9774.79,-9848.43,-9978.23,-10022.75,-10145.87,12141.14,60.3536310285038,
18500.0,3022183.22,1112541.87,-10000.02,-9615.28,-9774.84,-9848.48,-9978.27,-10022.8,-10145.91,12141.13,58.62357441512511,
18501.0,3022183.27,1112540.87,-10000.06,-9615.32,-9774.88,-9848.52,-9978.32,-10022.84,-10145.95,12141.12,63.03136196513452,
18502.0,3022183.32,1112539.87,-10000.09,-9615.37,-9774.93,-9848.57,-9978.36,-10022.89,-10146.0,12141.11,64.45287345001255,
18503.0,3022183.36,1112538.88,-10000.13,-9615.41,-9774.97,-9848.61,-9978.4,-10022.93,-10146.04,12141.1,64.2435035413871,
18504.0,3022183.41,1112537.88,-10000.16,-9615.46,-9775.02,-9848.66,-9978.45,-10022.98,-10146.09,12141.09,60.82746819012981,
18505.0,3022183.45,1112536.88,-10000.2,-9615.5,-9775.06,-9848.7,-9978.49,-10023.02,-10146.13,12141.09,,
18506.0,3022183.5,1112535.88,-10000.24,-9615.55,-9775.11,-9848.74,-9978.54,-10023.06,-10146.18,12141.08,63.03136196513452,
18507.0,3022183.55,1112534.88,-10000.27,-9615.59,-9775.15,-9848.79,-9978.58,-10023.11,-10146.22,12141.070000000002,60.82746819012981,
18508.0,3022183.59,1112533.88,-10000.31,-9615.64,-9775.2,-9848.83,-9978.63,-10023.15,-10146.27,12141.06,,
18509.0,3022183.64,1112532.89,-10000.34,-9615.68,-9775.24,-9848.88,-9978.67,-10023.2,-10146.31,12141.05,,
18510.0,3022183.68,1112531.89,-10000.38,-9615.73,-9775.28,-9848.92,-9978.72,-10023.24,-10146.36,12141.04,,
18511.0,3022183.73,1112530.89,-10000.42,-9615.77,-9775.33,-9848.97,-9978.76,-10023.29,-10146.4,12141.03,63.26277081151001,
18512.0,3022183.77,1112529.89,-10000.45,-9615.82,-9775.37,-9849.01,-9978.81,-10023.33,-10146.45,12141.02,63.73660797313602,
18513.0,3022183.82,1112528.89,-10000.49,-9615.86,-9775.42,-9849.06,-9978.85,-10023.38,-10146.49,12141.02,55.31773375261806,
18514.0,3022183.87,1112527.89,-10000.52,-9615.9,-9775.46,-9849.1,-9978.9,-10023.42,-10146.53,12141.01,,
18515.0,3022183.91,1112526.9,-10000.56,-9615.95,-9775.51,-9849.15,-9978.94,-10023.47,-10146.58,12141.0,66.41433890976673,
18516.0,3022183.96,1112525.9,-10000.6,-9615.99,-9775.55,-9849.19,-9978.99,-10023.51,-10146.62,12140.990000000002,69.64304329014863,
18517.0,3022184.0,1112524.9,-10000.63,-9616.04,-9775.6,-9849.24,-9979.03,-10023.56,-10146.67,12140.98,67.26283801314355,
18518.0,3022184.05,1112523.9,-10000.67,-9616.08,-9775.64,-9849.28,-9979.07,-10023.6,-10146.71,12140.97,63.73660797313602,
18519.0,3022184.09,1112522.9,-10000.7,-9616.13,-9775.69,-9849.32,-9979.12,-10023.64,-10146.76,12140.97,55.31773375261806,
18520.0,3022184.14,1112521.9,-10000.74,-9616.17,-9775.73,-9849.37,-9979.16,-10023.69,-10146.8,12140.96,63.03136196513452,
18521.0,3022184.18,1112520.91,-10000.78,-9616.22,-9775.78,-9849.41,-9979.21,-10023.73,-10146.85,12140.95,,
18522.0,3022184.22,1112519.91,-10000.81,-9616.26,-9775.82,-9849.46,-9979.25,-10023.78,-10146.89,12140.94,,
18523.0,3022184.27,1112518.91,-10000.85,-9616.31,-9775.86,-9849.5,-9979.3,-10023.82,-10146.94,12140.93,63.33990709363518,
18524.0,3022184.31,1112517.91,-10000.89,-9616.35,-9775.91,-9849.55,-9979.34,-10023.87,-10146.98,12140.92,65.23525574013922,
18525.0,3022184.36,1112516.91,-10000.92,-9616.4,-9775.95,-9849.59,-9979.39,-10023.91,-10147.03,12140.92,,
18526.0,3022184.4,1112515.91,-10000.96,-9616.44,-9776.0,-9849.64,-9979.43,-10023.96,-10147.07,12140.91,63.36194603138522,
18527.0,3022184.45,1112514.92,-10001.0,-9616.48,-9776.04,-9849.68,-9979.48,-10024.0,-10147.12,12140.9,63.46112125126044,
18528.0,3022184.49,1112513.92,-10001.03,-9616.53,-9776.09,-9849.73,-9979.52,-10024.05,-10147.16,12140.89,65.23525574013922,
18529.0,3022184.53,1112512.92,-10001.07,-9616.57,-9776.13,-9849.77,-9979.57,-10024.09,-10147.2,12140.88,63.03136196513452,
18530.0,3022184.58,1112511.92,-10001.11,-9616.62,-9776.18,-9849.82,-9979.61,-10024.14,-10147.25,12140.88,,
18531.0,3022184.62,1112510.92,-10001.14,-9616.66,-9776.22,-9849.86,-9979.65,-10024.18,-10147.29,12140.87,64.79447698513827,
18532.0,3022184.67,1112509.92,-10001.18,-9616.71,-9776.27,-9849.91,-9979.7,-10024.22,-10147.34,12140.86,64.18840619701199,
18533.0,3022184.71,1112508.93,-10001.22,-9616.75,-9776.31,-9849.95,-9979.74,-10024.27,-10147.38,12140.85,58.62357441512511,
18534.0,3022184.75,1112507.93,-10001.25,-9616.8,-9776.36,-9849.99,-9979.79,-10024.31,-10147.43,12140.84,63.03136196513452,
18535.0,3022184.8,1112506.93,-10001.29,-9616.84,-9776.4,-9850.04,-9979.83,-10024.36,-10147.47,12140.84,,
18536.0,3022184.84,1112505.93,-10001.33,-9616.89,-9776.44,-9850.08,-9979.88,-10024.4,-10147.52,12140.83,,
18537.0,3022184.88,1112504.93,-10001.36,-9616.93,-9776.49,-9850.13,-9979.92,-10024.45,-10147.56,12140.820000000002,,
18538.0,3022184.92,1112503.93,-10001.4,-9616.98,-9776.53,-9850.17,-9979.97,-10024.49,-10147.61,12140.81,,
18539.0,3022184.97,1112502.94,-10001.44,-9617.02,-9776.58,-9850.22,-9980.01,-10024.54,-10147.65,12140.81,58.62357441512511,
18540.0,3022185.01,1112501.94,-10001.47,-9617.06,-9776.62,-9850.26,-9980.06,-10024.58,-10147.7,12140.8,64.27656194801217,
18541.0,3022185.05,1112500.94,-10001.51,-9617.11,-9776.67,-9850.31,-9980.1,-10024.63,-10147.74,12140.79,63.5382575333856,
18542.0,3022185.09,1112499.94,-10001.55,-9617.15,-9776.71,-9850.35,-9980.15,-10024.67,-10147.78,12140.78,63.03136196513452,
18543.0,3022185.14,1112498.94,-10001.59,-9617.2,-9776.76,-9850.4,-9980.19,-10024.72,-10147.83,12140.77,60.82746819012981,
18544.0,3022185.18,1112497.94,-10001.62,-9617.24,-9776.8,-9850.44,-9980.23,-10024.76,-10147.87,12140.77,63.03136196513452,
18545.0,3022185.22,1112496.94,-10001.66,-9617.29,-9776.85,-9850.49,-9980.28,-10024.81,-10147.92,12140.76,,
18546.0,3022185.26,1112495.95,-10001.7,-9617.33,-9776.89,-9850.53,-9980.32,-10024.85,-10147.96,12140.75,58.62357441512511,
18547.0,3022185.3,1112494.95,-10001.73,-9617.38,-9776.94,-9850.57,-9980.37,-10024.89,-10148.01,12140.740000000002,64.65122388976297,
18548.0,3022185.34,1112493.95,-10001.77,-9617.42,-9776.98,-9850.62,-9980.41,-10024.94,-10148.05,12140.740000000002,64.01209469501161,
18549.0,3022185.38,1112492.95,-10001.81,-9617.47,-9777.03,-9850.66,-9980.46,-10024.98,-10148.1,12140.73,67.43914951514392,
18550.0,3022185.42,1112491.95,-10001.84,-9617.51,-9777.07,-9850.71,-9980.5,-10025.03,-10148.14,12140.72,66.70084510051736,
18551.0,3022185.46,1112490.95,-10001.88,-9617.56,-9777.11,-9850.75,-9980.55,-10025.07,-10148.19,12140.71,65.23525574013922,
18552.0,3022185.5,1112489.96,-10001.92,-9617.6,-9777.16,-9850.8,-9980.59,-10025.12,-10148.23,12140.71,,
18553.0,3022185.54,1112488.96,-10001.96,-9617.65,-9777.2,-9850.84,-9980.64,-10025.16,-10148.28,12140.7,66.63472828726721,
18554.0,3022185.58,1112487.96,-10001.99,-9617.69,-9777.25,-9850.89,-9980.68,-10025.21,-10148.32,12140.69,65.57685927526495,
18555.0,3022185.62,1112486.96,-10002.03,-9617.73,-9777.29,-9850.93,-9980.73,-10025.25,-10148.36,12140.68,62.57956374125856,
18556.0,3022185.66,1112485.96,-10002.07,-9617.78,-9777.34,-9850.98,-9980.77,-10025.3,-10148.41,12140.68,,
18557.0,3022185.7,1112484.96,-10002.1,-9617.82,-9777.38,-9851.02,-9980.81,-10025.34,-10148.45,12140.67,58.62357441512511,
18558.0,3022185.74,1112483.96,-10002.14,-9617.87,-9777.43,-9851.07,-9980.86,-10025.39,-10148.5,12140.66,60.17731952650343,
